#>>>>>>>>>>>>>>>>>>>>>>>>>>>>>>>>>>>>>>>>>>>>>>>>>>>>>>>>>>>>
# [SECTION REPORT EMERGING UPBOUND PARTICLES DISTRIBUTION]
# Units are particles/(eV history)
# Energy window (eV), energy bins:
#  0.00000E+00  7.10000E+06   140
#
# Energy (eV) :     e-     : +-2sigma :   photons  : +-2sigma :     e+     : +-2sigma :
   2.53571E+04  0.00000E+00  0.000E+00  1.40455E-08  3.732E-11  0.00000E+00  0.000E+00
   7.60714E+04  3.20637E-12  4.689E-13  6.77357E-08  1.205E-10  3.42927E-14  4.850E-14
   1.26786E+05  1.87549E-10  4.030E-12  5.40607E-08  9.937E-11  2.04042E-12  4.614E-13
   1.77500E+05  1.92050E-10  4.227E-12  3.63800E-08  7.296E-11  2.29761E-12  4.825E-13
   2.28214E+05  1.85928E-10  4.186E-12  3.18763E-08  6.758E-11  2.41764E-12  6.163E-13
   2.78929E+05  1.79300E-10  4.221E-12  3.05771E-08  6.701E-11  2.98347E-12  7.880E-13
   3.29643E+05  1.70135E-10  4.114E-12  2.96474E-08  6.672E-11  2.55481E-12  6.425E-13
   3.80357E+05  1.61788E-10  4.097E-12  2.84533E-08  6.563E-11  2.55481E-12  7.902E-13
   4.31071E+05  1.57002E-10  4.023E-12  2.68412E-08  6.382E-11  2.84630E-12  7.714E-13
   4.81786E+05  1.48683E-10  3.857E-12  2.48122E-08  6.123E-11  2.81200E-12  7.160E-13
   5.32500E+05  1.39441E-10  3.814E-12  2.56351E-08  6.692E-11  3.20637E-12  1.006E-12
   5.83214E+05  1.35443E-10  3.758E-12  1.94907E-08  5.408E-11  2.67483E-12  7.371E-13
   6.33929E+05  1.28088E-10  3.680E-12  1.76240E-08  5.202E-11  2.70913E-12  8.101E-13
   6.84643E+05  1.21912E-10  3.516E-12  1.59368E-08  4.994E-11  2.69198E-12  8.006E-13
   7.35357E+05  1.14251E-10  3.587E-12  1.45300E-08  4.828E-11  2.79486E-12  8.936E-13
   7.86071E+05  1.13084E-10  3.362E-12  1.32787E-08  4.684E-11  2.07471E-12  5.707E-13
   8.36786E+05  1.04835E-10  3.242E-12  1.21946E-08  4.561E-11  2.17759E-12  6.479E-13
   8.87500E+05  9.96547E-11  3.270E-12  1.12436E-08  4.462E-11  1.86895E-12  4.689E-13
   9.38214E+05  9.77891E-11  3.299E-12  1.04473E-08  4.396E-11  1.88610E-12  5.635E-13
   9.88929E+05  9.50097E-11  3.174E-12  9.73396E-09  4.313E-11  2.17759E-12  6.918E-13
   1.03964E+06  8.92142E-11  3.224E-12  9.12080E-09  4.265E-11  2.05756E-12  7.371E-13
   1.09036E+06  8.30227E-11  2.929E-12  8.62167E-09  4.245E-11  2.02327E-12  7.011E-13
   1.14107E+06  8.07594E-11  2.956E-12  8.09855E-09  4.203E-11  1.86895E-12  6.370E-13
   1.19179E+06  7.64916E-11  2.833E-12  7.63358E-09  4.146E-11  1.95469E-12  6.858E-13
   1.24250E+06  7.20662E-11  2.707E-12  7.23743E-09  4.123E-11  1.62890E-12  5.582E-13
   1.29321E+06  7.15706E-11  2.792E-12  6.87883E-09  4.110E-11  1.30312E-12  4.445E-13
   1.34393E+06  6.59278E-11  2.599E-12  6.53722E-09  4.069E-11  1.92039E-12  6.286E-13
   1.39464E+06  6.12811E-11  2.492E-12  6.19138E-09  4.037E-11  2.82915E-12  9.657E-13
   1.44536E+06  5.94636E-11  2.450E-12  5.87356E-09  3.998E-11  1.56032E-12  6.239E-13
   1.49607E+06  6.05952E-11  2.570E-12  5.61785E-09  3.988E-11  1.30312E-12  5.086E-13
   1.54679E+06  5.42854E-11  2.291E-12  5.37979E-09  3.971E-11  1.54317E-12  6.397E-13
   1.59750E+06  5.32566E-11  2.333E-12  5.15288E-09  3.950E-11  1.40600E-12  4.874E-13
   1.64821E+06  5.11133E-11  2.376E-12  4.94205E-09  3.939E-11  1.61176E-12  5.959E-13
   1.69893E+06  4.73754E-11  2.203E-12  4.70001E-09  3.901E-11  1.32027E-12  5.005E-13
   1.74964E+06  4.67067E-11  2.221E-12  4.49741E-09  3.868E-11  1.54317E-12  5.379E-13
   1.80036E+06  4.40319E-11  2.024E-12  4.31879E-09  3.837E-11  1.18310E-12  5.144E-13
   1.85107E+06  4.17000E-11  1.999E-12  4.15912E-09  3.837E-11  1.08022E-12  4.242E-13
   1.90179E+06  3.85793E-11  1.829E-12  3.98401E-09  3.805E-11  8.05879E-13  4.351E-13
   1.95250E+06  3.81678E-11  2.050E-12  3.82751E-09  3.784E-11  8.91611E-13  4.144E-13
   2.00321E+06  3.65046E-11  1.900E-12  3.68498E-09  3.755E-11  9.25904E-13  4.445E-13
   2.05393E+06  3.49443E-11  1.992E-12  3.56752E-09  3.767E-11  6.68708E-13  2.142E-13
   2.10464E+06  3.36755E-11  1.893E-12  3.41499E-09  3.716E-11  4.28659E-13  1.715E-13
   2.15536E+06  3.11549E-11  1.697E-12  3.31307E-09  3.717E-11  6.00123E-13  2.543E-13
   2.20607E+06  3.06406E-11  1.808E-12  3.18147E-09  3.671E-11  7.03001E-13  4.214E-13
   2.25679E+06  2.87716E-11  1.595E-12  3.07177E-09  3.654E-11  6.00123E-13  4.014E-13
   2.30750E+06  2.86859E-11  1.753E-12  2.95665E-09  3.631E-11  4.80098E-13  1.815E-13
   2.35821E+06  2.67483E-11  1.733E-12  2.83863E-09  3.595E-11  7.20147E-13  4.702E-13
   2.40893E+06  2.58053E-11  1.617E-12  2.78112E-09  3.608E-11  3.94366E-13  1.645E-13
   2.45964E+06  2.29247E-11  1.355E-12  2.66821E-09  3.557E-11  4.11513E-13  3.661E-13
   2.51036E+06  2.36448E-11  1.610E-12  2.59977E-09  3.566E-11  2.40049E-13  1.283E-13
   2.56107E+06  2.02327E-11  1.264E-12  2.52016E-09  3.540E-11  3.60074E-13  1.571E-13
   2.61179E+06  2.08671E-11  1.399E-12  2.44418E-09  3.535E-11  3.77220E-13  1.608E-13
   2.66250E+06  1.96326E-11  1.429E-12  2.34458E-09  3.497E-11  4.11513E-13  1.878E-13
   2.71321E+06  1.86895E-11  1.232E-12  2.25595E-09  3.444E-11  4.97245E-13  3.834E-13
   2.76393E+06  1.79008E-11  1.218E-12  2.16605E-09  3.408E-11  1.54317E-13  1.029E-13
   2.81464E+06  1.71121E-11  1.296E-12  2.13921E-09  3.432E-11  4.62952E-13  2.589E-13
   2.86536E+06  1.52431E-11  1.136E-12  2.03423E-09  3.361E-11  4.28659E-13  3.677E-13
   2.91607E+06  1.49688E-11  1.135E-12  2.00093E-09  3.367E-11  1.54317E-13  1.029E-13
   2.96679E+06  1.35456E-11  1.106E-12  1.91645E-09  3.307E-11  1.02878E-13  8.400E-14
   3.01750E+06  1.37514E-11  1.121E-12  1.87916E-09  3.327E-11  5.31537E-13  4.981E-13
   3.06821E+06  1.18824E-11  9.619E-13  1.82444E-09  3.295E-11  1.88610E-13  1.137E-13
   3.11893E+06  1.11280E-11  8.748E-13  1.77587E-09  3.288E-11  1.54317E-13  1.029E-13
   3.16964E+06  1.14023E-11  1.055E-12  1.70341E-09  3.233E-11  1.20025E-13  9.073E-14
   3.22036E+06  1.03564E-11  1.054E-12  1.64372E-09  3.203E-11  1.71464E-13  1.084E-13
   3.27107E+06  1.02707E-11  9.066E-13  1.60428E-09  3.176E-11  8.57318E-14  7.668E-14
   3.32179E+06  9.05328E-12  7.879E-13  1.52471E-09  3.108E-11  1.20025E-13  9.073E-14
   3.37250E+06  9.32762E-12  9.226E-13  1.50375E-09  3.138E-11  1.02878E-13  8.400E-14
   3.42321E+06  9.17330E-12  8.681E-13  1.46709E-09  3.104E-11  2.40049E-13  3.180E-13
   3.47393E+06  8.11023E-12  7.457E-13  1.41116E-09  3.086E-11  8.57318E-14  7.668E-14
   3.52464E+06  7.04716E-12  7.767E-13  1.39084E-09  3.092E-11  5.14391E-14  5.940E-14
   3.57536E+06  7.39008E-12  7.931E-13  1.31101E-09  3.005E-11  6.85855E-14  6.859E-14
   3.62607E+06  6.51562E-12  6.789E-13  1.28063E-09  2.973E-11  3.42927E-14  4.850E-14
   3.67679E+06  5.70974E-12  6.918E-13  1.23485E-09  2.933E-11  3.42927E-14  4.850E-14
   3.72750E+06  6.12125E-12  6.867E-13  1.22734E-09  2.976E-11  1.71464E-14  3.429E-14
   3.77821E+06  5.22964E-12  6.008E-13  1.17785E-09  2.921E-11  5.14391E-14  5.940E-14
   3.82893E+06  5.00674E-12  6.542E-13  1.14596E-09  2.890E-11  5.14391E-14  5.940E-14
   3.87964E+06  4.64666E-12  6.515E-13  1.14869E-09  2.943E-11  1.71464E-14  3.429E-14
   3.93036E+06  4.74954E-12  7.069E-13  1.07911E-09  2.840E-11  1.71464E-14  3.429E-14
   3.98107E+06  4.11513E-12  5.334E-13  1.03113E-09  2.813E-11  1.71464E-14  3.429E-14
   4.03179E+06  3.53215E-12  5.900E-13  1.02511E-09  2.816E-11  3.42927E-14  4.850E-14
   4.08250E+06  3.56644E-12  4.946E-13  9.83601E-10  2.791E-11  1.71464E-14  3.429E-14
   4.13321E+06  3.34354E-12  4.789E-13  9.59631E-10  2.765E-11  5.14391E-14  5.940E-14
   4.18393E+06  2.91488E-12  4.523E-13  8.93223E-10  2.664E-11  1.71464E-14  3.429E-14
   4.23464E+06  3.05205E-12  6.488E-13  8.80980E-10  2.640E-11  0.00000E+00  0.000E+00
   4.28536E+06  2.70913E-12  4.338E-13  8.65634E-10  2.663E-11  1.71464E-14  3.429E-14
   4.33607E+06  2.33191E-12  4.028E-13  8.60233E-10  2.684E-11  0.00000E+00  0.000E+00
   4.38679E+06  2.28047E-12  3.984E-13  8.07679E-10  2.583E-11  0.00000E+00  0.000E+00
   4.43750E+06  1.86895E-12  3.580E-13  8.03513E-10  2.589E-11  0.00000E+00  0.000E+00
   4.48821E+06  1.56032E-12  3.271E-13  7.58212E-10  2.528E-11  0.00000E+00  0.000E+00
   4.53893E+06  1.59461E-12  3.307E-13  7.31361E-10  2.498E-11  0.00000E+00  0.000E+00
   4.58964E+06  1.47459E-12  3.180E-13  7.17318E-10  2.491E-11  0.00000E+00  0.000E+00
   4.64036E+06  1.25168E-12  2.970E-13  6.64456E-10  2.408E-11  0.00000E+00  0.000E+00
   4.69107E+06  9.08757E-13  2.543E-13  6.63153E-10  2.416E-11  0.00000E+00  0.000E+00
   4.74179E+06  1.09737E-12  2.743E-13  6.40314E-10  2.390E-11  0.00000E+00  0.000E+00
   4.79250E+06  8.57318E-13  2.425E-13  6.09210E-10  2.343E-11  0.00000E+00  0.000E+00
   4.84321E+06  6.68708E-13  2.142E-13  5.95665E-10  2.313E-11  0.00000E+00  0.000E+00
   4.89393E+06  5.31537E-13  1.909E-13  5.61252E-10  2.257E-11  0.00000E+00  0.000E+00
   4.94464E+06  4.80098E-13  1.815E-13  5.30611E-10  2.212E-11  0.00000E+00  0.000E+00
   4.99536E+06  5.48684E-13  1.940E-13  5.27508E-10  2.218E-11  0.00000E+00  0.000E+00
   5.04607E+06  2.05756E-13  1.188E-13  4.89906E-10  2.129E-11  0.00000E+00  0.000E+00
   5.09679E+06  3.42927E-13  1.534E-13  4.74526E-10  2.126E-11  0.00000E+00  0.000E+00
   5.14750E+06  1.88610E-13  1.137E-13  4.51944E-10  2.111E-11  0.00000E+00  0.000E+00
   5.19821E+06  2.40049E-13  1.283E-13  4.39924E-10  2.072E-11  0.00000E+00  0.000E+00
   5.24893E+06  2.40049E-13  1.283E-13  4.22606E-10  2.038E-11  0.00000E+00  0.000E+00
   5.29964E+06  1.88610E-13  1.137E-13  3.78146E-10  1.919E-11  0.00000E+00  0.000E+00
   5.35036E+06  1.02878E-13  8.400E-14  3.60348E-10  1.901E-11  0.00000E+00  0.000E+00
   5.40107E+06  1.20025E-13  9.073E-14  3.54758E-10  1.899E-11  0.00000E+00  0.000E+00
   5.45179E+06  5.14391E-14  5.940E-14  3.07503E-10  1.772E-11  0.00000E+00  0.000E+00
   5.50250E+06  3.42927E-14  4.850E-14  2.85847E-10  1.707E-11  0.00000E+00  0.000E+00
   5.55321E+06  0.00000E+00  0.000E+00  2.77805E-10  1.699E-11  0.00000E+00  0.000E+00
   5.60393E+06  1.71464E-14  3.429E-14  2.56201E-10  1.657E-11  0.00000E+00  0.000E+00
   5.65464E+06  0.00000E+00  0.000E+00  2.23880E-10  1.548E-11  0.00000E+00  0.000E+00
   5.70536E+06  0.00000E+00  0.000E+00  2.03047E-10  1.479E-11  0.00000E+00  0.000E+00
   5.75607E+06  0.00000E+00  0.000E+00  1.75373E-10  1.380E-11  0.00000E+00  0.000E+00
   5.80679E+06  0.00000E+00  0.000E+00  1.44921E-10  1.255E-11  0.00000E+00  0.000E+00
   5.85750E+06  0.00000E+00  0.000E+00  1.18876E-10  1.156E-11  0.00000E+00  0.000E+00
   5.90821E+06  0.00000E+00  0.000E+00  8.98984E-11  1.017E-11  0.00000E+00  0.000E+00
   5.95893E+06  0.00000E+00  0.000E+00  4.47177E-11  7.293E-12  0.00000E+00  0.000E+00
   6.00964E+06  0.00000E+00  0.000E+00  2.93203E-12  1.721E-12  0.00000E+00  0.000E+00
   6.06036E+06  0.00000E+00  0.000E+00  0.00000E+00  0.000E+00  0.00000E+00  0.000E+00
   6.11107E+06  0.00000E+00  0.000E+00  0.00000E+00  0.000E+00  0.00000E+00  0.000E+00
   6.16179E+06  0.00000E+00  0.000E+00  0.00000E+00  0.000E+00  0.00000E+00  0.000E+00
   6.21250E+06  0.00000E+00  0.000E+00  0.00000E+00  0.000E+00  0.00000E+00  0.000E+00
   6.26321E+06  0.00000E+00  0.000E+00  0.00000E+00  0.000E+00  0.00000E+00  0.000E+00
   6.31393E+06  0.00000E+00  0.000E+00  0.00000E+00  0.000E+00  0.00000E+00  0.000E+00
   6.36464E+06  0.00000E+00  0.000E+00  0.00000E+00  0.000E+00  0.00000E+00  0.000E+00
   6.41536E+06  0.00000E+00  0.000E+00  0.00000E+00  0.000E+00  0.00000E+00  0.000E+00
   6.46607E+06  0.00000E+00  0.000E+00  0.00000E+00  0.000E+00  0.00000E+00  0.000E+00
   6.51679E+06  0.00000E+00  0.000E+00  0.00000E+00  0.000E+00  0.00000E+00  0.000E+00
   6.56750E+06  0.00000E+00  0.000E+00  0.00000E+00  0.000E+00  0.00000E+00  0.000E+00
   6.61821E+06  0.00000E+00  0.000E+00  0.00000E+00  0.000E+00  0.00000E+00  0.000E+00
   6.66893E+06  0.00000E+00  0.000E+00  0.00000E+00  0.000E+00  0.00000E+00  0.000E+00
   6.71964E+06  0.00000E+00  0.000E+00  0.00000E+00  0.000E+00  0.00000E+00  0.000E+00
   6.77036E+06  0.00000E+00  0.000E+00  0.00000E+00  0.000E+00  0.00000E+00  0.000E+00
   6.82107E+06  0.00000E+00  0.000E+00  0.00000E+00  0.000E+00  0.00000E+00  0.000E+00
   6.87179E+06  0.00000E+00  0.000E+00  0.00000E+00  0.000E+00  0.00000E+00  0.000E+00
   6.92250E+06  0.00000E+00  0.000E+00  0.00000E+00  0.000E+00  0.00000E+00  0.000E+00
   6.97321E+06  0.00000E+00  0.000E+00  0.00000E+00  0.000E+00  0.00000E+00  0.000E+00
   7.02393E+06  0.00000E+00  0.000E+00  0.00000E+00  0.000E+00  0.00000E+00  0.000E+00
   7.07464E+06  0.00000E+00  0.000E+00  0.00000E+00  0.000E+00  0.00000E+00  0.000E+00
