#>>>>>>>>>>>>>>>>>>>>>>>>>>>>>>>>>>>>>>>>>>>>>>>>>>>>>>>>>>>>
# [SECTION REPORT EMERGING ANGULAR PARTICLES DISTRIBUTION]
# Units are particles/(sr history)
# Polar angle minimum, maximum, polar bins:
#  0.00000E+00  1.80000E+02    45
# Azimuthal angle minimum, maximum, azimuthal bins:
#  0.00000E+00  3.60000E+02    18
#
# theta (deg) :  phi (deg) :     e-     : +-2sigma :   photons  : +-2sigma :     e+     : +-2sigma :
   2.00000E+00  1.00000E+01  3.76041E-01  5.429E-03  2.68761E+01  4.539E-02  1.61197E-01  3.555E-03
   2.00000E+00  3.00000E+01  3.79353E-01  5.453E-03  2.68823E+01  4.539E-02  1.63627E-01  3.581E-03
   2.00000E+00  5.00000E+01  3.74825E-01  5.421E-03  2.68521E+01  4.537E-02  1.60393E-01  3.546E-03
   2.00000E+00  7.00000E+01  3.78844E-01  5.449E-03  2.68876E+01  4.540E-02  1.62706E-01  3.571E-03
   2.00000E+00  9.00000E+01  3.74218E-01  5.416E-03  2.68748E+01  4.538E-02  1.61452E-01  3.558E-03
   2.00000E+00  1.10000E+02  3.72317E-01  5.402E-03  2.68961E+01  4.540E-02  1.62255E-01  3.566E-03
   2.00000E+00  1.30000E+02  3.74375E-01  5.417E-03  2.68981E+01  4.540E-02  1.60177E-01  3.544E-03
   2.00000E+00  1.50000E+02  3.74943E-01  5.421E-03  2.69144E+01  4.542E-02  1.60471E-01  3.547E-03
   2.00000E+00  1.70000E+02  3.80314E-01  5.460E-03  2.69125E+01  4.542E-02  1.63647E-01  3.582E-03
   2.00000E+00  1.90000E+02  3.74551E-01  5.418E-03  2.68980E+01  4.540E-02  1.61275E-01  3.556E-03
   2.00000E+00  2.10000E+02  3.79824E-01  5.457E-03  2.69424E+01  4.544E-02  1.65450E-01  3.601E-03
   2.00000E+00  2.30000E+02  3.70219E-01  5.387E-03  2.68775E+01  4.539E-02  1.60785E-01  3.550E-03
   2.00000E+00  2.50000E+02  3.77217E-01  5.437E-03  2.69011E+01  4.541E-02  1.61177E-01  3.555E-03
   2.00000E+00  2.70000E+02  3.79294E-01  5.453E-03  2.68856E+01  4.539E-02  1.61726E-01  3.561E-03
   2.00000E+00  2.90000E+02  3.73728E-01  5.412E-03  2.68847E+01  4.539E-02  1.58962E-01  3.530E-03
   2.00000E+00  3.10000E+02  3.74022E-01  5.414E-03  2.68817E+01  4.539E-02  1.60491E-01  3.547E-03
   2.00000E+00  3.30000E+02  3.79804E-01  5.456E-03  2.68815E+01  4.539E-02  1.59609E-01  3.537E-03
   2.00000E+00  3.50000E+02  3.75374E-01  5.425E-03  2.68990E+01  4.540E-02  1.61844E-01  3.562E-03

   6.00000E+00  1.00000E+01  2.56906E-01  2.593E-03  5.99036E+00  1.245E-02  1.07652E-01  1.678E-03
   6.00000E+00  3.00000E+01  2.58883E-01  2.602E-03  5.98909E+00  1.244E-02  1.07718E-01  1.679E-03
   6.00000E+00  5.00000E+01  2.55735E-01  2.586E-03  5.98841E+00  1.244E-02  1.08405E-01  1.684E-03
   6.00000E+00  7.00000E+01  2.58104E-01  2.599E-03  5.99242E+00  1.245E-02  1.07823E-01  1.680E-03
   6.00000E+00  9.00000E+01  2.56860E-01  2.592E-03  5.99898E+00  1.245E-02  1.06795E-01  1.672E-03
   6.00000E+00  1.10000E+02  2.61101E-01  2.614E-03  5.98331E+00  1.244E-02  1.08045E-01  1.682E-03
   6.00000E+00  1.30000E+02  2.57966E-01  2.598E-03  5.98675E+00  1.244E-02  1.08189E-01  1.683E-03
   6.00000E+00  1.50000E+02  2.58843E-01  2.602E-03  5.99503E+00  1.245E-02  1.08745E-01  1.687E-03
   6.00000E+00  1.70000E+02  2.57960E-01  2.598E-03  5.99482E+00  1.245E-02  1.06252E-01  1.668E-03
   6.00000E+00  1.90000E+02  2.59164E-01  2.604E-03  5.99844E+00  1.245E-02  1.07129E-01  1.674E-03
   6.00000E+00  2.10000E+02  2.57652E-01  2.596E-03  5.99410E+00  1.245E-02  1.08647E-01  1.686E-03
   6.00000E+00  2.30000E+02  2.57809E-01  2.597E-03  5.99119E+00  1.244E-02  1.07338E-01  1.676E-03
   6.00000E+00  2.50000E+02  2.57449E-01  2.595E-03  5.99344E+00  1.245E-02  1.07070E-01  1.674E-03
   6.00000E+00  2.70000E+02  2.57456E-01  2.595E-03  5.98635E+00  1.244E-02  1.07476E-01  1.677E-03
   6.00000E+00  2.90000E+02  2.56422E-01  2.590E-03  5.99284E+00  1.245E-02  1.06723E-01  1.671E-03
   6.00000E+00  3.10000E+02  2.57646E-01  2.596E-03  5.99404E+00  1.245E-02  1.08163E-01  1.682E-03
   6.00000E+00  3.30000E+02  2.55591E-01  2.586E-03  5.99446E+00  1.245E-02  1.08536E-01  1.685E-03
   6.00000E+00  3.50000E+02  2.60178E-01  2.609E-03  5.98559E+00  1.244E-02  1.09295E-01  1.691E-03

   1.00000E+01  1.00000E+01  1.53649E-01  1.556E-03  8.06030E-01  3.585E-03  6.27298E-02  9.941E-04
   1.00000E+01  3.00000E+01  1.54619E-01  1.561E-03  8.05762E-01  3.586E-03  6.32735E-02  9.984E-04
   1.00000E+01  5.00000E+01  1.54441E-01  1.560E-03  8.06100E-01  3.586E-03  6.30056E-02  9.963E-04
   1.00000E+01  7.00000E+01  1.54386E-01  1.559E-03  8.07026E-01  3.588E-03  6.38092E-02  1.003E-03
   1.00000E+01  9.00000E+01  1.54335E-01  1.559E-03  8.06301E-01  3.587E-03  6.38289E-02  1.003E-03
   1.00000E+01  1.10000E+02  1.54607E-01  1.560E-03  8.07310E-01  3.589E-03  6.25132E-02  9.924E-04
   1.00000E+01  1.30000E+02  1.53409E-01  1.555E-03  8.07692E-01  3.590E-03  6.39038E-02  1.003E-03
   1.00000E+01  1.50000E+02  1.54099E-01  1.558E-03  8.08094E-01  3.590E-03  6.29662E-02  9.959E-04
   1.00000E+01  1.70000E+02  1.54957E-01  1.562E-03  8.06325E-01  3.587E-03  6.22059E-02  9.899E-04
   1.00000E+01  1.90000E+02  1.53752E-01  1.556E-03  8.09374E-01  3.593E-03  6.32341E-02  9.981E-04
   1.00000E+01  2.10000E+02  1.54875E-01  1.562E-03  8.07030E-01  3.587E-03  6.31632E-02  9.975E-04
   1.00000E+01  2.30000E+02  1.53114E-01  1.553E-03  8.04895E-01  3.582E-03  6.23950E-02  9.914E-04
   1.00000E+01  2.50000E+02  1.53890E-01  1.557E-03  8.08062E-01  3.590E-03  6.32577E-02  9.983E-04
   1.00000E+01  2.70000E+02  1.54039E-01  1.558E-03  8.05939E-01  3.586E-03  6.27220E-02  9.940E-04
   1.00000E+01  2.90000E+02  1.55056E-01  1.563E-03  8.07452E-01  3.588E-03  6.26786E-02  9.937E-04
   1.00000E+01  3.10000E+02  1.52704E-01  1.551E-03  8.07700E-01  3.590E-03  6.45222E-02  1.008E-03
   1.00000E+01  3.30000E+02  1.53736E-01  1.556E-03  8.08173E-01  3.591E-03  6.30489E-02  9.966E-04
   1.00000E+01  3.50000E+02  1.53669E-01  1.556E-03  8.07077E-01  3.589E-03  6.36201E-02  1.001E-03

   1.40000E+01  1.00000E+01  9.80327E-02  1.053E-03  5.31565E-01  2.468E-03  3.89077E-02  6.633E-04
   1.40000E+01  3.00000E+01  9.81486E-02  1.054E-03  5.33706E-01  2.471E-03  3.90943E-02  6.649E-04
   1.40000E+01  5.00000E+01  9.74050E-02  1.049E-03  5.34107E-01  2.474E-03  3.89020E-02  6.632E-04
   1.40000E+01  7.00000E+01  9.72721E-02  1.049E-03  5.32812E-01  2.470E-03  3.92244E-02  6.660E-04
   1.40000E+01  9.00000E+01  9.72975E-02  1.049E-03  5.30389E-01  2.465E-03  3.97418E-02  6.704E-04
   1.40000E+01  1.10000E+02  9.82645E-02  1.054E-03  5.33465E-01  2.472E-03  3.91622E-02  6.655E-04
   1.40000E+01  1.30000E+02  9.73173E-02  1.049E-03  5.32792E-01  2.470E-03  3.93262E-02  6.669E-04
   1.40000E+01  1.50000E+02  9.75181E-02  1.050E-03  5.35512E-01  2.476E-03  3.96994E-02  6.700E-04
   1.40000E+01  1.70000E+02  9.80864E-02  1.053E-03  5.30578E-01  2.465E-03  3.94845E-02  6.682E-04
   1.40000E+01  1.90000E+02  9.78659E-02  1.052E-03  5.31995E-01  2.468E-03  3.94817E-02  6.682E-04
   1.40000E+01  2.10000E+02  9.78432E-02  1.052E-03  5.34011E-01  2.473E-03  3.93205E-02  6.668E-04
   1.40000E+01  2.30000E+02  9.80299E-02  1.053E-03  5.32623E-01  2.471E-03  3.94732E-02  6.681E-04
   1.40000E+01  2.50000E+02  9.77754E-02  1.051E-03  5.32470E-01  2.469E-03  3.96514E-02  6.696E-04
   1.40000E+01  2.70000E+02  9.77273E-02  1.051E-03  5.34302E-01  2.473E-03  3.96627E-02  6.697E-04
   1.40000E+01  2.90000E+02  9.70883E-02  1.048E-03  5.31240E-01  2.466E-03  3.97758E-02  6.707E-04
   1.40000E+01  3.10000E+02  9.82363E-02  1.054E-03  5.31887E-01  2.468E-03  3.94845E-02  6.682E-04
   1.40000E+01  3.30000E+02  9.71109E-02  1.048E-03  5.34687E-01  2.475E-03  3.95071E-02  6.684E-04
   1.40000E+01  3.50000E+02  9.73682E-02  1.049E-03  5.30980E-01  2.465E-03  3.93488E-02  6.670E-04

   1.80000E+01  1.00000E+01  6.50660E-02  7.591E-04  3.80368E-01  1.846E-03  2.64642E-02  4.840E-04
   1.80000E+01  3.00000E+01  6.53382E-02  7.607E-04  3.80485E-01  1.846E-03  2.60348E-02  4.801E-04
   1.80000E+01  5.00000E+01  6.49575E-02  7.585E-04  3.79673E-01  1.843E-03  2.61543E-02  4.812E-04
   1.80000E+01  7.00000E+01  6.56349E-02  7.624E-04  3.80700E-01  1.847E-03  2.61477E-02  4.811E-04
   1.80000E+01  9.00000E+01  6.51766E-02  7.596E-04  3.79301E-01  1.843E-03  2.56850E-02  4.769E-04
   1.80000E+01  1.10000E+02  6.56681E-02  7.625E-04  3.80474E-01  1.846E-03  2.58400E-02  4.783E-04
   1.80000E+01  1.30000E+02  6.53759E-02  7.609E-04  3.78838E-01  1.843E-03  2.62384E-02  4.820E-04
   1.80000E+01  1.50000E+02  6.50394E-02  7.590E-04  3.78604E-01  1.841E-03  2.57448E-02  4.774E-04
   1.80000E+01  1.70000E+02  6.54246E-02  7.613E-04  3.78143E-01  1.840E-03  2.60636E-02  4.804E-04
   1.80000E+01  1.90000E+02  6.50571E-02  7.590E-04  3.80682E-01  1.846E-03  2.60813E-02  4.805E-04
   1.80000E+01  2.10000E+02  6.54356E-02  7.611E-04  3.80264E-01  1.845E-03  2.61831E-02  4.815E-04
   1.80000E+01  2.30000E+02  6.56371E-02  7.623E-04  3.79549E-01  1.843E-03  2.58555E-02  4.784E-04
   1.80000E+01  2.50000E+02  6.49464E-02  7.583E-04  3.78623E-01  1.842E-03  2.58156E-02  4.781E-04
   1.80000E+01  2.70000E+02  6.45657E-02  7.560E-04  3.77986E-01  1.840E-03  2.61410E-02  4.811E-04
   1.80000E+01  2.90000E+02  6.51058E-02  7.592E-04  3.79589E-01  1.844E-03  2.62539E-02  4.821E-04
   1.80000E+01  3.10000E+02  6.51766E-02  7.598E-04  3.77723E-01  1.839E-03  2.61610E-02  4.812E-04
   1.80000E+01  3.30000E+02  6.50482E-02  7.590E-04  3.77267E-01  1.838E-03  2.58732E-02  4.786E-04
   1.80000E+01  3.50000E+02  6.50327E-02  7.588E-04  3.80084E-01  1.845E-03  2.55389E-02  4.755E-04

   2.20000E+01  1.00000E+01  4.56279E-02  5.773E-04  2.89731E-01  1.462E-03  1.78571E-02  3.611E-04
   2.20000E+01  3.00000E+01  4.57832E-02  5.783E-04  2.88024E-01  1.457E-03  1.78790E-02  3.613E-04
   2.20000E+01  5.00000E+01  4.54307E-02  5.762E-04  2.88168E-01  1.458E-03  1.74572E-02  3.571E-04
   2.20000E+01  7.00000E+01  4.57448E-02  5.781E-04  2.89145E-01  1.460E-03  1.76325E-02  3.588E-04
   2.20000E+01  9.00000E+01  4.57010E-02  5.779E-04  2.88499E-01  1.458E-03  1.77622E-02  3.602E-04
   2.20000E+01  1.10000E+02  4.58635E-02  5.789E-04  2.88073E-01  1.457E-03  1.77676E-02  3.602E-04
   2.20000E+01  1.30000E+02  4.53960E-02  5.760E-04  2.87704E-01  1.456E-03  1.75741E-02  3.583E-04
   2.20000E+01  1.50000E+02  4.51313E-02  5.742E-04  2.86636E-01  1.454E-03  1.80269E-02  3.628E-04
   2.20000E+01  1.70000E+02  4.57046E-02  5.778E-04  2.88752E-01  1.459E-03  1.79922E-02  3.625E-04
   2.20000E+01  1.90000E+02  4.55421E-02  5.768E-04  2.89293E-01  1.461E-03  1.79028E-02  3.616E-04
   2.20000E+01  2.10000E+02  4.54581E-02  5.763E-04  2.88641E-01  1.459E-03  1.80105E-02  3.627E-04
   2.20000E+01  2.30000E+02  4.47332E-02  5.717E-04  2.88354E-01  1.458E-03  1.79630E-02  3.622E-04
   2.20000E+01  2.50000E+02  4.53230E-02  5.755E-04  2.88281E-01  1.458E-03  1.76745E-02  3.593E-04
   2.20000E+01  2.70000E+02  4.52719E-02  5.751E-04  2.88270E-01  1.458E-03  1.76928E-02  3.595E-04
   2.20000E+01  2.90000E+02  4.58854E-02  5.791E-04  2.88495E-01  1.459E-03  1.79995E-02  3.626E-04
   2.20000E+01  3.10000E+02  4.55531E-02  5.770E-04  2.90056E-01  1.463E-03  1.79283E-02  3.618E-04
   2.20000E+01  3.30000E+02  4.55513E-02  5.769E-04  2.88241E-01  1.458E-03  1.81365E-02  3.639E-04
   2.20000E+01  3.50000E+02  4.54764E-02  5.764E-04  2.89081E-01  1.460E-03  1.76562E-02  3.591E-04

   2.60000E+01  1.00000E+01  3.26759E-02  4.517E-04  2.29951E-01  1.203E-03  1.26319E-02  2.808E-04
   2.60000E+01  3.00000E+01  3.27898E-02  4.525E-04  2.30604E-01  1.205E-03  1.27036E-02  2.816E-04
   2.60000E+01  5.00000E+01  3.26322E-02  4.514E-04  2.29961E-01  1.203E-03  1.23837E-02  2.780E-04
   2.60000E+01  7.00000E+01  3.26790E-02  4.517E-04  2.30206E-01  1.203E-03  1.27567E-02  2.822E-04
   2.60000E+01  9.00000E+01  3.25885E-02  4.511E-04  2.30788E-01  1.205E-03  1.25585E-02  2.800E-04
   2.60000E+01  1.10000E+02  3.26493E-02  4.515E-04  2.31011E-01  1.206E-03  1.25960E-02  2.804E-04
   2.60000E+01  1.30000E+02  3.25432E-02  4.508E-04  2.30003E-01  1.203E-03  1.24430E-02  2.787E-04
   2.60000E+01  1.50000E+02  3.27430E-02  4.521E-04  2.30309E-01  1.204E-03  1.25507E-02  2.799E-04
   2.60000E+01  1.70000E+02  3.27320E-02  4.520E-04  2.29570E-01  1.202E-03  1.24508E-02  2.788E-04
   2.60000E+01  1.90000E+02  3.30410E-02  4.542E-04  2.30107E-01  1.203E-03  1.26100E-02  2.805E-04
   2.60000E+01  2.10000E+02  3.30441E-02  4.542E-04  2.30541E-01  1.205E-03  1.25445E-02  2.798E-04
   2.60000E+01  2.30000E+02  3.29895E-02  4.539E-04  2.29461E-01  1.202E-03  1.25788E-02  2.802E-04
   2.60000E+01  2.50000E+02  3.28974E-02  4.532E-04  2.30655E-01  1.205E-03  1.24945E-02  2.792E-04
   2.60000E+01  2.70000E+02  3.26072E-02  4.512E-04  2.30151E-01  1.204E-03  1.25086E-02  2.794E-04
   2.60000E+01  2.90000E+02  3.27820E-02  4.524E-04  2.30379E-01  1.204E-03  1.25616E-02  2.800E-04
   2.60000E+01  3.10000E+02  3.27414E-02  4.521E-04  2.30886E-01  1.205E-03  1.25928E-02  2.803E-04
   2.60000E+01  3.30000E+02  3.29833E-02  4.538E-04  2.30046E-01  1.203E-03  1.26755E-02  2.813E-04
   2.60000E+01  3.50000E+02  3.23825E-02  4.498E-04  2.29478E-01  1.202E-03  1.25257E-02  2.796E-04

   3.00000E+01  1.00000E+01  2.41513E-02  3.636E-04  1.90593E-01  1.025E-03  9.16226E-03  2.239E-04
   3.00000E+01  3.00000E+01  2.37176E-02  3.603E-04  1.90052E-01  1.023E-03  9.01040E-03  2.220E-04
   3.00000E+01  5.00000E+01  2.41062E-02  3.633E-04  1.90648E-01  1.025E-03  8.80928E-03  2.196E-04
   3.00000E+01  7.00000E+01  2.39434E-02  3.620E-04  1.89774E-01  1.022E-03  9.02955E-03  2.223E-04
   3.00000E+01  9.00000E+01  2.41267E-02  3.634E-04  1.90285E-01  1.024E-03  9.03776E-03  2.224E-04
   3.00000E+01  1.10000E+02  2.42840E-02  3.646E-04  1.90814E-01  1.025E-03  8.85443E-03  2.201E-04
   3.00000E+01  1.30000E+02  2.38927E-02  3.616E-04  1.89523E-01  1.022E-03  8.92831E-03  2.210E-04
   3.00000E+01  1.50000E+02  2.41691E-02  3.638E-04  1.91528E-01  1.027E-03  8.86264E-03  2.202E-04
   3.00000E+01  1.70000E+02  2.41007E-02  3.632E-04  1.90294E-01  1.024E-03  9.02818E-03  2.223E-04
   3.00000E+01  1.90000E+02  2.42512E-02  3.644E-04  1.90329E-01  1.024E-03  8.73404E-03  2.186E-04
   3.00000E+01  2.10000E+02  2.42895E-02  3.647E-04  1.90555E-01  1.025E-03  9.12532E-03  2.235E-04
   3.00000E+01  2.30000E+02  2.36957E-02  3.601E-04  1.89792E-01  1.023E-03  9.20604E-03  2.244E-04
   3.00000E+01  2.50000E+02  2.42142E-02  3.642E-04  1.90135E-01  1.024E-03  8.91463E-03  2.209E-04
   3.00000E+01  2.70000E+02  2.38449E-02  3.613E-04  1.89195E-01  1.021E-03  9.01724E-03  2.221E-04
   3.00000E+01  2.90000E+02  2.39269E-02  3.620E-04  1.90630E-01  1.025E-03  9.01040E-03  2.220E-04
   3.00000E+01  3.10000E+02  2.38079E-02  3.611E-04  1.89861E-01  1.023E-03  8.93241E-03  2.211E-04
   3.00000E+01  3.30000E+02  2.39652E-02  3.622E-04  1.90119E-01  1.024E-03  8.88727E-03  2.205E-04
   3.00000E+01  3.50000E+02  2.41718E-02  3.638E-04  1.90269E-01  1.024E-03  8.95020E-03  2.213E-04

   3.40000E+01  1.00000E+01  1.82332E-02  2.988E-04  1.61453E-01  8.916E-04  6.51893E-03  1.786E-04
   3.40000E+01  3.00000E+01  1.82283E-02  2.988E-04  1.60571E-01  8.889E-04  6.70487E-03  1.811E-04
   3.40000E+01  5.00000E+01  1.81060E-02  2.977E-04  1.60713E-01  8.893E-04  6.70609E-03  1.811E-04
   3.40000E+01  7.00000E+01  1.80656E-02  2.974E-04  1.60995E-01  8.900E-04  6.59355E-03  1.796E-04
   3.40000E+01  9.00000E+01  1.80350E-02  2.972E-04  1.60420E-01  8.886E-04  6.59600E-03  1.796E-04
   3.40000E+01  1.10000E+02  1.82601E-02  2.990E-04  1.61306E-01  8.908E-04  6.50425E-03  1.784E-04
   3.40000E+01  1.30000E+02  1.81476E-02  2.980E-04  1.60557E-01  8.889E-04  6.54217E-03  1.789E-04
   3.40000E+01  1.50000E+02  1.82882E-02  2.992E-04  1.60943E-01  8.900E-04  6.53361E-03  1.788E-04
   3.40000E+01  1.70000E+02  1.78099E-02  2.952E-04  1.60749E-01  8.897E-04  6.79295E-03  1.823E-04
   3.40000E+01  1.90000E+02  1.80436E-02  2.973E-04  1.60535E-01  8.889E-04  6.47122E-03  1.779E-04
   3.40000E+01  2.10000E+02  1.82112E-02  2.985E-04  1.60610E-01  8.891E-04  6.52749E-03  1.787E-04
   3.40000E+01  2.30000E+02  1.78833E-02  2.959E-04  1.61727E-01  8.923E-04  6.47489E-03  1.780E-04
   3.40000E+01  2.50000E+02  1.79653E-02  2.966E-04  1.61339E-01  8.908E-04  6.64004E-03  1.802E-04
   3.40000E+01  2.70000E+02  1.82405E-02  2.989E-04  1.60393E-01  8.887E-04  6.43208E-03  1.774E-04
   3.40000E+01  2.90000E+02  1.81891E-02  2.984E-04  1.61274E-01  8.907E-04  6.45287E-03  1.777E-04
   3.40000E+01  3.10000E+02  1.80558E-02  2.973E-04  1.60771E-01  8.892E-04  6.64493E-03  1.803E-04
   3.40000E+01  3.30000E+02  1.81684E-02  2.982E-04  1.61422E-01  8.914E-04  6.43452E-03  1.774E-04
   3.40000E+01  3.50000E+02  1.78943E-02  2.959E-04  1.61185E-01  8.905E-04  6.62046E-03  1.800E-04

   3.80000E+01  1.00000E+01  1.38520E-02  2.482E-04  1.38033E-01  7.853E-04  4.77103E-03  1.456E-04
   3.80000E+01  3.00000E+01  1.39520E-02  2.491E-04  1.38645E-01  7.868E-04  4.76770E-03  1.456E-04
   3.80000E+01  5.00000E+01  1.34520E-02  2.446E-04  1.38183E-01  7.858E-04  4.92325E-03  1.479E-04
   3.80000E+01  7.00000E+01  1.35653E-02  2.455E-04  1.38681E-01  7.871E-04  4.98769E-03  1.489E-04
   3.80000E+01  9.00000E+01  1.35920E-02  2.459E-04  1.38365E-01  7.863E-04  4.74437E-03  1.452E-04
   3.80000E+01  1.10000E+02  1.35098E-02  2.451E-04  1.38422E-01  7.863E-04  4.79103E-03  1.459E-04
   3.80000E+01  1.30000E+02  1.37631E-02  2.474E-04  1.39042E-01  7.878E-04  4.76214E-03  1.455E-04
   3.80000E+01  1.50000E+02  1.37198E-02  2.471E-04  1.38335E-01  7.861E-04  4.87214E-03  1.471E-04
   3.80000E+01  1.70000E+02  1.39253E-02  2.488E-04  1.37963E-01  7.849E-04  4.85325E-03  1.469E-04
   3.80000E+01  1.90000E+02  1.37787E-02  2.475E-04  1.38518E-01  7.865E-04  4.77214E-03  1.456E-04
   3.80000E+01  2.10000E+02  1.36520E-02  2.464E-04  1.38279E-01  7.861E-04  4.78659E-03  1.458E-04
   3.80000E+01  2.30000E+02  1.37664E-02  2.473E-04  1.38461E-01  7.866E-04  4.81881E-03  1.463E-04
   3.80000E+01  2.50000E+02  1.35887E-02  2.458E-04  1.37660E-01  7.842E-04  4.92103E-03  1.479E-04
   3.80000E+01  2.70000E+02  1.37831E-02  2.475E-04  1.38232E-01  7.856E-04  4.77436E-03  1.457E-04
   3.80000E+01  2.90000E+02  1.37798E-02  2.475E-04  1.38264E-01  7.860E-04  4.60215E-03  1.430E-04
   3.80000E+01  3.10000E+02  1.37209E-02  2.471E-04  1.38411E-01  7.864E-04  4.80659E-03  1.462E-04
   3.80000E+01  3.30000E+02  1.38820E-02  2.484E-04  1.38445E-01  7.863E-04  4.84214E-03  1.467E-04
   3.80000E+01  3.50000E+02  1.38675E-02  2.483E-04  1.38131E-01  7.855E-04  4.94770E-03  1.483E-04

   4.20000E+01  1.00000E+01  1.03866E-02  2.061E-04  1.19959E-01  7.018E-04  3.48198E-03  1.193E-04
   4.20000E+01  3.00000E+01  1.06095E-02  2.084E-04  1.20038E-01  7.022E-04  3.51060E-03  1.198E-04
   4.20000E+01  5.00000E+01  1.05267E-02  2.075E-04  1.20478E-01  7.032E-04  3.68542E-03  1.228E-04
   4.20000E+01  7.00000E+01  1.03918E-02  2.062E-04  1.20458E-01  7.034E-04  3.62408E-03  1.217E-04
   4.20000E+01  9.00000E+01  1.06361E-02  2.087E-04  1.20643E-01  7.038E-04  3.55865E-03  1.206E-04
   4.20000E+01  1.10000E+02  1.06085E-02  2.083E-04  1.20826E-01  7.045E-04  3.61590E-03  1.216E-04
   4.20000E+01  1.30000E+02  1.06207E-02  2.084E-04  1.19926E-01  7.019E-04  3.66088E-03  1.223E-04
   4.20000E+01  1.50000E+02  1.03447E-02  2.057E-04  1.20059E-01  7.023E-04  3.60159E-03  1.214E-04
   4.20000E+01  1.70000E+02  1.04388E-02  2.066E-04  1.20420E-01  7.031E-04  3.50651E-03  1.197E-04
   4.20000E+01  1.90000E+02  1.04960E-02  2.072E-04  1.19509E-01  7.006E-04  3.50447E-03  1.197E-04
   4.20000E+01  2.10000E+02  1.07097E-02  2.093E-04  1.20019E-01  7.021E-04  3.63635E-03  1.219E-04
   4.20000E+01  2.30000E+02  1.05686E-02  2.079E-04  1.20300E-01  7.030E-04  3.52696E-03  1.201E-04
   4.20000E+01  2.50000E+02  1.04602E-02  2.069E-04  1.19760E-01  7.014E-04  3.52900E-03  1.201E-04
   4.20000E+01  2.70000E+02  1.04838E-02  2.070E-04  1.20431E-01  7.034E-04  3.64146E-03  1.220E-04
   4.20000E+01  2.90000E+02  1.05788E-02  2.081E-04  1.20305E-01  7.029E-04  3.52287E-03  1.200E-04
   4.20000E+01  3.10000E+02  1.05676E-02  2.080E-04  1.20484E-01  7.036E-04  3.60363E-03  1.214E-04
   4.20000E+01  3.30000E+02  1.04633E-02  2.069E-04  1.20361E-01  7.031E-04  3.51674E-03  1.199E-04
   4.20000E+01  3.50000E+02  1.02670E-02  2.049E-04  1.19784E-01  7.014E-04  3.56172E-03  1.207E-04

   4.60000E+01  1.00000E+01  8.13063E-03  1.760E-04  1.04896E-01  6.329E-04  2.64459E-03  1.003E-04
   4.60000E+01  3.00000E+01  8.18579E-03  1.765E-04  1.05262E-01  6.340E-04  2.68263E-03  1.010E-04
   4.60000E+01  5.00000E+01  8.17723E-03  1.764E-04  1.04507E-01  6.316E-04  2.61131E-03  9.966E-05
   4.60000E+01  7.00000E+01  8.04600E-03  1.750E-04  1.04571E-01  6.319E-04  2.62653E-03  9.995E-05
   4.60000E+01  9.00000E+01  8.05075E-03  1.750E-04  1.05161E-01  6.337E-04  2.60465E-03  9.953E-05
   4.60000E+01  1.10000E+02  8.10876E-03  1.757E-04  1.04760E-01  6.325E-04  2.69880E-03  1.013E-04
   4.60000E+01  1.30000E+02  8.13443E-03  1.759E-04  1.04976E-01  6.332E-04  2.63413E-03  1.001E-04
   4.60000E+01  1.50000E+02  8.29039E-03  1.776E-04  1.04553E-01  6.318E-04  2.66171E-03  1.006E-04
   4.60000E+01  1.70000E+02  8.10020E-03  1.756E-04  1.05169E-01  6.339E-04  2.70926E-03  1.015E-04
   4.60000E+01  1.90000E+02  8.19149E-03  1.766E-04  1.04272E-01  6.310E-04  2.60465E-03  9.953E-05
   4.60000E+01  2.10000E+02  8.19434E-03  1.766E-04  1.05082E-01  6.335E-04  2.67407E-03  1.009E-04
   4.60000E+01  2.30000E+02  8.12112E-03  1.758E-04  1.05349E-01  6.343E-04  2.58944E-03  9.924E-05
   4.60000E+01  2.50000E+02  8.38929E-03  1.787E-04  1.04509E-01  6.316E-04  2.65220E-03  1.004E-04
   4.60000E+01  2.70000E+02  8.02317E-03  1.748E-04  1.04858E-01  6.327E-04  2.64745E-03  1.003E-04
   4.60000E+01  2.90000E+02  8.23238E-03  1.770E-04  1.05036E-01  6.333E-04  2.70260E-03  1.014E-04
   4.60000E+01  3.10000E+02  8.21907E-03  1.768E-04  1.05304E-01  6.341E-04  2.58754E-03  9.921E-05
   4.60000E+01  3.30000E+02  8.06026E-03  1.751E-04  1.04448E-01  6.317E-04  2.61987E-03  9.982E-05
   4.60000E+01  3.50000E+02  8.03554E-03  1.749E-04  1.05188E-01  6.339E-04  2.65696E-03  1.005E-04

   5.00000E+01  1.00000E+01  6.38297E-03  1.511E-04  9.15020E-02  5.726E-04  1.99937E-03  8.451E-05
   5.00000E+01  3.00000E+01  6.31600E-03  1.502E-04  9.09654E-02  5.711E-04  1.99312E-03  8.437E-05
   5.00000E+01  5.00000E+01  6.34904E-03  1.506E-04  9.12350E-02  5.719E-04  2.06545E-03  8.589E-05
   5.00000E+01  7.00000E+01  6.30082E-03  1.501E-04  9.09564E-02  5.711E-04  1.94668E-03  8.339E-05
   5.00000E+01  9.00000E+01  6.38297E-03  1.510E-04  9.10323E-02  5.712E-04  2.00026E-03  8.452E-05
   5.00000E+01  1.10000E+02  6.11419E-03  1.478E-04  9.09564E-02  5.710E-04  1.94847E-03  8.342E-05
   5.00000E+01  1.30000E+02  6.38654E-03  1.511E-04  9.13717E-02  5.722E-04  2.03419E-03  8.524E-05
   5.00000E+01  1.50000E+02  6.23652E-03  1.493E-04  9.17074E-02  5.735E-04  2.01544E-03  8.484E-05
   5.00000E+01  1.70000E+02  6.26331E-03  1.496E-04  9.16940E-02  5.733E-04  2.03509E-03  8.526E-05
   5.00000E+01  1.90000E+02  6.30439E-03  1.501E-04  9.15154E-02  5.728E-04  2.08777E-03  8.635E-05
   5.00000E+01  2.10000E+02  6.33028E-03  1.504E-04  9.16815E-02  5.731E-04  2.05652E-03  8.571E-05
   5.00000E+01  2.30000E+02  6.36154E-03  1.508E-04  9.11270E-02  5.716E-04  1.96186E-03  8.371E-05
   5.00000E+01  2.50000E+02  6.26956E-03  1.497E-04  9.09198E-02  5.709E-04  1.99222E-03  8.435E-05
   5.00000E+01  2.70000E+02  6.23831E-03  1.493E-04  9.14208E-02  5.723E-04  1.94311E-03  8.331E-05
   5.00000E+01  2.90000E+02  6.34636E-03  1.506E-04  9.13609E-02  5.722E-04  1.97079E-03  8.390E-05
   5.00000E+01  3.10000E+02  6.30975E-03  1.501E-04  9.14619E-02  5.727E-04  2.02794E-03  8.511E-05
   5.00000E+01  3.30000E+02  6.18205E-03  1.487E-04  9.07707E-02  5.703E-04  1.99758E-03  8.447E-05
   5.00000E+01  3.50000E+02  6.13830E-03  1.481E-04  9.18128E-02  5.737E-04  2.05920E-03  8.576E-05

   5.40000E+01  1.00000E+01  4.78238E-03  1.272E-04  7.88179E-02  5.173E-04  1.46279E-03  7.034E-05
   5.40000E+01  3.00000E+01  4.80183E-03  1.275E-04  7.86032E-02  5.163E-04  1.48815E-03  7.094E-05
   5.40000E+01  5.00000E+01  4.78999E-03  1.273E-04  7.88585E-02  5.172E-04  1.50760E-03  7.141E-05
   5.40000E+01  7.00000E+01  4.82296E-03  1.277E-04  7.89490E-02  5.176E-04  1.48054E-03  7.076E-05
   5.40000E+01  9.00000E+01  4.89314E-03  1.287E-04  7.89414E-02  5.175E-04  1.50337E-03  7.131E-05
   5.40000E+01  1.10000E+02  4.84241E-03  1.280E-04  7.88179E-02  5.169E-04  1.52197E-03  7.175E-05
   5.40000E+01  1.30000E+02  4.83818E-03  1.279E-04  7.88357E-02  5.170E-04  1.50168E-03  7.127E-05
   5.40000E+01  1.50000E+02  4.72657E-03  1.265E-04  7.86235E-02  5.165E-04  1.48562E-03  7.088E-05
   5.40000E+01  1.70000E+02  4.91006E-03  1.289E-04  7.84112E-02  5.157E-04  1.53381E-03  7.202E-05
   5.40000E+01  1.90000E+02  4.83988E-03  1.280E-04  7.88408E-02  5.171E-04  1.48223E-03  7.080E-05
   5.40000E+01  2.10000E+02  4.78322E-03  1.272E-04  7.86725E-02  5.166E-04  1.49914E-03  7.121E-05
   5.40000E+01  2.30000E+02  4.83988E-03  1.279E-04  7.88281E-02  5.170E-04  1.55241E-03  7.246E-05
   5.40000E+01  2.50000E+02  4.78492E-03  1.273E-04  7.94039E-02  5.189E-04  1.53127E-03  7.196E-05
   5.40000E+01  2.70000E+02  4.74687E-03  1.267E-04  7.90192E-02  5.177E-04  1.47040E-03  7.052E-05
   5.40000E+01  2.90000E+02  4.76970E-03  1.271E-04  7.91443E-02  5.182E-04  1.47124E-03  7.054E-05
   5.40000E+01  3.10000E+02  4.84495E-03  1.280E-04  7.93269E-02  5.188E-04  1.40022E-03  6.882E-05
   5.40000E+01  3.30000E+02  4.81874E-03  1.277E-04  7.93083E-02  5.186E-04  1.49576E-03  7.112E-05
   5.40000E+01  3.50000E+02  4.81282E-03  1.276E-04  7.87706E-02  5.170E-04  1.47885E-03  7.072E-05

   5.80000E+01  1.00000E+01  3.56690E-03  1.073E-04  6.78630E-02  4.685E-04  1.06394E-03  5.859E-05
   5.80000E+01  3.00000E+01  3.77662E-03  1.104E-04  6.75589E-02  4.674E-04  1.13815E-03  6.060E-05
   5.80000E+01  5.00000E+01  3.75645E-03  1.101E-04  6.81026E-02  4.693E-04  1.11314E-03  5.993E-05
   5.80000E+01  7.00000E+01  3.63869E-03  1.083E-04  6.78009E-02  4.685E-04  1.10911E-03  5.982E-05
   5.80000E+01  9.00000E+01  3.82098E-03  1.111E-04  6.77605E-02  4.683E-04  1.07846E-03  5.899E-05
   5.80000E+01  1.10000E+02  3.74919E-03  1.100E-04  6.75000E-02  4.672E-04  1.13976E-03  6.064E-05
   5.80000E+01  1.30000E+02  3.66692E-03  1.088E-04  6.77307E-02  4.681E-04  1.14621E-03  6.081E-05
   5.80000E+01  1.50000E+02  3.79275E-03  1.106E-04  6.75863E-02  4.676E-04  1.10104E-03  5.960E-05
   5.80000E+01  1.70000E+02  3.64191E-03  1.084E-04  6.75169E-02  4.673E-04  1.09056E-03  5.932E-05
   5.80000E+01  1.90000E+02  3.69515E-03  1.092E-04  6.72992E-02  4.666E-04  1.08249E-03  5.910E-05
   5.80000E+01  2.10000E+02  3.83792E-03  1.113E-04  6.78049E-02  4.684E-04  1.05345E-03  5.830E-05
   5.80000E+01  2.30000E+02  3.67418E-03  1.089E-04  6.76855E-02  4.680E-04  1.14299E-03  6.073E-05
   5.80000E+01  2.50000E+02  3.75000E-03  1.100E-04  6.79082E-02  4.688E-04  1.09620E-03  5.947E-05
   5.80000E+01  2.70000E+02  3.78065E-03  1.105E-04  6.72540E-02  4.663E-04  1.09217E-03  5.936E-05
   5.80000E+01  2.90000E+02  3.72338E-03  1.096E-04  6.77000E-02  4.680E-04  1.08249E-03  5.910E-05
   5.80000E+01  3.10000E+02  3.70241E-03  1.093E-04  6.74661E-02  4.671E-04  1.10427E-03  5.969E-05
   5.80000E+01  3.30000E+02  3.72419E-03  1.096E-04  6.75266E-02  4.674E-04  1.10588E-03  5.973E-05
   5.80000E+01  3.50000E+02  3.80485E-03  1.108E-04  6.77275E-02  4.680E-04  1.08814E-03  5.925E-05

   6.20000E+01  1.00000E+01  2.70927E-03  9.168E-05  5.66515E-02  4.195E-04  8.33623E-04  5.083E-05
   6.20000E+01  3.00000E+01  2.83013E-03  9.365E-05  5.70559E-02  4.211E-04  8.06507E-04  4.999E-05
   6.20000E+01  5.00000E+01  2.80069E-03  9.321E-05  5.68622E-02  4.202E-04  7.60797E-04  4.856E-05
   6.20000E+01  7.00000E+01  2.80999E-03  9.331E-05  5.71039E-02  4.213E-04  8.34398E-04  5.085E-05
   6.20000E+01  9.00000E+01  2.82471E-03  9.356E-05  5.73247E-02  4.220E-04  8.12705E-04  5.018E-05
   6.20000E+01  1.10000E+02  2.78675E-03  9.293E-05  5.71915E-02  4.214E-04  8.28974E-04  5.068E-05
   6.20000E+01  1.30000E+02  2.79914E-03  9.313E-05  5.71434E-02  4.213E-04  7.84814E-04  4.932E-05
   6.20000E+01  1.50000E+02  2.81309E-03  9.339E-05  5.71605E-02  4.214E-04  7.66220E-04  4.873E-05
   6.20000E+01  1.70000E+02  2.84175E-03  9.387E-05  5.72155E-02  4.217E-04  8.07282E-04  5.002E-05
   6.20000E+01  1.90000E+02  2.83013E-03  9.365E-05  5.68669E-02  4.203E-04  8.76234E-04  5.211E-05
   6.20000E+01  2.10000E+02  2.87584E-03  9.443E-05  5.70102E-02  4.208E-04  7.87913E-04  4.941E-05
   6.20000E+01  2.30000E+02  2.85570E-03  9.410E-05  5.71768E-02  4.214E-04  8.15804E-04  5.028E-05
   6.20000E+01  2.50000E+02  2.78442E-03  9.289E-05  5.74014E-02  4.223E-04  8.23551E-04  5.052E-05
   6.20000E+01  2.70000E+02  2.77280E-03  9.269E-05  5.70412E-02  4.209E-04  8.59189E-04  5.160E-05
   6.20000E+01  2.90000E+02  2.80999E-03  9.334E-05  5.72147E-02  4.216E-04  7.89462E-04  4.946E-05
   6.20000E+01  3.10000E+02  2.81774E-03  9.344E-05  5.72108E-02  4.215E-04  7.97985E-04  4.973E-05
   6.20000E+01  3.30000E+02  2.78752E-03  9.294E-05  5.69900E-02  4.207E-04  8.49118E-04  5.130E-05
   6.20000E+01  3.50000E+02  2.71857E-03  9.181E-05  5.73278E-02  4.221E-04  7.98759E-04  4.975E-05

   6.60000E+01  1.00000E+01  2.07341E-03  7.886E-05  4.71111E-02  3.760E-04  5.95291E-04  4.223E-05
   6.60000E+01  3.00000E+01  2.14829E-03  8.024E-05  4.75080E-02  3.776E-04  5.70581E-04  4.134E-05
   6.60000E+01  5.00000E+01  2.06892E-03  7.875E-05  4.68071E-02  3.747E-04  5.82561E-04  4.177E-05
   6.60000E+01  7.00000E+01  2.11684E-03  7.965E-05  4.70167E-02  3.756E-04  5.63842E-04  4.109E-05
   6.60000E+01  9.00000E+01  2.11310E-03  7.955E-05  4.67479E-02  3.746E-04  5.46619E-04  4.046E-05
   6.60000E+01  1.10000E+02  2.09138E-03  7.914E-05  4.69336E-02  3.754E-04  5.66837E-04  4.120E-05
   6.60000E+01  1.30000E+02  2.07491E-03  7.889E-05  4.72406E-02  3.766E-04  5.81813E-04  4.174E-05
   6.60000E+01  1.50000E+02  2.05469E-03  7.845E-05  4.71747E-02  3.763E-04  5.99035E-04  4.236E-05
   6.60000E+01  1.70000E+02  2.04795E-03  7.835E-05  4.70070E-02  3.756E-04  5.97537E-04  4.230E-05
   6.60000E+01  1.90000E+02  2.00227E-03  7.744E-05  4.69127E-02  3.753E-04  5.94542E-04  4.220E-05
   6.60000E+01  2.10000E+02  2.04945E-03  7.835E-05  4.67172E-02  3.745E-04  5.62344E-04  4.104E-05
   6.60000E+01  2.30000E+02  2.08090E-03  7.897E-05  4.67112E-02  3.744E-04  5.73576E-04  4.145E-05
   6.60000E+01  2.50000E+02  2.09512E-03  7.921E-05  4.68101E-02  3.748E-04  5.77320E-04  4.158E-05
   6.60000E+01  2.70000E+02  2.09662E-03  7.924E-05  4.70205E-02  3.758E-04  5.66088E-04  4.118E-05
   6.60000E+01  2.90000E+02  2.13406E-03  7.995E-05  4.72257E-02  3.765E-04  5.82561E-04  4.177E-05
   6.60000E+01  3.10000E+02  2.03223E-03  7.802E-05  4.69419E-02  3.754E-04  5.69832E-04  4.131E-05
   6.60000E+01  3.30000E+02  2.09213E-03  7.916E-05  4.68962E-02  3.753E-04  6.28987E-04  4.340E-05
   6.60000E+01  3.50000E+02  2.07416E-03  7.885E-05  4.68325E-02  3.749E-04  6.11015E-04  4.278E-05

   7.00000E+01  1.00000E+01  1.47994E-03  6.564E-05  3.72940E-02  3.298E-04  3.99649E-04  3.411E-05
   7.00000E+01  3.00000E+01  1.50906E-03  6.629E-05  3.75852E-02  3.312E-04  4.06201E-04  3.439E-05
   7.00000E+01  5.00000E+01  1.49741E-03  6.603E-05  3.76951E-02  3.316E-04  4.13480E-04  3.470E-05
   7.00000E+01  7.00000E+01  1.46392E-03  6.529E-05  3.75037E-02  3.307E-04  4.02561E-04  3.424E-05
   7.00000E+01  9.00000E+01  1.46538E-03  6.539E-05  3.73370E-02  3.300E-04  3.85818E-04  3.352E-05
   7.00000E+01  1.10000E+02  1.46975E-03  6.542E-05  3.77075E-02  3.317E-04  3.96009E-04  3.396E-05
   7.00000E+01  1.30000E+02  1.47557E-03  6.555E-05  3.76602E-02  3.314E-04  4.21488E-04  3.503E-05
   7.00000E+01  1.50000E+02  1.53526E-03  6.686E-05  3.73639E-02  3.300E-04  4.24400E-04  3.515E-05
   7.00000E+01  1.70000E+02  1.45082E-03  6.500E-05  3.76020E-02  3.312E-04  4.09112E-04  3.451E-05
   7.00000E+01  1.90000E+02  1.41297E-03  6.414E-05  3.75153E-02  3.308E-04  3.68347E-04  3.275E-05
   7.00000E+01  2.10000E+02  1.48139E-03  6.574E-05  3.74345E-02  3.305E-04  4.10568E-04  3.458E-05
   7.00000E+01  2.30000E+02  1.52944E-03  6.673E-05  3.73275E-02  3.299E-04  3.84362E-04  3.345E-05
   7.00000E+01  2.50000E+02  1.46756E-03  6.537E-05  3.72766E-02  3.298E-04  4.13480E-04  3.470E-05
   7.00000E+01  2.70000E+02  1.55856E-03  6.737E-05  3.72562E-02  3.296E-04  4.15664E-04  3.479E-05
   7.00000E+01  2.90000E+02  1.49450E-03  6.597E-05  3.74039E-02  3.303E-04  4.05473E-04  3.436E-05
   7.00000E+01  3.10000E+02  1.52216E-03  6.657E-05  3.75015E-02  3.306E-04  3.99649E-04  3.411E-05
   7.00000E+01  3.30000E+02  1.53381E-03  6.683E-05  3.76078E-02  3.313E-04  4.14208E-04  3.473E-05
   7.00000E+01  3.50000E+02  1.48212E-03  6.573E-05  3.72948E-02  3.298E-04  3.94553E-04  3.389E-05

   7.40000E+01  1.00000E+01  9.77771E-04  5.276E-05  2.86322E-02  2.857E-04  2.66859E-04  2.756E-05
   7.40000E+01  3.00000E+01  1.01762E-03  5.382E-05  2.83027E-02  2.840E-04  2.81803E-04  2.832E-05
   7.40000E+01  5.00000E+01  1.04253E-03  5.447E-05  2.85553E-02  2.853E-04  2.61166E-04  2.727E-05
   7.40000E+01  7.00000E+01  9.87022E-04  5.304E-05  2.86806E-02  2.858E-04  2.59031E-04  2.715E-05
   7.40000E+01  9.00000E+01  1.01620E-03  5.378E-05  2.83995E-02  2.846E-04  2.64013E-04  2.741E-05
   7.40000E+01  1.10000E+02  1.02474E-03  5.401E-05  2.86429E-02  2.857E-04  3.11691E-04  2.979E-05
   7.40000E+01  1.30000E+02  9.90581E-04  5.310E-05  2.82849E-02  2.839E-04  2.85361E-04  2.850E-05
   7.40000E+01  1.50000E+02  1.06103E-03  5.496E-05  2.82849E-02  2.839E-04  2.66859E-04  2.756E-05
   7.40000E+01  1.70000E+02  9.47883E-04  5.194E-05  2.86215E-02  2.857E-04  2.76110E-04  2.803E-05
   7.40000E+01  1.90000E+02  9.96985E-04  5.327E-05  2.85269E-02  2.851E-04  2.51915E-04  2.678E-05
   7.40000E+01  2.10000E+02  9.54288E-04  5.216E-05  2.84714E-02  2.849E-04  2.80380E-04  2.825E-05
   7.40000E+01  2.30000E+02  1.05036E-03  5.468E-05  2.87318E-02  2.861E-04  2.77533E-04  2.811E-05
   7.40000E+01  2.50000E+02  9.80618E-04  5.287E-05  2.84401E-02  2.846E-04  2.86784E-04  2.857E-05
   7.40000E+01  2.70000E+02  1.00197E-03  5.344E-05  2.84721E-02  2.848E-04  2.44799E-04  2.640E-05
   7.40000E+01  2.90000E+02  1.02830E-03  5.410E-05  2.83298E-02  2.842E-04  2.68994E-04  2.767E-05
   7.40000E+01  3.10000E+02  1.01691E-03  5.380E-05  2.86422E-02  2.858E-04  2.74687E-04  2.796E-05
   7.40000E+01  3.30000E+02  1.05249E-03  5.473E-05  2.87026E-02  2.861E-04  2.56185E-04  2.700E-05
   7.40000E+01  3.50000E+02  1.01264E-03  5.369E-05  2.84280E-02  2.847E-04  2.67571E-04  2.760E-05

   7.80000E+01  1.00000E+01  6.43392E-04  4.242E-05  2.03053E-02  2.384E-04  1.61547E-04  2.126E-05
   7.80000E+01  3.00000E+01  6.08425E-04  4.125E-05  2.02242E-02  2.380E-04  1.60149E-04  2.117E-05
   7.80000E+01  5.00000E+01  6.23111E-04  4.175E-05  2.02480E-02  2.380E-04  1.60149E-04  2.117E-05
   7.80000E+01  7.00000E+01  6.42693E-04  4.240E-05  2.01871E-02  2.378E-04  1.57351E-04  2.098E-05
   7.80000E+01  9.00000E+01  6.48987E-04  4.261E-05  2.01591E-02  2.376E-04  1.62946E-04  2.135E-05
   7.80000E+01  1.10000E+02  6.31503E-04  4.203E-05  2.01109E-02  2.373E-04  1.72037E-04  2.194E-05
   7.80000E+01  1.30000E+02  6.72065E-04  4.336E-05  2.01829E-02  2.377E-04  1.59449E-04  2.112E-05
   7.80000E+01  1.50000E+02  6.44791E-04  4.247E-05  2.02592E-02  2.382E-04  1.76933E-04  2.225E-05
   7.80000E+01  1.70000E+02  6.75562E-04  4.347E-05  2.00333E-02  2.368E-04  1.57351E-04  2.098E-05
   7.80000E+01  1.90000E+02  6.23111E-04  4.180E-05  2.00829E-02  2.372E-04  1.72737E-04  2.198E-05
   7.80000E+01  2.10000E+02  6.41993E-04  4.238E-05  2.00424E-02  2.369E-04  1.74135E-04  2.207E-05
   7.80000E+01  2.30000E+02  6.28007E-04  4.191E-05  2.03004E-02  2.384E-04  1.73436E-04  2.203E-05
   7.80000E+01  2.50000E+02  6.55281E-04  4.281E-05  2.00997E-02  2.372E-04  1.68541E-04  2.171E-05
   7.80000E+01  2.70000E+02  6.59477E-04  4.295E-05  2.01431E-02  2.376E-04  1.56652E-04  2.093E-05
   7.80000E+01  2.90000E+02  6.21013E-04  4.168E-05  2.03564E-02  2.388E-04  1.82528E-04  2.260E-05
   7.80000E+01  3.10000E+02  6.43392E-04  4.242E-05  2.02186E-02  2.379E-04  1.69939E-04  2.180E-05
   7.80000E+01  3.30000E+02  6.57379E-04  4.288E-05  2.01410E-02  2.375E-04  1.72037E-04  2.194E-05
   7.80000E+01  3.50000E+02  6.48987E-04  4.261E-05  2.01731E-02  2.377E-04  1.54554E-04  2.079E-05

   8.20000E+01  1.00000E+01  3.56442E-04  3.138E-05  1.24009E-02  1.852E-04  9.04921E-05  1.581E-05
   8.20000E+01  3.00000E+01  3.45390E-04  3.089E-05  1.24299E-02  1.854E-04  9.67091E-05  1.635E-05
   8.20000E+01  5.00000E+01  3.73021E-04  3.210E-05  1.24727E-02  1.857E-04  8.63474E-05  1.545E-05
   8.20000E+01  7.00000E+01  3.47462E-04  3.099E-05  1.24451E-02  1.855E-04  9.60184E-05  1.629E-05
   8.20000E+01  9.00000E+01  3.51607E-04  3.117E-05  1.24941E-02  1.859E-04  9.87815E-05  1.652E-05
   8.20000E+01  1.10000E+02  3.57824E-04  3.144E-05  1.26523E-02  1.871E-04  8.42751E-05  1.526E-05
   8.20000E+01  1.30000E+02  3.63350E-04  3.169E-05  1.24188E-02  1.853E-04  9.04921E-05  1.581E-05
   8.20000E+01  1.50000E+02  3.43317E-04  3.080E-05  1.26475E-02  1.870E-04  7.94396E-05  1.482E-05
   8.20000E+01  1.70000E+02  3.53679E-04  3.126E-05  1.25280E-02  1.861E-04  9.39460E-05  1.611E-05
   8.20000E+01  1.90000E+02  3.53679E-04  3.126E-05  1.23774E-02  1.850E-04  7.46042E-05  1.436E-05
   8.20000E+01  2.10000E+02  3.39864E-04  3.064E-05  1.23028E-02  1.844E-04  8.22028E-05  1.507E-05
   8.20000E+01  2.30000E+02  3.33647E-04  3.036E-05  1.24085E-02  1.853E-04  1.00163E-04  1.664E-05
   8.20000E+01  2.50000E+02  3.31574E-04  3.027E-05  1.25121E-02  1.860E-04  7.25318E-05  1.416E-05
   8.20000E+01  2.70000E+02  3.37791E-04  3.055E-05  1.25680E-02  1.864E-04  8.42751E-05  1.526E-05
   8.20000E+01  2.90000E+02  3.12232E-04  2.937E-05  1.26364E-02  1.869E-04  8.42751E-05  1.526E-05
   8.20000E+01  3.10000E+02  3.12923E-04  2.940E-05  1.25522E-02  1.863E-04  1.03617E-04  1.692E-05
   8.20000E+01  3.30000E+02  3.33647E-04  3.036E-05  1.24796E-02  1.857E-04  8.98013E-05  1.575E-05
   8.20000E+01  3.50000E+02  3.44008E-04  3.083E-05  1.26578E-02  1.871E-04  1.03617E-04  1.692E-05

   8.60000E+01  1.00000E+01  1.20002E-04  1.814E-05  5.71828E-03  1.253E-04  3.29149E-05  9.502E-06
   8.60000E+01  3.00000E+01  1.09031E-04  1.729E-05  5.67645E-03  1.248E-04  3.08577E-05  9.200E-06
   8.60000E+01  5.00000E+01  1.33717E-04  1.915E-05  5.72171E-03  1.253E-04  3.84007E-05  1.026E-05
   8.60000E+01  7.00000E+01  1.26860E-04  1.865E-05  5.72102E-03  1.253E-04  3.22292E-05  9.402E-06
   8.60000E+01  9.00000E+01  1.21374E-04  1.825E-05  5.64079E-03  1.244E-04  2.94863E-05  8.993E-06
   8.60000E+01  1.10000E+02  1.23431E-04  1.840E-05  5.74777E-03  1.256E-04  3.01720E-05  9.097E-06
   8.60000E+01  1.30000E+02  1.31660E-04  1.900E-05  5.73199E-03  1.254E-04  2.60576E-05  8.454E-06
   8.60000E+01  1.50000E+02  1.33031E-04  1.910E-05  5.70662E-03  1.251E-04  2.40005E-05  8.114E-06
   8.60000E+01  1.70000E+02  1.20002E-04  1.814E-05  5.76971E-03  1.258E-04  2.94863E-05  8.993E-06
   8.60000E+01  1.90000E+02  1.17945E-04  1.799E-05  5.84308E-03  1.266E-04  3.49721E-05  9.794E-06
   8.60000E+01  2.10000E+02  1.24117E-04  1.845E-05  5.71691E-03  1.253E-04  3.01720E-05  9.097E-06
   8.60000E+01  2.30000E+02  1.20688E-04  1.819E-05  5.69222E-03  1.250E-04  3.08577E-05  9.200E-06
   8.60000E+01  2.50000E+02  1.46060E-04  2.002E-05  5.76422E-03  1.258E-04  2.81148E-05  8.782E-06
   8.60000E+01  2.70000E+02  1.43317E-04  1.983E-05  5.64079E-03  1.244E-04  3.56578E-05  9.890E-06
   8.60000E+01  2.90000E+02  1.15202E-04  1.778E-05  5.81634E-03  1.263E-04  3.97722E-05  1.044E-05
   8.60000E+01  3.10000E+02  1.28231E-04  1.875E-05  5.71897E-03  1.253E-04  3.42864E-05  9.698E-06
   8.60000E+01  3.30000E+02  1.30974E-04  1.895E-05  5.72788E-03  1.254E-04  3.22292E-05  9.402E-06
   8.60000E+01  3.50000E+02  1.13145E-04  1.762E-05  5.72171E-03  1.253E-04  3.01720E-05  9.097E-06

   9.00000E+01  1.00000E+01  1.23130E-05  5.804E-06  8.53019E-04  4.831E-05  1.36811E-06  1.935E-06
   9.00000E+01  3.00000E+01  1.23130E-05  5.804E-06  8.86538E-04  4.925E-05  4.10434E-06  3.351E-06
   9.00000E+01  5.00000E+01  1.23130E-05  5.804E-06  8.96799E-04  4.954E-05  2.05217E-06  2.370E-06
   9.00000E+01  7.00000E+01  1.29971E-05  5.963E-06  9.59048E-04  5.123E-05  2.73623E-06  2.736E-06
   9.00000E+01  9.00000E+01  8.20868E-06  4.739E-06  8.93378E-04  4.944E-05  2.05217E-06  2.370E-06
   9.00000E+01  1.10000E+02  1.50493E-05  6.417E-06  8.99535E-04  4.961E-05  2.05217E-06  2.370E-06
   9.00000E+01  1.30000E+02  1.02609E-05  5.299E-06  8.74225E-04  4.891E-05  1.36811E-06  1.935E-06
   9.00000E+01  1.50000E+02  8.89274E-06  4.933E-06  8.96115E-04  4.952E-05  4.78840E-06  3.620E-06
   9.00000E+01  1.70000E+02  9.57680E-06  5.119E-06  8.68752E-04  4.876E-05  2.05217E-06  2.370E-06
   9.00000E+01  1.90000E+02  1.50493E-05  6.417E-06  9.00219E-04  4.967E-05  2.05217E-06  2.370E-06
   9.00000E+01  2.10000E+02  1.02609E-05  5.299E-06  9.10480E-04  4.991E-05  2.05217E-06  2.370E-06
   9.00000E+01  2.30000E+02  1.16290E-05  5.641E-06  9.07059E-04  4.982E-05  2.05217E-06  2.370E-06
   9.00000E+01  2.50000E+02  1.16290E-05  5.641E-06  8.70804E-04  4.881E-05  2.05217E-06  2.370E-06
   9.00000E+01  2.70000E+02  8.89274E-06  4.933E-06  9.01587E-04  4.967E-05  1.36811E-06  1.935E-06
   9.00000E+01  2.90000E+02  8.89274E-06  4.933E-06  8.74909E-04  4.893E-05  4.10434E-06  3.351E-06
   9.00000E+01  3.10000E+02  1.16290E-05  5.641E-06  8.89958E-04  4.935E-05  2.05217E-06  2.370E-06
   9.00000E+01  3.30000E+02  6.84057E-06  4.326E-06  8.84486E-04  4.919E-05  2.05217E-06  2.370E-06
   9.00000E+01  3.50000E+02  8.20868E-06  4.739E-06  8.89274E-04  4.933E-05  4.78840E-06  3.620E-06

   9.40000E+01  1.00000E+01  1.37145E-06  1.940E-06  2.23547E-03  7.830E-05  6.85727E-07  1.371E-06
   9.40000E+01  3.00000E+01  1.37145E-06  1.940E-06  2.29581E-03  7.935E-05  0.00000E+00  0.000E+00
   9.40000E+01  5.00000E+01  2.05718E-06  2.375E-06  2.24027E-03  7.839E-05  0.00000E+00  0.000E+00
   9.40000E+01  7.00000E+01  6.85727E-07  1.371E-06  2.27387E-03  7.897E-05  1.37145E-06  1.940E-06
   9.40000E+01  9.00000E+01  6.85727E-07  1.371E-06  2.28004E-03  7.908E-05  0.00000E+00  0.000E+00
   9.40000E+01  1.10000E+02  0.00000E+00  0.000E+00  2.28279E-03  7.913E-05  0.00000E+00  0.000E+00
   9.40000E+01  1.30000E+02  3.42864E-06  3.067E-06  2.28827E-03  7.922E-05  6.85727E-07  1.371E-06
   9.40000E+01  1.50000E+02  0.00000E+00  0.000E+00  2.24370E-03  7.847E-05  0.00000E+00  0.000E+00
   9.40000E+01  1.70000E+02  2.74291E-06  2.743E-06  2.23616E-03  7.832E-05  0.00000E+00  0.000E+00
   9.40000E+01  1.90000E+02  6.85727E-07  1.371E-06  2.23547E-03  7.830E-05  0.00000E+00  0.000E+00
   9.40000E+01  2.10000E+02  6.85727E-07  1.371E-06  2.30062E-03  7.944E-05  1.37145E-06  1.940E-06
   9.40000E+01  2.30000E+02  6.85727E-07  1.371E-06  2.27044E-03  7.894E-05  0.00000E+00  0.000E+00
   9.40000E+01  2.50000E+02  6.85727E-07  1.371E-06  2.36644E-03  8.059E-05  1.37145E-06  1.940E-06
   9.40000E+01  2.70000E+02  6.85727E-07  1.371E-06  2.32667E-03  7.988E-05  0.00000E+00  0.000E+00
   9.40000E+01  2.90000E+02  3.42864E-06  3.067E-06  2.28004E-03  7.913E-05  0.00000E+00  0.000E+00
   9.40000E+01  3.10000E+02  6.85727E-07  1.371E-06  2.30404E-03  7.949E-05  6.85727E-07  1.371E-06
   9.40000E+01  3.30000E+02  1.37145E-06  1.940E-06  2.27867E-03  7.906E-05  0.00000E+00  0.000E+00
   9.40000E+01  3.50000E+02  0.00000E+00  0.000E+00  2.29444E-03  7.933E-05  0.00000E+00  0.000E+00

   9.80000E+01  1.00000E+01  2.76312E-06  2.763E-06  5.27894E-03  1.208E-04  0.00000E+00  0.000E+00
   9.80000E+01  3.00000E+01  6.90780E-07  1.382E-06  5.13042E-03  1.191E-04  0.00000E+00  0.000E+00
   9.80000E+01  5.00000E+01  2.07234E-06  2.393E-06  5.31831E-03  1.212E-04  0.00000E+00  0.000E+00
   9.80000E+01  7.00000E+01  4.14468E-06  3.384E-06  5.21400E-03  1.201E-04  2.07234E-06  2.393E-06
   9.80000E+01  9.00000E+01  1.38156E-06  1.954E-06  5.16634E-03  1.195E-04  0.00000E+00  0.000E+00
   9.80000E+01  1.10000E+02  2.76312E-06  2.763E-06  5.16979E-03  1.195E-04  1.38156E-06  1.954E-06
   9.80000E+01  1.30000E+02  2.07234E-06  2.393E-06  5.21884E-03  1.201E-04  6.90780E-07  1.382E-06
   9.80000E+01  1.50000E+02  2.76312E-06  2.763E-06  5.21193E-03  1.200E-04  6.90780E-07  1.382E-06
   9.80000E+01  1.70000E+02  2.07234E-06  2.393E-06  5.16979E-03  1.195E-04  0.00000E+00  0.000E+00
   9.80000E+01  1.90000E+02  2.76312E-06  2.763E-06  5.16841E-03  1.195E-04  6.90780E-07  1.382E-06
   9.80000E+01  2.10000E+02  4.14468E-06  3.384E-06  5.24302E-03  1.204E-04  1.38156E-06  1.954E-06
   9.80000E+01  2.30000E+02  6.90780E-07  1.382E-06  5.33075E-03  1.214E-04  0.00000E+00  0.000E+00
   9.80000E+01  2.50000E+02  4.14468E-06  3.384E-06  5.20502E-03  1.199E-04  1.38156E-06  1.954E-06
   9.80000E+01  2.70000E+02  1.38156E-06  1.954E-06  5.23887E-03  1.203E-04  0.00000E+00  0.000E+00
   9.80000E+01  2.90000E+02  5.52624E-06  3.908E-06  5.27479E-03  1.207E-04  0.00000E+00  0.000E+00
   9.80000E+01  3.10000E+02  2.07234E-06  2.393E-06  5.25476E-03  1.205E-04  0.00000E+00  0.000E+00
   9.80000E+01  3.30000E+02  4.83546E-06  3.655E-06  5.29897E-03  1.210E-04  0.00000E+00  0.000E+00
   9.80000E+01  3.50000E+02  6.21702E-06  4.145E-06  5.25545E-03  1.205E-04  0.00000E+00  0.000E+00

   1.02000E+02  1.00000E+01  6.29405E-06  4.196E-06  8.83545E-03  1.573E-04  0.00000E+00  0.000E+00
   1.02000E+02  3.00000E+01  9.79075E-06  5.233E-06  8.80818E-03  1.570E-04  0.00000E+00  0.000E+00
   1.02000E+02  5.00000E+01  2.79736E-06  2.797E-06  8.70328E-03  1.561E-04  0.00000E+00  0.000E+00
   1.02000E+02  7.00000E+01  5.59471E-06  3.956E-06  8.78790E-03  1.568E-04  1.39868E-06  1.978E-06
   1.02000E+02  9.00000E+01  3.49670E-06  3.128E-06  8.76482E-03  1.566E-04  1.39868E-06  1.978E-06
   1.02000E+02  1.10000E+02  5.59471E-06  3.956E-06  8.78720E-03  1.569E-04  3.49670E-06  3.128E-06
   1.02000E+02  1.30000E+02  1.11894E-05  5.595E-06  8.92077E-03  1.580E-04  2.09802E-06  2.423E-06
   1.02000E+02  1.50000E+02  6.29405E-06  4.196E-06  8.71726E-03  1.562E-04  2.09802E-06  2.423E-06
   1.02000E+02  1.70000E+02  6.29405E-06  4.196E-06  8.87741E-03  1.576E-04  6.99339E-07  1.399E-06
   1.02000E+02  1.90000E+02  6.99339E-06  4.423E-06  8.73824E-03  1.564E-04  0.00000E+00  0.000E+00
   1.02000E+02  2.10000E+02  2.79736E-06  2.797E-06  8.99070E-03  1.587E-04  2.09802E-06  2.423E-06
   1.02000E+02  2.30000E+02  9.79075E-06  5.233E-06  8.78510E-03  1.568E-04  1.39868E-06  1.978E-06
   1.02000E+02  2.50000E+02  5.59471E-06  3.956E-06  8.91657E-03  1.580E-04  1.39868E-06  1.978E-06
   1.02000E+02  2.70000E+02  6.29405E-06  4.196E-06  8.75503E-03  1.566E-04  1.39868E-06  1.978E-06
   1.02000E+02  2.90000E+02  3.49670E-06  3.128E-06  8.80818E-03  1.570E-04  6.99339E-07  1.399E-06
   1.02000E+02  3.10000E+02  3.49670E-06  3.128E-06  8.66691E-03  1.557E-04  0.00000E+00  0.000E+00
   1.02000E+02  3.30000E+02  4.89537E-06  3.701E-06  8.78999E-03  1.569E-04  6.99339E-07  1.399E-06
   1.02000E+02  3.50000E+02  5.59471E-06  3.956E-06  8.87042E-03  1.576E-04  2.79736E-06  2.797E-06

   1.06000E+02  1.00000E+01  7.11624E-06  4.501E-06  1.30042E-02  1.925E-04  1.42325E-06  2.013E-06
   1.06000E+02  3.00000E+01  1.35209E-05  6.204E-06  1.28747E-02  1.915E-04  2.13487E-06  2.465E-06
   1.06000E+02  5.00000E+01  1.06744E-05  5.512E-06  1.28377E-02  1.913E-04  2.13487E-06  2.465E-06
   1.06000E+02  7.00000E+01  7.82786E-06  4.720E-06  1.28071E-02  1.909E-04  2.84650E-06  2.846E-06
   1.06000E+02  9.00000E+01  7.11624E-06  4.501E-06  1.29131E-02  1.918E-04  2.13487E-06  2.465E-06
   1.06000E+02  1.10000E+02  6.40462E-06  4.270E-06  1.28341E-02  1.912E-04  7.11624E-07  1.423E-06
   1.06000E+02  1.30000E+02  8.53949E-06  4.930E-06  1.29480E-02  1.920E-04  3.55812E-06  3.182E-06
   1.06000E+02  1.50000E+02  7.11624E-06  4.501E-06  1.27616E-02  1.907E-04  1.42325E-06  2.013E-06
   1.06000E+02  1.70000E+02  6.40462E-06  4.270E-06  1.28263E-02  1.912E-04  3.55812E-06  3.182E-06
   1.06000E+02  1.90000E+02  7.82786E-06  4.720E-06  1.29302E-02  1.919E-04  2.84650E-06  2.846E-06
   1.06000E+02  2.10000E+02  9.96274E-06  5.325E-06  1.29836E-02  1.923E-04  4.98137E-06  3.766E-06
   1.06000E+02  2.30000E+02  9.96274E-06  5.325E-06  1.30505E-02  1.928E-04  2.13487E-06  2.465E-06
   1.06000E+02  2.50000E+02  8.53949E-06  4.930E-06  1.31174E-02  1.933E-04  1.42325E-06  2.013E-06
   1.06000E+02  2.70000E+02  9.25111E-06  5.132E-06  1.29886E-02  1.924E-04  1.42325E-06  2.013E-06
   1.06000E+02  2.90000E+02  9.25111E-06  5.132E-06  1.28249E-02  1.911E-04  0.00000E+00  0.000E+00
   1.06000E+02  3.10000E+02  7.82786E-06  4.720E-06  1.27566E-02  1.907E-04  4.26974E-06  3.486E-06
   1.06000E+02  3.30000E+02  7.82786E-06  4.720E-06  1.28925E-02  1.917E-04  3.55812E-06  3.182E-06
   1.06000E+02  3.50000E+02  1.28092E-05  6.038E-06  1.28512E-02  1.913E-04  7.11624E-07  1.423E-06

   1.10000E+02  1.00000E+01  1.31032E-05  6.177E-06  1.72548E-02  2.242E-04  2.91183E-06  2.912E-06
   1.10000E+02  3.00000E+01  6.55162E-06  4.368E-06  1.72220E-02  2.240E-04  2.18387E-06  2.522E-06
   1.10000E+02  5.00000E+01  1.38312E-05  6.346E-06  1.73800E-02  2.251E-04  3.63979E-06  3.256E-06
   1.10000E+02  7.00000E+01  1.60151E-05  6.829E-06  1.74848E-02  2.257E-04  2.91183E-06  2.912E-06
   1.10000E+02  9.00000E+01  1.09194E-05  5.639E-06  1.73800E-02  2.251E-04  2.18387E-06  2.522E-06
   1.10000E+02  1.10000E+02  8.00754E-06  4.829E-06  1.73589E-02  2.250E-04  3.63979E-06  3.256E-06
   1.10000E+02  1.30000E+02  8.73550E-06  5.043E-06  1.73480E-02  2.249E-04  2.18387E-06  2.522E-06
   1.10000E+02  1.50000E+02  1.01914E-05  5.448E-06  1.74411E-02  2.254E-04  5.09571E-06  3.852E-06
   1.10000E+02  1.70000E+02  1.23753E-05  6.003E-06  1.73924E-02  2.251E-04  1.45592E-06  2.059E-06
   1.10000E+02  1.90000E+02  1.01914E-05  5.448E-06  1.73684E-02  2.250E-04  0.00000E+00  0.000E+00
   1.10000E+02  2.10000E+02  8.00754E-06  4.829E-06  1.71747E-02  2.237E-04  2.91183E-06  2.912E-06
   1.10000E+02  2.30000E+02  9.46346E-06  5.249E-06  1.73487E-02  2.249E-04  2.18387E-06  2.522E-06
   1.10000E+02  2.50000E+02  1.09194E-05  5.639E-06  1.73713E-02  2.250E-04  7.27958E-07  1.456E-06
   1.10000E+02  2.70000E+02  1.23753E-05  6.003E-06  1.73691E-02  2.250E-04  4.36775E-06  3.566E-06
   1.10000E+02  2.90000E+02  1.67430E-05  6.982E-06  1.73239E-02  2.248E-04  2.18387E-06  2.522E-06
   1.10000E+02  3.10000E+02  1.67430E-05  6.982E-06  1.72082E-02  2.240E-04  2.18387E-06  2.522E-06
   1.10000E+02  3.30000E+02  1.16473E-05  5.824E-06  1.73785E-02  2.250E-04  2.91183E-06  2.912E-06
   1.10000E+02  3.50000E+02  9.46346E-06  5.249E-06  1.72198E-02  2.240E-04  2.91183E-06  2.912E-06

   1.14000E+02  1.00000E+01  1.19807E-05  5.990E-06  2.21254E-02  2.576E-04  1.49759E-06  2.118E-06
   1.14000E+02  3.00000E+01  1.87198E-05  7.488E-06  2.21261E-02  2.576E-04  3.74397E-06  3.349E-06
   1.14000E+02  5.00000E+01  9.73432E-06  5.400E-06  2.20220E-02  2.570E-04  2.99517E-06  2.995E-06
   1.14000E+02  7.00000E+01  1.79710E-05  7.337E-06  2.21710E-02  2.578E-04  2.24638E-06  2.594E-06
   1.14000E+02  9.00000E+01  1.42271E-05  6.528E-06  2.19928E-02  2.568E-04  2.24638E-06  2.594E-06
   1.14000E+02  1.10000E+02  1.42271E-05  6.528E-06  2.21126E-02  2.574E-04  2.99517E-06  2.995E-06
   1.14000E+02  1.30000E+02  1.79710E-05  7.337E-06  2.22654E-02  2.583E-04  2.99517E-06  2.995E-06
   1.14000E+02  1.50000E+02  1.12319E-05  5.800E-06  2.22197E-02  2.581E-04  7.48793E-07  1.498E-06
   1.14000E+02  1.70000E+02  1.87198E-05  7.488E-06  2.20587E-02  2.572E-04  1.49759E-06  2.118E-06
   1.14000E+02  1.90000E+02  8.23673E-06  4.967E-06  2.21561E-02  2.577E-04  5.24155E-06  3.962E-06
   1.14000E+02  2.10000E+02  1.42271E-05  6.528E-06  2.21216E-02  2.576E-04  1.49759E-06  2.118E-06
   1.14000E+02  2.30000E+02  1.94686E-05  7.636E-06  2.22519E-02  2.583E-04  2.24638E-06  2.594E-06
   1.14000E+02  2.50000E+02  8.23673E-06  4.967E-06  2.22624E-02  2.584E-04  2.24638E-06  2.594E-06
   1.14000E+02  2.70000E+02  1.04831E-05  5.603E-06  2.22219E-02  2.582E-04  5.99035E-06  4.236E-06
   1.14000E+02  2.90000E+02  1.49759E-05  6.697E-06  2.23028E-02  2.586E-04  3.74397E-06  3.349E-06
   1.14000E+02  3.10000E+02  1.49759E-05  6.697E-06  2.21433E-02  2.577E-04  7.48793E-07  1.498E-06
   1.14000E+02  3.30000E+02  1.72223E-05  7.182E-06  2.20639E-02  2.572E-04  2.99517E-06  2.995E-06
   1.14000E+02  3.50000E+02  1.12319E-05  5.800E-06  2.23133E-02  2.587E-04  1.49759E-06  2.118E-06

   1.18000E+02  1.00000E+01  1.54948E-05  6.930E-06  2.66581E-02  2.876E-04  3.09897E-06  3.099E-06
   1.18000E+02  3.00000E+01  1.62696E-05  7.101E-06  2.69587E-02  2.892E-04  3.87371E-06  3.465E-06
   1.18000E+02  5.00000E+01  1.78191E-05  7.431E-06  2.68309E-02  2.886E-04  5.42320E-06  4.100E-06
   1.18000E+02  7.00000E+01  1.31706E-05  6.389E-06  2.70098E-02  2.895E-04  4.64845E-06  3.795E-06
   1.18000E+02  9.00000E+01  1.78191E-05  7.431E-06  2.71129E-02  2.901E-04  7.74742E-06  4.900E-06
   1.18000E+02  1.10000E+02  2.09180E-05  8.051E-06  2.72105E-02  2.905E-04  0.00000E+00  0.000E+00
   1.18000E+02  1.30000E+02  2.09180E-05  8.051E-06  2.70323E-02  2.896E-04  3.09897E-06  3.099E-06
   1.18000E+02  1.50000E+02  2.40170E-05  8.627E-06  2.69339E-02  2.892E-04  4.64845E-06  3.795E-06
   1.18000E+02  1.70000E+02  1.08464E-05  5.798E-06  2.69200E-02  2.890E-04  4.64845E-06  3.795E-06
   1.18000E+02  1.90000E+02  1.93686E-05  7.747E-06  2.70494E-02  2.897E-04  1.54948E-06  2.191E-06
   1.18000E+02  2.10000E+02  1.62696E-05  7.101E-06  2.69998E-02  2.894E-04  3.87371E-06  3.465E-06
   1.18000E+02  2.30000E+02  2.32423E-05  8.487E-06  2.71230E-02  2.901E-04  3.87371E-06  3.465E-06
   1.18000E+02  2.50000E+02  1.62696E-05  7.101E-06  2.69386E-02  2.891E-04  3.09897E-06  3.099E-06
   1.18000E+02  2.70000E+02  1.78191E-05  7.431E-06  2.71168E-02  2.900E-04  7.74742E-07  1.549E-06
   1.18000E+02  2.90000E+02  1.31706E-05  6.389E-06  2.71261E-02  2.901E-04  3.87371E-06  3.465E-06
   1.18000E+02  3.10000E+02  1.85938E-05  7.591E-06  2.70075E-02  2.895E-04  0.00000E+00  0.000E+00
   1.18000E+02  3.30000E+02  1.93686E-05  7.747E-06  2.69099E-02  2.889E-04  1.54948E-06  2.191E-06
   1.18000E+02  3.50000E+02  1.62696E-05  7.101E-06  2.68092E-02  2.884E-04  5.42320E-06  4.100E-06

   1.22000E+02  1.00000E+01  1.93590E-05  7.903E-06  3.21755E-02  3.225E-04  1.61325E-06  2.281E-06
   1.22000E+02  3.00000E+01  2.09723E-05  8.226E-06  3.20359E-02  3.217E-04  1.61325E-06  2.281E-06
   1.22000E+02  5.00000E+01  2.66186E-05  9.267E-06  3.16681E-02  3.199E-04  4.83975E-06  3.952E-06
   1.22000E+02  7.00000E+01  2.01656E-05  8.066E-06  3.17964E-02  3.206E-04  1.61325E-06  2.281E-06
   1.22000E+02  9.00000E+01  1.69391E-05  7.393E-06  3.19512E-02  3.213E-04  5.64638E-06  4.268E-06
   1.22000E+02  1.10000E+02  1.37126E-05  6.652E-06  3.20851E-02  3.219E-04  4.83975E-06  3.952E-06
   1.22000E+02  1.30000E+02  2.01656E-05  8.066E-06  3.19827E-02  3.215E-04  4.03313E-06  3.607E-06
   1.22000E+02  1.50000E+02  1.53259E-05  7.032E-06  3.19512E-02  3.213E-04  4.03313E-06  3.607E-06
   1.22000E+02  1.70000E+02  2.09723E-05  8.226E-06  3.18932E-02  3.211E-04  4.83975E-06  3.952E-06
   1.22000E+02  1.90000E+02  2.01656E-05  8.066E-06  3.18730E-02  3.209E-04  4.03313E-06  3.607E-06
   1.22000E+02  2.10000E+02  1.85524E-05  7.737E-06  3.19553E-02  3.214E-04  1.61325E-06  2.281E-06
   1.22000E+02  2.30000E+02  2.33921E-05  8.688E-06  3.18843E-02  3.210E-04  5.64638E-06  4.268E-06
   1.22000E+02  2.50000E+02  1.93590E-05  7.903E-06  3.21335E-02  3.222E-04  4.03313E-06  3.607E-06
   1.22000E+02  2.70000E+02  2.33921E-05  8.688E-06  3.18657E-02  3.209E-04  1.61325E-06  2.281E-06
   1.22000E+02  2.90000E+02  2.09723E-05  8.226E-06  3.20932E-02  3.220E-04  1.61325E-06  2.281E-06
   1.22000E+02  3.10000E+02  2.01656E-05  8.066E-06  3.19940E-02  3.215E-04  1.61325E-06  2.281E-06
   1.22000E+02  3.30000E+02  1.85524E-05  7.737E-06  3.19270E-02  3.212E-04  3.22650E-06  3.227E-06
   1.22000E+02  3.50000E+02  3.06518E-05  9.945E-06  3.20738E-02  3.219E-04  4.03313E-06  3.607E-06

   1.26000E+02  1.00000E+01  2.45207E-05  9.107E-06  3.68334E-02  3.532E-04  6.76433E-06  4.783E-06
   1.26000E+02  3.00000E+01  2.62118E-05  9.416E-06  3.70161E-02  3.541E-04  2.53662E-06  2.929E-06
   1.26000E+02  5.00000E+01  2.28296E-05  8.787E-06  3.70093E-02  3.541E-04  3.38216E-06  3.382E-06
   1.26000E+02  7.00000E+01  2.87484E-05  9.861E-06  3.68343E-02  3.533E-04  5.07324E-06  4.142E-06
   1.26000E+02  9.00000E+01  2.28296E-05  8.787E-06  3.65789E-02  3.520E-04  3.38216E-06  3.382E-06
   1.26000E+02  1.10000E+02  2.62118E-05  9.416E-06  3.65164E-02  3.517E-04  6.76433E-06  4.783E-06
   1.26000E+02  1.30000E+02  2.28296E-05  8.787E-06  3.69958E-02  3.540E-04  8.45541E-07  1.691E-06
   1.26000E+02  1.50000E+02  2.87484E-05  9.861E-06  3.68453E-02  3.532E-04  5.07324E-06  4.142E-06
   1.26000E+02  1.70000E+02  2.79028E-05  9.715E-06  3.68994E-02  3.536E-04  0.00000E+00  0.000E+00
   1.26000E+02  1.90000E+02  2.53662E-05  9.262E-06  3.69163E-02  3.536E-04  5.07324E-06  4.142E-06
   1.26000E+02  2.10000E+02  2.11385E-05  8.455E-06  3.68233E-02  3.532E-04  5.07324E-06  4.142E-06
   1.26000E+02  2.30000E+02  1.86019E-05  7.932E-06  3.69603E-02  3.539E-04  3.38216E-06  3.382E-06
   1.26000E+02  2.50000E+02  2.87484E-05  9.861E-06  3.70000E-02  3.541E-04  2.53662E-06  2.929E-06
   1.26000E+02  2.70000E+02  2.87484E-05  9.861E-06  3.70558E-02  3.543E-04  4.22770E-06  3.781E-06
   1.26000E+02  2.90000E+02  1.86019E-05  7.932E-06  3.66829E-02  3.526E-04  3.38216E-06  3.382E-06
   1.26000E+02  3.10000E+02  2.19841E-05  8.623E-06  3.71142E-02  3.545E-04  6.76433E-06  4.783E-06
   1.26000E+02  3.30000E+02  1.86019E-05  7.932E-06  3.72503E-02  3.552E-04  1.01465E-05  5.858E-06
   1.26000E+02  3.50000E+02  1.86019E-05  7.932E-06  3.64005E-02  3.512E-04  4.22770E-06  3.781E-06

   1.30000E+02  1.00000E+01  2.05384E-05  8.565E-06  4.14929E-02  3.853E-04  5.35784E-06  4.375E-06
   1.30000E+02  3.00000E+01  2.58962E-05  9.618E-06  4.16768E-02  3.861E-04  3.57189E-06  3.572E-06
   1.30000E+02  5.00000E+01  2.32173E-05  9.107E-06  4.15634E-02  3.857E-04  2.67892E-06  3.093E-06
   1.30000E+02  7.00000E+01  2.67892E-05  9.782E-06  4.17188E-02  3.864E-04  1.78595E-06  2.526E-06
   1.30000E+02  9.00000E+01  2.67892E-05  9.782E-06  4.16224E-02  3.860E-04  6.25081E-06  4.725E-06
   1.30000E+02  1.10000E+02  2.50032E-05  9.450E-06  4.14554E-02  3.851E-04  3.57189E-06  3.572E-06
   1.30000E+02  1.30000E+02  2.94681E-05  1.026E-05  4.14652E-02  3.851E-04  6.25081E-06  4.725E-06
   1.30000E+02  1.50000E+02  2.94681E-05  1.026E-05  4.15340E-02  3.855E-04  6.25081E-06  4.725E-06
   1.30000E+02  1.70000E+02  3.48259E-05  1.115E-05  4.19563E-02  3.874E-04  4.46486E-06  3.993E-06
   1.30000E+02  1.90000E+02  2.76822E-05  9.944E-06  4.16608E-02  3.861E-04  1.78595E-06  2.526E-06
   1.30000E+02  2.10000E+02  2.50032E-05  9.450E-06  4.11589E-02  3.838E-04  4.46486E-06  3.993E-06
   1.30000E+02  2.30000E+02  2.67892E-05  9.782E-06  4.14786E-02  3.851E-04  7.14378E-06  5.051E-06
   1.30000E+02  2.50000E+02  2.85751E-05  1.010E-05  4.18536E-02  3.869E-04  8.92973E-07  1.786E-06
   1.30000E+02  2.70000E+02  2.67892E-05  9.782E-06  4.14839E-02  3.853E-04  3.57189E-06  3.572E-06
   1.30000E+02  2.90000E+02  4.37557E-05  1.250E-05  4.13830E-02  3.848E-04  3.57189E-06  3.572E-06
   1.30000E+02  3.10000E+02  2.58962E-05  9.618E-06  4.15509E-02  3.856E-04  5.35784E-06  4.375E-06
   1.30000E+02  3.30000E+02  2.41103E-05  9.280E-06  4.15884E-02  3.858E-04  5.35784E-06  4.375E-06
   1.30000E+02  3.50000E+02  2.67892E-05  9.782E-06  4.14348E-02  3.850E-04  3.57189E-06  3.572E-06

   1.34000E+02  1.00000E+01  2.75776E-05  1.024E-05  4.57018E-02  4.174E-04  5.70571E-06  4.659E-06
   1.34000E+02  3.00000E+01  3.23323E-05  1.109E-05  4.61306E-02  4.192E-04  1.90190E-06  2.690E-06
   1.34000E+02  5.00000E+01  2.37738E-05  9.510E-06  4.63360E-02  4.202E-04  7.60761E-06  5.379E-06
   1.34000E+02  7.00000E+01  2.18719E-05  9.121E-06  4.64749E-02  4.207E-04  3.80380E-06  3.804E-06
   1.34000E+02  9.00000E+01  3.42342E-05  1.141E-05  4.64226E-02  4.206E-04  2.85285E-06  3.294E-06
   1.34000E+02  1.10000E+02  2.66266E-05  1.006E-05  4.62761E-02  4.199E-04  8.55856E-06  5.706E-06
   1.34000E+02  1.30000E+02  2.66266E-05  1.006E-05  4.59851E-02  4.185E-04  4.75475E-06  4.253E-06
   1.34000E+02  1.50000E+02  2.85285E-05  1.042E-05  4.63284E-02  4.202E-04  3.80380E-06  3.804E-06
   1.34000E+02  1.70000E+02  2.56757E-05  9.883E-06  4.60603E-02  4.189E-04  7.60761E-06  5.379E-06
   1.34000E+02  1.90000E+02  3.70871E-05  1.188E-05  4.61192E-02  4.192E-04  6.65666E-06  5.032E-06
   1.34000E+02  2.10000E+02  2.75776E-05  1.024E-05  4.66926E-02  4.220E-04  5.70571E-06  4.659E-06
   1.34000E+02  2.30000E+02  3.13814E-05  1.093E-05  4.55553E-02  4.167E-04  6.65666E-06  5.032E-06
   1.34000E+02  2.50000E+02  3.51852E-05  1.157E-05  4.60812E-02  4.190E-04  3.80380E-06  3.804E-06
   1.34000E+02  2.70000E+02  2.85285E-05  1.042E-05  4.61839E-02  4.195E-04  4.75475E-06  4.253E-06
   1.34000E+02  2.90000E+02  3.23323E-05  1.109E-05  4.60783E-02  4.191E-04  4.75475E-06  4.253E-06
   1.34000E+02  3.10000E+02  3.23323E-05  1.109E-05  4.60641E-02  4.191E-04  5.70571E-06  4.659E-06
   1.34000E+02  3.30000E+02  2.94795E-05  1.059E-05  4.64235E-02  4.206E-04  1.14114E-05  6.588E-06
   1.34000E+02  3.50000E+02  2.94795E-05  1.059E-05  4.61658E-02  4.194E-04  5.70571E-06  4.659E-06

   1.38000E+02  1.00000E+01  3.57807E-05  1.210E-05  5.02699E-02  4.537E-04  2.04461E-06  2.892E-06
   1.38000E+02  3.00000E+01  3.37361E-05  1.175E-05  5.07790E-02  4.560E-04  7.15615E-06  5.410E-06
   1.38000E+02  5.00000E+01  3.78254E-05  1.244E-05  5.05950E-02  4.553E-04  7.15615E-06  5.410E-06
   1.38000E+02  7.00000E+01  2.65800E-05  1.043E-05  5.01074E-02  4.531E-04  1.02231E-06  2.045E-06
   1.38000E+02  9.00000E+01  3.06692E-05  1.120E-05  5.04468E-02  4.545E-04  4.08923E-06  4.089E-06
   1.38000E+02  1.10000E+02  2.55577E-05  1.022E-05  5.04416E-02  4.546E-04  1.02231E-06  2.045E-06
   1.38000E+02  1.30000E+02  2.96469E-05  1.101E-05  5.04938E-02  4.547E-04  2.04461E-06  2.892E-06
   1.38000E+02  1.50000E+02  3.16915E-05  1.138E-05  5.04580E-02  4.547E-04  7.15615E-06  5.410E-06
   1.38000E+02  1.70000E+02  4.08923E-05  1.293E-05  5.04621E-02  4.546E-04  8.17846E-06  5.783E-06
   1.38000E+02  1.90000E+02  2.55577E-05  1.022E-05  5.07177E-02  4.559E-04  5.11153E-06  4.572E-06
   1.38000E+02  2.10000E+02  3.47584E-05  1.192E-05  4.98559E-02  4.517E-04  4.08923E-06  4.089E-06
   1.38000E+02  2.30000E+02  3.88477E-05  1.260E-05  5.05684E-02  4.551E-04  4.08923E-06  4.089E-06
   1.38000E+02  2.50000E+02  4.29369E-05  1.325E-05  5.06461E-02  4.554E-04  3.06692E-06  3.541E-06
   1.38000E+02  2.70000E+02  2.35131E-05  9.806E-06  5.03466E-02  4.541E-04  6.13384E-06  5.008E-06
   1.38000E+02  2.90000E+02  2.65800E-05  1.043E-05  5.03036E-02  4.539E-04  4.08923E-06  4.089E-06
   1.38000E+02  3.10000E+02  3.06692E-05  1.120E-05  5.03374E-02  4.540E-04  3.06692E-06  3.541E-06
   1.38000E+02  3.30000E+02  3.68031E-05  1.227E-05  5.03496E-02  4.541E-04  6.13384E-06  5.008E-06
   1.38000E+02  3.50000E+02  3.27138E-05  1.157E-05  5.04498E-02  4.546E-04  2.04461E-06  2.892E-06

   1.42000E+02  1.00000E+01  3.33328E-05  1.217E-05  5.48824E-02  4.942E-04  9.99983E-06  6.667E-06
   1.42000E+02  3.00000E+01  4.66659E-05  1.440E-05  5.44269E-02  4.922E-04  5.55546E-06  4.969E-06
   1.42000E+02  5.00000E+01  3.66661E-05  1.277E-05  5.41424E-02  4.909E-04  6.66656E-06  5.443E-06
   1.42000E+02  7.00000E+01  2.88884E-05  1.133E-05  5.42447E-02  4.914E-04  5.55546E-06  4.969E-06
   1.42000E+02  9.00000E+01  3.11106E-05  1.176E-05  5.52324E-02  4.959E-04  5.55546E-06  4.969E-06
   1.42000E+02  1.10000E+02  2.55551E-05  1.066E-05  5.46669E-02  4.933E-04  5.55546E-06  4.969E-06
   1.42000E+02  1.30000E+02  3.22217E-05  1.197E-05  5.47113E-02  4.934E-04  4.44437E-06  4.444E-06
   1.42000E+02  1.50000E+02  2.44440E-05  1.042E-05  5.47469E-02  4.940E-04  4.44437E-06  4.444E-06
   1.42000E+02  1.70000E+02  3.44439E-05  1.237E-05  5.46924E-02  4.935E-04  6.66656E-06  5.443E-06
   1.42000E+02  1.90000E+02  4.33326E-05  1.388E-05  5.46113E-02  4.929E-04  8.88874E-06  6.285E-06
   1.42000E+02  2.10000E+02  3.99993E-05  1.333E-05  5.43935E-02  4.922E-04  3.33328E-06  3.849E-06
   1.42000E+02  2.30000E+02  4.66659E-05  1.440E-05  5.42747E-02  4.915E-04  3.33328E-06  3.849E-06
   1.42000E+02  2.50000E+02  3.66661E-05  1.277E-05  5.49835E-02  4.947E-04  4.44437E-06  4.444E-06
   1.42000E+02  2.70000E+02  4.77770E-05  1.457E-05  5.46369E-02  4.931E-04  6.66656E-06  5.443E-06
   1.42000E+02  2.90000E+02  3.99993E-05  1.333E-05  5.44024E-02  4.920E-04  7.77765E-06  5.879E-06
   1.42000E+02  3.10000E+02  2.88884E-05  1.133E-05  5.47924E-02  4.939E-04  5.55546E-06  4.969E-06
   1.42000E+02  3.30000E+02  3.88882E-05  1.315E-05  5.43102E-02  4.918E-04  8.88874E-06  6.285E-06
   1.42000E+02  3.50000E+02  3.44439E-05  1.237E-05  5.47480E-02  4.937E-04  7.77765E-06  5.879E-06

   1.46000E+02  1.00000E+01  3.30289E-05  1.271E-05  5.82777E-02  5.345E-04  8.56305E-06  6.473E-06
   1.46000E+02  3.00000E+01  3.91454E-05  1.384E-05  5.84771E-02  5.353E-04  8.56305E-06  6.473E-06
   1.46000E+02  5.00000E+01  3.30289E-05  1.271E-05  5.81725E-02  5.339E-04  8.56305E-06  6.473E-06
   1.46000E+02  7.00000E+01  2.93590E-05  1.199E-05  5.81125E-02  5.337E-04  3.66988E-06  4.238E-06
   1.46000E+02  9.00000E+01  3.54755E-05  1.318E-05  5.76269E-02  5.315E-04  9.78635E-06  6.920E-06
   1.46000E+02  1.10000E+02  3.30289E-05  1.271E-05  5.82508E-02  5.342E-04  7.33976E-06  5.993E-06
   1.46000E+02  1.30000E+02  4.89317E-05  1.547E-05  5.81578E-02  5.339E-04  6.11647E-06  5.471E-06
   1.46000E+02  1.50000E+02  3.79221E-05  1.362E-05  5.77749E-02  5.321E-04  6.11647E-06  5.471E-06
   1.46000E+02  1.70000E+02  3.18056E-05  1.248E-05  5.81676E-02  5.340E-04  3.66988E-06  4.238E-06
   1.46000E+02  1.90000E+02  4.28153E-05  1.447E-05  5.82691E-02  5.345E-04  1.10096E-05  7.340E-06
   1.46000E+02  2.10000E+02  4.03687E-05  1.405E-05  5.83132E-02  5.345E-04  6.11647E-06  5.471E-06
   1.46000E+02  2.30000E+02  3.91454E-05  1.384E-05  5.80208E-02  5.333E-04  2.44659E-06  3.460E-06
   1.46000E+02  2.50000E+02  3.66988E-05  1.340E-05  5.80049E-02  5.330E-04  7.33976E-06  5.993E-06
   1.46000E+02  2.70000E+02  3.42522E-05  1.295E-05  5.78287E-02  5.323E-04  2.44659E-06  3.460E-06
   1.46000E+02  2.90000E+02  4.40386E-05  1.468E-05  5.83450E-02  5.348E-04  0.00000E+00  0.000E+00
   1.46000E+02  3.10000E+02  3.30289E-05  1.271E-05  5.81615E-02  5.339E-04  6.11647E-06  5.471E-06
   1.46000E+02  3.30000E+02  3.18056E-05  1.248E-05  5.77529E-02  5.319E-04  2.44659E-06  3.460E-06
   1.46000E+02  3.50000E+02  2.93590E-05  1.199E-05  5.82251E-02  5.343E-04  1.22329E-06  2.447E-06

   1.50000E+02  1.00000E+01  3.83072E-05  1.448E-05  6.13243E-02  5.797E-04  4.10434E-06  4.739E-06
   1.50000E+02  3.00000E+01  2.46260E-05  1.161E-05  6.10548E-02  5.785E-04  2.73623E-06  3.870E-06
   1.50000E+02  5.00000E+01  4.24115E-05  1.523E-05  6.20316E-02  5.831E-04  5.47246E-06  5.472E-06
   1.50000E+02  7.00000E+01  4.24115E-05  1.523E-05  6.18428E-02  5.822E-04  9.57680E-06  7.239E-06
   1.50000E+02  9.00000E+01  3.96753E-05  1.474E-05  6.15323E-02  5.806E-04  9.57680E-06  7.239E-06
   1.50000E+02  1.10000E+02  4.10434E-05  1.499E-05  6.11779E-02  5.790E-04  1.50493E-05  9.075E-06
   1.50000E+02  1.30000E+02  2.46260E-05  1.161E-05  6.14502E-02  5.804E-04  6.84057E-06  6.118E-06
   1.50000E+02  1.50000E+02  5.06202E-05  1.664E-05  6.17744E-02  5.818E-04  1.36811E-06  2.736E-06
   1.50000E+02  1.70000E+02  3.83072E-05  1.448E-05  6.14174E-02  5.801E-04  5.47246E-06  5.472E-06
   1.50000E+02  1.90000E+02  3.96753E-05  1.474E-05  6.14078E-02  5.801E-04  5.47246E-06  5.472E-06
   1.50000E+02  2.10000E+02  3.55710E-05  1.395E-05  6.13818E-02  5.799E-04  6.84057E-06  6.118E-06
   1.50000E+02  2.30000E+02  2.59942E-05  1.193E-05  6.12354E-02  5.792E-04  5.47246E-06  5.472E-06
   1.50000E+02  2.50000E+02  3.42028E-05  1.368E-05  6.19126E-02  5.824E-04  2.73623E-06  3.870E-06
   1.50000E+02  2.70000E+02  2.73623E-05  1.224E-05  6.12888E-02  5.796E-04  2.73623E-06  3.870E-06
   1.50000E+02  2.90000E+02  3.83072E-05  1.448E-05  6.13777E-02  5.800E-04  4.10434E-06  4.739E-06
   1.50000E+02  3.10000E+02  2.46260E-05  1.161E-05  6.14283E-02  5.802E-04  6.84057E-06  6.118E-06
   1.50000E+02  3.30000E+02  4.24115E-05  1.523E-05  6.16185E-02  5.811E-04  5.47246E-06  5.472E-06
   1.50000E+02  3.50000E+02  4.10434E-05  1.499E-05  6.10069E-02  5.782E-04  9.57680E-06  7.239E-06

   1.54000E+02  1.00000E+01  2.96486E-05  1.360E-05  6.39926E-02  6.324E-04  7.80226E-06  6.979E-06
   1.54000E+02  3.00000E+01  4.36926E-05  1.651E-05  6.44701E-02  6.347E-04  9.36271E-06  7.645E-06
   1.54000E+02  5.00000E+01  4.36926E-05  1.651E-05  6.45122E-02  6.350E-04  1.09232E-05  8.257E-06
   1.54000E+02  7.00000E+01  4.68135E-05  1.709E-05  6.42984E-02  6.339E-04  1.24836E-05  8.827E-06
   1.54000E+02  9.00000E+01  3.74508E-05  1.529E-05  6.45933E-02  6.355E-04  4.68135E-06  5.406E-06
   1.54000E+02  1.10000E+02  3.12090E-05  1.396E-05  6.44903E-02  6.348E-04  6.24181E-06  6.242E-06
   1.54000E+02  1.30000E+02  4.52531E-05  1.681E-05  6.48430E-02  6.366E-04  4.68135E-06  5.406E-06
   1.54000E+02  1.50000E+02  2.02859E-05  1.125E-05  6.43249E-02  6.343E-04  7.80226E-06  6.979E-06
   1.54000E+02  1.70000E+02  4.52531E-05  1.681E-05  6.45621E-02  6.352E-04  6.24181E-06  6.242E-06
   1.54000E+02  1.90000E+02  4.52531E-05  1.681E-05  6.43764E-02  6.342E-04  6.24181E-06  6.242E-06
   1.54000E+02  2.10000E+02  4.21322E-05  1.622E-05  6.44935E-02  6.350E-04  3.12090E-06  4.414E-06
   1.54000E+02  2.30000E+02  5.30553E-05  1.820E-05  6.35619E-02  6.303E-04  3.12090E-06  4.414E-06
   1.54000E+02  2.50000E+02  4.83740E-05  1.738E-05  6.46667E-02  6.358E-04  4.68135E-06  5.406E-06
   1.54000E+02  2.70000E+02  4.52531E-05  1.681E-05  6.41642E-02  6.332E-04  6.24181E-06  6.242E-06
   1.54000E+02  2.90000E+02  3.90113E-05  1.560E-05  6.40019E-02  6.325E-04  7.80226E-06  6.979E-06
   1.54000E+02  3.10000E+02  2.96486E-05  1.360E-05  6.47291E-02  6.360E-04  1.09232E-05  8.257E-06
   1.54000E+02  3.30000E+02  4.52531E-05  1.681E-05  6.45309E-02  6.352E-04  9.36271E-06  7.645E-06
   1.54000E+02  3.50000E+02  3.43299E-05  1.464E-05  6.46245E-02  6.359E-04  1.56045E-06  3.121E-06

   1.58000E+02  1.00000E+01  4.01735E-05  1.713E-05  6.68596E-02  6.993E-04  5.47820E-06  6.326E-06
   1.58000E+02  3.00000E+01  5.11299E-05  1.933E-05  6.70897E-02  7.003E-04  7.30427E-06  7.304E-06
   1.58000E+02  5.00000E+01  3.65213E-05  1.633E-05  6.69345E-02  6.995E-04  3.65213E-06  5.165E-06
   1.58000E+02  7.00000E+01  3.46953E-05  1.592E-05  6.65017E-02  6.973E-04  5.47820E-06  6.326E-06
   1.58000E+02  9.00000E+01  4.19996E-05  1.752E-05  6.66259E-02  6.981E-04  5.47820E-06  6.326E-06
   1.58000E+02  1.10000E+02  5.11299E-05  1.933E-05  6.71536E-02  7.008E-04  1.82607E-06  3.652E-06
   1.58000E+02  1.30000E+02  5.11299E-05  1.933E-05  6.73161E-02  7.018E-04  9.13034E-06  8.166E-06
   1.58000E+02  1.50000E+02  4.19996E-05  1.752E-05  6.75115E-02  7.026E-04  9.13034E-06  8.166E-06
   1.58000E+02  1.70000E+02  4.74778E-05  1.862E-05  6.70678E-02  7.002E-04  7.30427E-06  7.304E-06
   1.58000E+02  1.90000E+02  5.11299E-05  1.933E-05  6.70934E-02  7.003E-04  7.30427E-06  7.304E-06
   1.58000E+02  2.10000E+02  3.28692E-05  1.549E-05  6.64689E-02  6.973E-04  5.47820E-06  6.326E-06
   1.58000E+02  2.30000E+02  4.38256E-05  1.789E-05  6.66715E-02  6.982E-04  7.30427E-06  7.304E-06
   1.58000E+02  2.50000E+02  4.01735E-05  1.713E-05  6.71883E-02  7.010E-04  3.65213E-06  5.165E-06
   1.58000E+02  2.70000E+02  2.92171E-05  1.461E-05  6.71737E-02  7.012E-04  7.30427E-06  7.304E-06
   1.58000E+02  2.90000E+02  5.29560E-05  1.967E-05  6.65072E-02  6.973E-04  1.09564E-05  8.946E-06
   1.58000E+02  3.10000E+02  4.38256E-05  1.789E-05  6.71335E-02  7.007E-04  7.30427E-06  7.304E-06
   1.58000E+02  3.30000E+02  3.83474E-05  1.674E-05  6.65218E-02  6.974E-04  1.46085E-05  1.033E-05
   1.58000E+02  3.50000E+02  3.83474E-05  1.674E-05  6.74458E-02  7.024E-04  3.65213E-06  5.165E-06

   1.62000E+02  1.00000E+01  3.54185E-05  1.771E-05  7.01441E-02  7.884E-04  6.64096E-06  7.668E-06
   1.62000E+02  3.00000E+01  5.09141E-05  2.123E-05  6.86786E-02  7.803E-04  1.10683E-05  9.900E-06
   1.62000E+02  5.00000E+01  4.42731E-05  1.980E-05  6.83975E-02  7.784E-04  8.85462E-06  8.855E-06
   1.62000E+02  7.00000E+01  3.54185E-05  1.771E-05  6.92143E-02  7.834E-04  1.10683E-05  9.900E-06
   1.62000E+02  9.00000E+01  3.98458E-05  1.878E-05  6.94888E-02  7.847E-04  1.10683E-05  9.900E-06
   1.62000E+02  1.10000E+02  4.64867E-05  2.029E-05  6.92918E-02  7.836E-04  4.42731E-06  6.261E-06
   1.62000E+02  1.30000E+02  4.42731E-05  1.980E-05  6.93959E-02  7.843E-04  4.42731E-06  6.261E-06
   1.62000E+02  1.50000E+02  3.32048E-05  1.715E-05  6.89952E-02  7.822E-04  4.42731E-06  6.261E-06
   1.62000E+02  1.70000E+02  2.87775E-05  1.596E-05  6.91236E-02  7.828E-04  6.64096E-06  7.668E-06
   1.62000E+02  1.90000E+02  3.32048E-05  1.715E-05  6.89819E-02  7.818E-04  4.42731E-06  6.261E-06
   1.62000E+02  2.10000E+02  5.31277E-05  2.169E-05  6.85525E-02  7.797E-04  4.42731E-06  6.261E-06
   1.62000E+02  2.30000E+02  5.31277E-05  2.169E-05  6.80168E-02  7.764E-04  4.42731E-06  6.261E-06
   1.62000E+02  2.50000E+02  5.75550E-05  2.257E-05  6.89598E-02  7.821E-04  1.10683E-05  9.900E-06
   1.62000E+02  2.70000E+02  4.87004E-05  2.077E-05  6.93117E-02  7.838E-04  6.64096E-06  7.668E-06
   1.62000E+02  2.90000E+02  3.76321E-05  1.825E-05  6.90505E-02  7.823E-04  6.64096E-06  7.668E-06
   1.62000E+02  3.10000E+02  4.64867E-05  2.029E-05  6.85879E-02  7.795E-04  4.42731E-06  6.261E-06
   1.62000E+02  3.30000E+02  4.64867E-05  2.029E-05  6.92630E-02  7.835E-04  1.10683E-05  9.900E-06
   1.62000E+02  3.50000E+02  4.87004E-05  2.077E-05  6.86831E-02  7.801E-04  4.42731E-06  6.261E-06

   1.66000E+02  1.00000E+01  6.50347E-05  2.712E-05  7.06814E-02  8.946E-04  2.82759E-06  5.655E-06
   1.66000E+02  3.00000E+01  5.08967E-05  2.399E-05  7.18322E-02  9.016E-04  2.82759E-06  5.655E-06
   1.66000E+02  5.00000E+01  4.24139E-05  2.190E-05  7.02855E-02  8.920E-04  5.65519E-06  7.998E-06
   1.66000E+02  7.00000E+01  3.95863E-05  2.116E-05  7.11734E-02  8.978E-04  8.48278E-06  9.795E-06
   1.66000E+02  9.00000E+01  3.67587E-05  2.039E-05  7.01554E-02  8.908E-04  1.41380E-05  1.265E-05
   1.66000E+02  1.10000E+02  3.67587E-05  2.039E-05  7.08510E-02  8.958E-04  1.13104E-05  1.131E-05
   1.66000E+02  1.30000E+02  5.65519E-05  2.529E-05  7.11423E-02  8.976E-04  5.65519E-06  7.998E-06
   1.66000E+02  1.50000E+02  2.82759E-05  1.788E-05  7.13656E-02  8.984E-04  8.48278E-06  9.795E-06
   1.66000E+02  1.70000E+02  4.24139E-05  2.190E-05  7.12243E-02  8.980E-04  1.41380E-05  1.265E-05
   1.66000E+02  1.90000E+02  4.80691E-05  2.332E-05  7.05145E-02  8.932E-04  1.41380E-05  1.265E-05
   1.66000E+02  2.10000E+02  3.95863E-05  2.116E-05  7.11705E-02  8.975E-04  8.48278E-06  9.795E-06
   1.66000E+02  2.30000E+02  4.80691E-05  2.332E-05  7.11196E-02  8.973E-04  1.69656E-05  1.385E-05
   1.66000E+02  2.50000E+02  5.37243E-05  2.465E-05  7.09076E-02  8.959E-04  8.48278E-06  9.795E-06
   1.66000E+02  2.70000E+02  4.24139E-05  2.190E-05  7.13317E-02  8.986E-04  5.65519E-06  7.998E-06
   1.66000E+02  2.90000E+02  5.65519E-05  2.529E-05  7.08058E-02  8.952E-04  2.82759E-06  5.655E-06
   1.66000E+02  3.10000E+02  3.11035E-05  1.876E-05  7.20330E-02  9.032E-04  5.65519E-06  7.998E-06
   1.66000E+02  3.30000E+02  3.95863E-05  2.116E-05  7.07634E-02  8.949E-04  8.48278E-06  9.795E-06
   1.66000E+02  3.50000E+02  6.78623E-05  2.770E-05  7.09641E-02  8.961E-04  5.65519E-06  7.998E-06

   1.70000E+02  1.00000E+01  4.33326E-05  2.613E-05  7.17273E-02  1.063E-03  3.93933E-06  7.879E-06
   1.70000E+02  3.00000E+01  4.33326E-05  2.613E-05  7.17391E-02  1.063E-03  3.93933E-06  7.879E-06
   1.70000E+02  5.00000E+01  5.51506E-05  2.948E-05  7.26175E-02  1.070E-03  7.87865E-06  1.114E-05
   1.70000E+02  7.00000E+01  3.54539E-05  2.364E-05  7.21251E-02  1.067E-03  3.93933E-06  7.879E-06
   1.70000E+02  9.00000E+01  5.90899E-05  3.051E-05  7.26845E-02  1.070E-03  7.87865E-06  1.114E-05
   1.70000E+02  1.10000E+02  6.30292E-05  3.151E-05  7.27751E-02  1.071E-03  3.93933E-06  7.879E-06
   1.70000E+02  1.30000E+02  5.51506E-05  2.948E-05  7.22079E-02  1.067E-03  3.93933E-06  7.879E-06
   1.70000E+02  1.50000E+02  3.93933E-05  2.491E-05  7.24954E-02  1.069E-03  3.93933E-06  7.879E-06
   1.70000E+02  1.70000E+02  2.36360E-05  1.930E-05  7.20818E-02  1.066E-03  1.18180E-05  1.365E-05
   1.70000E+02  1.90000E+02  5.12112E-05  2.841E-05  7.21724E-02  1.067E-03  3.93933E-06  7.879E-06
   1.70000E+02  2.10000E+02  3.15146E-05  2.228E-05  7.16209E-02  1.063E-03  3.93933E-06  7.879E-06
   1.70000E+02  2.30000E+02  5.12112E-05  2.841E-05  7.24915E-02  1.069E-03  1.18180E-05  1.365E-05
   1.70000E+02  2.50000E+02  4.33326E-05  2.613E-05  7.23615E-02  1.068E-03  3.93933E-06  7.879E-06
   1.70000E+02  2.70000E+02  3.15146E-05  2.228E-05  7.22000E-02  1.067E-03  0.00000E+00  0.000E+00
   1.70000E+02  2.90000E+02  3.93933E-05  2.491E-05  7.19991E-02  1.065E-03  1.18180E-05  1.365E-05
   1.70000E+02  3.10000E+02  2.75753E-05  2.084E-05  7.21173E-02  1.066E-03  1.18180E-05  1.365E-05
   1.70000E+02  3.30000E+02  4.72719E-05  2.729E-05  7.19636E-02  1.065E-03  7.87865E-06  1.114E-05
   1.70000E+02  3.50000E+02  2.36360E-05  1.930E-05  7.24285E-02  1.069E-03  1.18180E-05  1.365E-05

   1.74000E+02  1.00000E+01  7.19864E-05  4.341E-05  7.24837E-02  1.378E-03  1.96326E-05  2.267E-05
   1.74000E+02  3.00000E+01  7.85306E-05  4.534E-05  7.33541E-02  1.386E-03  0.00000E+00  0.000E+00
   1.74000E+02  5.00000E+01  5.23537E-05  3.702E-05  7.29157E-02  1.382E-03  1.30884E-05  1.851E-05
   1.74000E+02  7.00000E+01  3.92653E-05  3.206E-05  7.26539E-02  1.379E-03  6.54422E-06  1.309E-05
   1.74000E+02  9.00000E+01  2.61769E-05  2.618E-05  7.33672E-02  1.386E-03  0.00000E+00  0.000E+00
   1.74000E+02  1.10000E+02  6.54422E-05  4.139E-05  7.30465E-02  1.383E-03  0.00000E+00  0.000E+00
   1.74000E+02  1.30000E+02  5.23537E-05  3.702E-05  7.17377E-02  1.370E-03  1.30884E-05  1.851E-05
   1.74000E+02  1.50000E+02  1.30884E-05  1.851E-05  7.13647E-02  1.367E-03  1.30884E-05  1.851E-05
   1.74000E+02  1.70000E+02  5.88979E-05  3.927E-05  7.35570E-02  1.388E-03  0.00000E+00  0.000E+00
   1.74000E+02  1.90000E+02  4.58095E-05  3.463E-05  7.39693E-02  1.392E-03  1.30884E-05  1.851E-05
   1.74000E+02  2.10000E+02  5.88979E-05  3.927E-05  7.25099E-02  1.378E-03  6.54422E-06  1.309E-05
   1.74000E+02  2.30000E+02  3.92653E-05  3.206E-05  7.30400E-02  1.383E-03  0.00000E+00  0.000E+00
   1.74000E+02  2.50000E+02  5.23537E-05  3.702E-05  7.23070E-02  1.377E-03  2.61769E-05  2.618E-05
   1.74000E+02  2.70000E+02  4.58095E-05  3.463E-05  7.47480E-02  1.399E-03  1.96326E-05  2.267E-05
   1.74000E+02  2.90000E+02  3.27211E-05  2.927E-05  7.28240E-02  1.381E-03  0.00000E+00  0.000E+00
   1.74000E+02  3.10000E+02  4.58095E-05  3.463E-05  7.29157E-02  1.382E-03  1.30884E-05  1.851E-05
   1.74000E+02  3.30000E+02  3.92653E-05  3.206E-05  7.20584E-02  1.374E-03  6.54422E-06  1.309E-05
   1.74000E+02  3.50000E+02  3.27211E-05  2.927E-05  7.28044E-02  1.381E-03  1.30884E-05  1.851E-05

   1.78000E+02  1.00000E+01  7.84031E-05  7.840E-05  7.48357E-02  2.422E-03  0.00000E+00  0.000E+00
   1.78000E+02  3.00000E+01  1.96008E-05  3.920E-05  7.15624E-02  2.369E-03  0.00000E+00  0.000E+00
   1.78000E+02  5.00000E+01  0.00000E+00  0.000E+00  7.22288E-02  2.380E-03  1.96008E-05  3.920E-05
   1.78000E+02  7.00000E+01  1.96008E-05  3.920E-05  7.36597E-02  2.404E-03  0.00000E+00  0.000E+00
   1.78000E+02  9.00000E+01  1.96008E-05  3.920E-05  7.27188E-02  2.388E-03  0.00000E+00  0.000E+00
   1.78000E+02  1.10000E+02  5.88023E-05  6.790E-05  7.31893E-02  2.395E-03  1.96008E-05  3.920E-05
   1.78000E+02  1.30000E+02  7.84031E-05  7.840E-05  7.33265E-02  2.398E-03  0.00000E+00  0.000E+00
   1.78000E+02  1.50000E+02  7.84031E-05  7.840E-05  7.17388E-02  2.372E-03  0.00000E+00  0.000E+00
   1.78000E+02  1.70000E+02  5.88023E-05  6.790E-05  7.36205E-02  2.402E-03  1.96008E-05  3.920E-05
   1.78000E+02  1.90000E+02  3.92015E-05  5.544E-05  7.13860E-02  2.366E-03  5.88023E-05  6.790E-05
   1.78000E+02  2.10000E+02  7.84031E-05  7.840E-05  7.39929E-02  2.409E-03  0.00000E+00  0.000E+00
   1.78000E+02  2.30000E+02  1.96008E-05  3.920E-05  7.18760E-02  2.374E-03  0.00000E+00  0.000E+00
   1.78000E+02  2.50000E+02  5.88023E-05  6.790E-05  7.42673E-02  2.415E-03  0.00000E+00  0.000E+00
   1.78000E+02  2.70000E+02  3.92015E-05  5.544E-05  7.46397E-02  2.419E-03  0.00000E+00  0.000E+00
   1.78000E+02  2.90000E+02  5.88023E-05  6.790E-05  7.43261E-02  2.414E-03  0.00000E+00  0.000E+00
   1.78000E+02  3.10000E+02  1.96008E-05  3.920E-05  7.21700E-02  2.379E-03  1.96008E-05  3.920E-05
   1.78000E+02  3.30000E+02  0.00000E+00  0.000E+00  7.53453E-02  2.432E-03  0.00000E+00  0.000E+00
   1.78000E+02  3.50000E+02  1.96008E-05  3.920E-05  7.40517E-02  2.410E-03  3.92015E-05  5.544E-05

