#>>>>>>>>>>>>>>>>>>>>>>>>>>>>>>>>>>>>>>>>>>>>>>>>>>>>>>>>>>>>
# [SECTION REPORT EMERGING DOWNBOUND PARTICLES DISTRIBUTION]
# Units are particles/(eV history)
# Energy minimum, maximum, energy bins:
#  0.00000E+00  1.65000E+05   160
#
# Energy (eV) :     e-     : +-2sigma :   photons  : +-2sigma :     e+     : +-2sigma :
   5.15625E+02  0.00000E+00  0.000E+00  0.00000E+00  0.000E+00  0.00000E+00  0.000E+00
   1.54688E+03  0.00000E+00  0.000E+00  0.00000E+00  0.000E+00  0.00000E+00  0.000E+00
   2.57812E+03  0.00000E+00  0.000E+00  0.00000E+00  0.000E+00  0.00000E+00  0.000E+00
   3.60938E+03  0.00000E+00  0.000E+00  0.00000E+00  0.000E+00  0.00000E+00  0.000E+00
   4.64062E+03  0.00000E+00  0.000E+00  0.00000E+00  0.000E+00  0.00000E+00  0.000E+00
   5.67188E+03  0.00000E+00  0.000E+00  0.00000E+00  0.000E+00  0.00000E+00  0.000E+00
   6.70312E+03  0.00000E+00  0.000E+00  0.00000E+00  0.000E+00  0.00000E+00  0.000E+00
   7.73438E+03  0.00000E+00  0.000E+00  0.00000E+00  0.000E+00  0.00000E+00  0.000E+00
   8.76562E+03  0.00000E+00  0.000E+00  0.00000E+00  0.000E+00  0.00000E+00  0.000E+00
   9.79688E+03  8.15191E-08  1.192E-08  6.04924E-08  3.528E-10  0.00000E+00  0.000E+00
   1.08281E+04  2.70058E-07  2.175E-08  1.81007E-07  6.034E-10  0.00000E+00  0.000E+00
   1.18594E+04  2.78612E-07  2.211E-08  1.00531E-07  4.512E-10  0.00000E+00  0.000E+00
   1.28906E+04  2.62029E-07  2.138E-08  7.65612E-08  3.977E-10  0.00000E+00  0.000E+00
   1.39219E+04  2.42408E-07  2.053E-08  8.20788E-08  4.147E-10  0.00000E+00  0.000E+00
   1.49531E+04  2.57624E-07  2.120E-08  8.74836E-08  4.314E-10  0.00000E+00  0.000E+00
   1.59844E+04  2.56349E-07  2.118E-08  9.15603E-08  4.440E-10  0.00000E+00  0.000E+00
   1.70156E+04  2.54505E-07  2.111E-08  9.48045E-08  4.550E-10  0.00000E+00  0.000E+00
   1.80469E+04  2.53229E-07  2.116E-08  9.76694E-08  4.644E-10  0.00000E+00  0.000E+00
   1.90781E+04  2.49439E-07  2.098E-08  9.97061E-08  4.735E-10  0.00000E+00  0.000E+00
   2.01094E+04  2.76491E-07  2.228E-08  1.01185E-07  4.799E-10  0.00000E+00  0.000E+00
   2.11406E+04  2.62412E-07  2.168E-08  1.01586E-07  4.839E-10  0.00000E+00  0.000E+00
   2.21719E+04  2.47241E-07  2.104E-08  1.02557E-07  4.903E-10  0.00000E+00  0.000E+00
   2.32031E+04  2.54875E-07  2.146E-08  1.02082E-07  4.916E-10  0.00000E+00  0.000E+00
   2.42344E+04  2.94314E-07  2.323E-08  1.01576E-07  4.928E-10  0.00000E+00  0.000E+00
   2.52656E+04  2.87025E-07  2.301E-08  1.00451E-07  4.928E-10  0.00000E+00  0.000E+00
   2.62969E+04  2.75363E-07  2.253E-08  9.93855E-08  4.923E-10  0.00000E+00  0.000E+00
   2.73281E+04  2.92912E-07  2.333E-08  9.77561E-08  4.902E-10  0.00000E+00  0.000E+00
   2.83594E+04  2.88994E-07  2.321E-08  9.59488E-08  4.879E-10  0.00000E+00  0.000E+00
   2.93906E+04  3.02894E-07  2.383E-08  9.44827E-08  4.864E-10  0.00000E+00  0.000E+00
   3.04219E+04  3.11354E-07  2.420E-08  9.25382E-08  4.823E-10  0.00000E+00  0.000E+00
   3.14531E+04  3.04865E-07  2.401E-08  9.05636E-08  4.787E-10  0.00000E+00  0.000E+00
   3.24844E+04  3.13639E-07  2.434E-08  8.84627E-08  4.747E-10  0.00000E+00  0.000E+00
   3.35156E+04  3.35552E-07  2.521E-08  8.63482E-08  4.699E-10  0.00000E+00  0.000E+00
   3.45469E+04  3.55017E-07  2.600E-08  8.41564E-08  4.662E-10  0.00000E+00  0.000E+00
   3.55781E+04  3.50421E-07  2.580E-08  8.19639E-08  4.605E-10  0.00000E+00  0.000E+00
   3.66094E+04  3.63902E-07  2.630E-08  7.96945E-08  4.549E-10  0.00000E+00  0.000E+00
   3.76406E+04  3.69762E-07  2.653E-08  7.75924E-08  4.493E-10  0.00000E+00  0.000E+00
   3.86719E+04  3.76078E-07  2.680E-08  7.58100E-08  4.456E-10  0.00000E+00  0.000E+00
   3.97031E+04  3.80805E-07  2.697E-08  7.34521E-08  4.395E-10  0.00000E+00  0.000E+00
   4.07344E+04  4.01290E-07  2.768E-08  7.20615E-08  4.356E-10  0.00000E+00  0.000E+00
   4.17656E+04  4.26410E-07  2.855E-08  6.98694E-08  4.293E-10  0.00000E+00  0.000E+00
   4.27969E+04  4.23167E-07  2.848E-08  6.77461E-08  4.235E-10  0.00000E+00  0.000E+00
   4.38281E+04  4.20195E-07  2.835E-08  6.57558E-08  4.168E-10  0.00000E+00  0.000E+00
   4.48594E+04  4.50633E-07  2.937E-08  6.42658E-08  4.120E-10  0.00000E+00  0.000E+00
   4.58906E+04  4.63074E-07  2.979E-08  6.24409E-08  4.071E-10  0.00000E+00  0.000E+00
   4.69219E+04  4.72527E-07  3.013E-08  6.06867E-08  4.014E-10  0.00000E+00  0.000E+00
   4.79531E+04  4.91592E-07  3.072E-08  5.94306E-08  3.982E-10  0.00000E+00  0.000E+00
   4.89844E+04  4.91712E-07  3.076E-08  5.76736E-08  3.916E-10  0.00000E+00  0.000E+00
   5.00156E+04  5.19972E-07  3.165E-08  5.63794E-08  3.878E-10  0.00000E+00  0.000E+00
   5.10469E+04  5.27133E-07  3.184E-08  5.47794E-08  3.822E-10  0.00000E+00  0.000E+00
   5.20781E+04  5.42402E-07  3.234E-08  5.33809E-08  3.777E-10  0.00000E+00  0.000E+00
   5.31094E+04  5.48658E-07  3.250E-08  5.20376E-08  3.728E-10  0.00000E+00  0.000E+00
   5.41406E+04  6.01185E-07  3.404E-08  5.09145E-08  3.692E-10  0.00000E+00  0.000E+00
   5.51719E+04  6.14109E-07  3.441E-08  4.96224E-08  3.653E-10  0.00000E+00  0.000E+00
   5.62031E+04  6.12039E-07  3.436E-08  4.80358E-08  3.588E-10  0.00000E+00  0.000E+00
   5.72344E+04  5.94712E-07  3.387E-08  4.65503E-08  3.529E-10  0.00000E+00  0.000E+00
   5.82656E+04  6.52607E-07  3.550E-08  1.73691E-07  5.905E-10  0.00000E+00  0.000E+00
   5.92969E+04  6.47024E-07  3.535E-08  2.70278E-07  7.404E-10  0.00000E+00  0.000E+00
   6.03281E+04  7.00026E-07  3.678E-08  4.26115E-08  3.395E-10  0.00000E+00  0.000E+00
   6.13594E+04  6.97474E-07  3.672E-08  4.07776E-08  3.318E-10  0.00000E+00  0.000E+00
   6.23906E+04  7.17531E-07  3.725E-08  4.03315E-08  3.307E-10  0.00000E+00  0.000E+00
   6.34219E+04  7.21693E-07  3.739E-08  3.90094E-08  3.246E-10  0.00000E+00  0.000E+00
   6.44531E+04  7.62648E-07  3.842E-08  3.80597E-08  3.210E-10  0.00000E+00  0.000E+00
   6.54844E+04  7.94927E-07  3.923E-08  3.69606E-08  3.174E-10  0.00000E+00  0.000E+00
   6.65156E+04  7.52601E-07  3.820E-08  6.21361E-08  3.729E-10  0.00000E+00  0.000E+00
   6.75469E+04  8.16891E-07  3.980E-08  8.68033E-08  4.235E-10  0.00000E+00  0.000E+00
   6.85781E+04  8.48775E-07  4.055E-08  3.39273E-08  3.035E-10  0.00000E+00  0.000E+00
   6.96094E+04  8.70991E-07  4.110E-08  5.14073E-08  3.381E-10  0.00000E+00  0.000E+00
   7.06406E+04  8.68561E-07  4.102E-08  2.80145E-08  2.697E-10  0.00000E+00  0.000E+00
   7.16719E+04  9.12158E-07  4.206E-08  2.71348E-08  2.650E-10  0.00000E+00  0.000E+00
   7.27031E+04  9.29134E-07  4.243E-08  2.65306E-08  2.622E-10  0.00000E+00  0.000E+00
   7.37344E+04  9.58710E-07  4.309E-08  2.59412E-08  2.596E-10  0.00000E+00  0.000E+00
   7.47656E+04  1.00235E-06  4.406E-08  2.55924E-08  2.579E-10  0.00000E+00  0.000E+00
   7.57969E+04  9.92634E-07  4.385E-08  2.48509E-08  2.543E-10  0.00000E+00  0.000E+00
   7.68281E+04  1.01833E-06  4.441E-08  2.42982E-08  2.516E-10  0.00000E+00  0.000E+00
   7.78594E+04  1.05856E-06  4.528E-08  2.36264E-08  2.481E-10  0.00000E+00  0.000E+00
   7.88906E+04  1.08037E-06  4.575E-08  2.30967E-08  2.455E-10  0.00000E+00  0.000E+00
   7.99219E+04  1.12157E-06  4.661E-08  2.27130E-08  2.445E-10  0.00000E+00  0.000E+00
   8.09531E+04  1.19478E-06  4.810E-08  2.22182E-08  2.413E-10  0.00000E+00  0.000E+00
   8.19844E+04  1.20205E-06  4.825E-08  2.14664E-08  2.372E-10  0.00000E+00  0.000E+00
   8.30156E+04  1.23696E-06  4.895E-08  2.07121E-08  2.328E-10  0.00000E+00  0.000E+00
   8.40469E+04  1.26459E-06  4.949E-08  2.06094E-08  2.332E-10  0.00000E+00  0.000E+00
   8.50781E+04  1.29658E-06  5.011E-08  2.01261E-08  2.301E-10  0.00000E+00  0.000E+00
   8.61094E+04  1.30822E-06  5.033E-08  1.94297E-08  2.262E-10  0.00000E+00  0.000E+00
   8.71406E+04  1.40615E-06  5.218E-08  1.90912E-08  2.248E-10  0.00000E+00  0.000E+00
   8.81719E+04  1.44687E-06  5.293E-08  1.82782E-08  2.182E-10  0.00000E+00  0.000E+00
   8.92031E+04  1.48614E-06  5.364E-08  1.80888E-08  2.183E-10  0.00000E+00  0.000E+00
   9.02344E+04  1.49099E-06  5.373E-08  1.75406E-08  2.153E-10  0.00000E+00  0.000E+00
   9.12656E+04  1.56807E-06  5.510E-08  1.71427E-08  2.124E-10  0.00000E+00  0.000E+00
   9.22969E+04  1.59425E-06  5.556E-08  1.68236E-08  2.104E-10  0.00000E+00  0.000E+00
   9.33281E+04  1.65389E-06  5.659E-08  1.62939E-08  2.075E-10  0.00000E+00  0.000E+00
   9.43594E+04  1.77267E-06  5.858E-08  1.57088E-08  2.037E-10  0.00000E+00  0.000E+00
   9.53906E+04  1.70576E-06  5.746E-08  1.55039E-08  2.026E-10  0.00000E+00  0.000E+00
   9.64219E+04  1.79594E-06  5.896E-08  1.50827E-08  1.995E-10  0.00000E+00  0.000E+00
   9.74531E+04  1.88273E-06  6.037E-08  1.45455E-08  1.959E-10  0.00000E+00  0.000E+00
   9.84844E+04  1.88223E-06  6.036E-08  1.41815E-08  1.935E-10  0.00000E+00  0.000E+00
   9.95156E+04  2.02139E-06  6.255E-08  1.37521E-08  1.908E-10  0.00000E+00  0.000E+00
   1.00547E+05  2.01362E-06  6.243E-08  1.33812E-08  1.884E-10  0.00000E+00  0.000E+00
   1.01578E+05  2.08683E-06  6.355E-08  1.30221E-08  1.860E-10  0.00000E+00  0.000E+00
   1.02609E+05  2.19108E-06  6.511E-08  1.25464E-08  1.821E-10  0.00000E+00  0.000E+00
   1.03641E+05  2.21144E-06  6.541E-08  1.24548E-08  1.818E-10  0.00000E+00  0.000E+00
   1.04672E+05  2.33216E-06  6.717E-08  1.18733E-08  1.771E-10  0.00000E+00  0.000E+00
   1.05703E+05  2.37967E-06  6.785E-08  1.16848E-08  1.759E-10  0.00000E+00  0.000E+00
   1.06734E+05  2.40682E-06  6.824E-08  1.11706E-08  1.718E-10  0.00000E+00  0.000E+00
   1.07766E+05  2.55567E-06  7.031E-08  1.08373E-08  1.693E-10  0.00000E+00  0.000E+00
   1.08797E+05  2.63372E-06  7.137E-08  1.06388E-08  1.684E-10  0.00000E+00  0.000E+00
   1.09828E+05  2.63372E-06  7.137E-08  1.02736E-08  1.645E-10  0.00000E+00  0.000E+00
   1.10859E+05  2.84415E-06  7.416E-08  1.00358E-08  1.630E-10  0.00000E+00  0.000E+00
   1.11891E+05  2.91784E-06  7.511E-08  9.74121E-09  1.608E-10  0.00000E+00  0.000E+00
   1.12922E+05  2.98039E-06  7.591E-08  9.26273E-09  1.566E-10  0.00000E+00  0.000E+00
   1.13953E+05  3.07930E-06  7.716E-08  9.12667E-09  1.561E-10  0.00000E+00  0.000E+00
   1.14984E+05  3.19905E-06  7.864E-08  8.65030E-09  1.515E-10  0.00000E+00  0.000E+00
   1.16016E+05  3.32269E-06  8.014E-08  8.39152E-09  1.496E-10  0.00000E+00  0.000E+00
   1.17047E+05  3.48124E-06  8.202E-08  8.15242E-09  1.470E-10  0.00000E+00  0.000E+00
   1.18078E+05  3.56463E-06  8.299E-08  7.81000E-09  1.437E-10  0.00000E+00  0.000E+00
   1.19109E+05  3.63347E-06  8.379E-08  7.57939E-09  1.420E-10  0.00000E+00  0.000E+00
   1.20141E+05  3.78960E-06  8.556E-08  7.29970E-09  1.390E-10  0.00000E+00  0.000E+00
   1.21172E+05  3.99274E-06  8.782E-08  7.02758E-09  1.368E-10  0.00000E+00  0.000E+00
   1.22203E+05  4.10911E-06  8.908E-08  6.49212E-09  1.307E-10  0.00000E+00  0.000E+00
   1.23234E+05  4.33747E-06  9.151E-08  6.35152E-09  1.294E-10  0.00000E+00  0.000E+00
   1.24266E+05  4.52995E-06  9.351E-08  6.10848E-09  1.265E-10  0.00000E+00  0.000E+00
   1.25297E+05  4.67734E-06  9.501E-08  5.93636E-09  1.249E-10  0.00000E+00  0.000E+00
   1.26328E+05  4.92510E-06  9.748E-08  5.64364E-09  1.219E-10  0.00000E+00  0.000E+00
   1.27359E+05  5.11516E-06  9.934E-08  5.37333E-09  1.186E-10  0.00000E+00  0.000E+00
   1.28391E+05  5.34498E-06  1.015E-07  5.17485E-09  1.171E-10  0.00000E+00  0.000E+00
   1.29422E+05  5.54861E-06  1.034E-07  4.89727E-09  1.135E-10  0.00000E+00  0.000E+00
   1.30453E+05  5.83419E-06  1.061E-07  4.62788E-09  1.098E-10  0.00000E+00  0.000E+00
   1.31484E+05  6.12073E-06  1.086E-07  4.45455E-09  1.080E-10  0.00000E+00  0.000E+00
   1.32516E+05  6.47370E-06  1.117E-07  4.15848E-09  1.044E-10  0.00000E+00  0.000E+00
   1.33547E+05  6.79661E-06  1.144E-07  3.81667E-09  9.950E-11  0.00000E+00  0.000E+00
   1.34578E+05  7.08315E-06  1.168E-07  3.64788E-09  9.733E-11  0.00000E+00  0.000E+00
   1.35609E+05  7.28873E-06  1.184E-07  3.41030E-09  9.387E-11  0.00000E+00  0.000E+00
   1.36641E+05  7.73140E-06  1.220E-07  3.06273E-09  8.891E-11  0.00000E+00  0.000E+00
   1.37672E+05  8.19103E-06  1.255E-07  2.96152E-09  8.741E-11  0.00000E+00  0.000E+00
   1.38703E+05  8.52800E-06  1.280E-07  2.69091E-09  8.306E-11  0.00000E+00  0.000E+00
   1.39734E+05  8.91976E-06  1.309E-07  2.39758E-09  7.826E-11  0.00000E+00  0.000E+00
   1.40766E+05  9.41818E-06  1.345E-07  2.14758E-09  7.384E-11  0.00000E+00  0.000E+00
   1.41797E+05  9.74788E-06  1.368E-07  1.94242E-09  6.992E-11  0.00000E+00  0.000E+00
   1.42828E+05  1.00528E-05  1.389E-07  1.70970E-09  6.552E-11  0.00000E+00  0.000E+00
   1.43859E+05  1.03918E-05  1.412E-07  1.46424E-09  6.035E-11  0.00000E+00  0.000E+00
   1.44891E+05  1.09086E-05  1.446E-07  1.23242E-09  5.506E-11  0.00000E+00  0.000E+00
   1.45922E+05  1.09741E-05  1.451E-07  1.02061E-09  4.999E-11  0.00000E+00  0.000E+00
   1.46953E+05  1.09168E-05  1.447E-07  7.95455E-10  4.415E-11  0.00000E+00  0.000E+00
   1.47984E+05  1.05183E-05  1.420E-07  5.24848E-10  3.531E-11  0.00000E+00  0.000E+00
   1.49016E+05  9.55539E-06  1.355E-07  2.85455E-10  2.647E-11  0.00000E+00  0.000E+00
   1.50047E+05  5.04242E-06  9.863E-08  4.51515E-11  9.977E-12  0.00000E+00  0.000E+00
   1.51078E+05  0.00000E+00  0.000E+00  0.00000E+00  0.000E+00  0.00000E+00  0.000E+00
   1.52109E+05  0.00000E+00  0.000E+00  0.00000E+00  0.000E+00  0.00000E+00  0.000E+00
   1.53141E+05  0.00000E+00  0.000E+00  0.00000E+00  0.000E+00  0.00000E+00  0.000E+00
   1.54172E+05  0.00000E+00  0.000E+00  0.00000E+00  0.000E+00  0.00000E+00  0.000E+00
   1.55203E+05  0.00000E+00  0.000E+00  0.00000E+00  0.000E+00  0.00000E+00  0.000E+00
   1.56234E+05  0.00000E+00  0.000E+00  0.00000E+00  0.000E+00  0.00000E+00  0.000E+00
   1.57266E+05  0.00000E+00  0.000E+00  0.00000E+00  0.000E+00  0.00000E+00  0.000E+00
   1.58297E+05  0.00000E+00  0.000E+00  0.00000E+00  0.000E+00  0.00000E+00  0.000E+00
   1.59328E+05  0.00000E+00  0.000E+00  0.00000E+00  0.000E+00  0.00000E+00  0.000E+00
   1.60359E+05  0.00000E+00  0.000E+00  0.00000E+00  0.000E+00  0.00000E+00  0.000E+00
   1.61391E+05  0.00000E+00  0.000E+00  0.00000E+00  0.000E+00  0.00000E+00  0.000E+00
   1.62422E+05  0.00000E+00  0.000E+00  0.00000E+00  0.000E+00  0.00000E+00  0.000E+00
   1.63453E+05  0.00000E+00  0.000E+00  0.00000E+00  0.000E+00  0.00000E+00  0.000E+00
   1.64484E+05  0.00000E+00  0.000E+00  0.00000E+00  0.000E+00  0.00000E+00  0.000E+00
