#>>>>>>>>>>>>>>>>>>>>>>>>>>>>>>>>>>>>>>>>>>>>>>>>>>>>>>>>>>>>
# [SECTION REPORT EMERGING UPBOUND PARTICLES DISTRIBUTION]
# Units are particles/(eV history)
# Energy window (eV), energy bins:
#  0.00000E+00  1.65000E+05   160
#
# Energy (eV) :     e-     : +-2sigma :   photons  : +-2sigma :     e+     : +-2sigma :
   5.15625E+02  0.00000E+00  0.000E+00  0.00000E+00  0.000E+00  0.00000E+00  0.000E+00
   1.54688E+03  0.00000E+00  0.000E+00  0.00000E+00  0.000E+00  0.00000E+00  0.000E+00
   2.57812E+03  0.00000E+00  0.000E+00  0.00000E+00  0.000E+00  0.00000E+00  0.000E+00
   3.60938E+03  0.00000E+00  0.000E+00  0.00000E+00  0.000E+00  0.00000E+00  0.000E+00
   4.64062E+03  0.00000E+00  0.000E+00  0.00000E+00  0.000E+00  0.00000E+00  0.000E+00
   5.67188E+03  0.00000E+00  0.000E+00  0.00000E+00  0.000E+00  0.00000E+00  0.000E+00
   6.70312E+03  0.00000E+00  0.000E+00  0.00000E+00  0.000E+00  0.00000E+00  0.000E+00
   7.73438E+03  0.00000E+00  0.000E+00  0.00000E+00  0.000E+00  0.00000E+00  0.000E+00
   8.76562E+03  0.00000E+00  0.000E+00  0.00000E+00  0.000E+00  0.00000E+00  0.000E+00
   9.79688E+03  3.76718E-08  8.286E-09  2.09303E-08  1.984E-10  0.00000E+00  0.000E+00
   1.08281E+04  1.35942E-07  1.585E-08  6.05185E-08  3.384E-10  0.00000E+00  0.000E+00
   1.18594E+04  1.36432E-07  1.585E-08  3.86927E-08  2.865E-10  0.00000E+00  0.000E+00
   1.28906E+04  1.41780E-07  1.617E-08  3.20921E-08  2.675E-10  0.00000E+00  0.000E+00
   1.39219E+04  1.36573E-07  1.587E-08  3.29655E-08  2.692E-10  0.00000E+00  0.000E+00
   1.49531E+04  1.43790E-07  1.637E-08  3.42124E-08  2.733E-10  0.00000E+00  0.000E+00
   1.59844E+04  1.39462E-07  1.608E-08  3.51327E-08  2.749E-10  0.00000E+00  0.000E+00
   1.70156E+04  1.46896E-07  1.654E-08  3.59079E-08  2.763E-10  0.00000E+00  0.000E+00
   1.80469E+04  1.61553E-07  1.740E-08  3.65982E-08  2.784E-10  0.00000E+00  0.000E+00
   1.90781E+04  1.51260E-07  1.682E-08  3.69639E-08  2.786E-10  0.00000E+00  0.000E+00
   2.01094E+04  1.58252E-07  1.724E-08  3.75312E-08  2.797E-10  0.00000E+00  0.000E+00
   2.11406E+04  1.46256E-07  1.657E-08  3.73333E-08  2.786E-10  0.00000E+00  0.000E+00
   2.21719E+04  1.62129E-07  1.751E-08  3.77861E-08  2.796E-10  0.00000E+00  0.000E+00
   2.32031E+04  1.67819E-07  1.783E-08  3.77579E-08  2.801E-10  0.00000E+00  0.000E+00
   2.42344E+04  1.79164E-07  1.845E-08  3.75412E-08  2.784E-10  0.00000E+00  0.000E+00
   2.52656E+04  1.66162E-07  1.777E-08  3.73888E-08  2.783E-10  0.00000E+00  0.000E+00
   2.62969E+04  1.65958E-07  1.777E-08  3.72039E-08  2.778E-10  0.00000E+00  0.000E+00
   2.73281E+04  1.66566E-07  1.783E-08  3.62367E-08  2.740E-10  0.00000E+00  0.000E+00
   2.83594E+04  1.95885E-07  1.937E-08  3.61470E-08  2.744E-10  0.00000E+00  0.000E+00
   2.93906E+04  2.09240E-07  2.004E-08  3.56930E-08  2.728E-10  0.00000E+00  0.000E+00
   3.04219E+04  2.00411E-07  1.961E-08  3.47530E-08  2.687E-10  0.00000E+00  0.000E+00
   3.14531E+04  2.19170E-07  2.057E-08  3.42264E-08  2.665E-10  0.00000E+00  0.000E+00
   3.24844E+04  2.18573E-07  2.050E-08  3.35248E-08  2.643E-10  0.00000E+00  0.000E+00
   3.35156E+04  2.33979E-07  2.122E-08  3.27918E-08  2.614E-10  0.00000E+00  0.000E+00
   3.45469E+04  2.14489E-07  2.032E-08  3.20758E-08  2.593E-10  0.00000E+00  0.000E+00
   3.55781E+04  2.19776E-07  2.061E-08  3.16458E-08  2.579E-10  0.00000E+00  0.000E+00
   3.66094E+04  2.38684E-07  2.144E-08  3.07933E-08  2.544E-10  0.00000E+00  0.000E+00
   3.76406E+04  2.70622E-07  2.284E-08  3.02312E-08  2.529E-10  0.00000E+00  0.000E+00
   3.86719E+04  2.53578E-07  2.211E-08  2.92885E-08  2.485E-10  0.00000E+00  0.000E+00
   3.97031E+04  2.40342E-07  2.157E-08  2.85067E-08  2.459E-10  0.00000E+00  0.000E+00
   4.07344E+04  2.59248E-07  2.236E-08  2.78212E-08  2.419E-10  0.00000E+00  0.000E+00
   4.17656E+04  2.54825E-07  2.217E-08  2.73470E-08  2.414E-10  0.00000E+00  0.000E+00
   4.27969E+04  2.79998E-07  2.325E-08  2.64609E-08  2.373E-10  0.00000E+00  0.000E+00
   4.38281E+04  2.83817E-07  2.341E-08  2.59030E-08  2.344E-10  0.00000E+00  0.000E+00
   4.48594E+04  2.81365E-07  2.331E-08  2.52406E-08  2.321E-10  0.00000E+00  0.000E+00
   4.58906E+04  3.15751E-07  2.470E-08  2.44809E-08  2.284E-10  0.00000E+00  0.000E+00
   4.69219E+04  3.00217E-07  2.408E-08  2.39588E-08  2.263E-10  0.00000E+00  0.000E+00
   4.79531E+04  3.37475E-07  2.554E-08  2.35539E-08  2.245E-10  0.00000E+00  0.000E+00
   4.89844E+04  3.03414E-07  2.422E-08  2.31633E-08  2.226E-10  0.00000E+00  0.000E+00
   5.00156E+04  3.00460E-07  2.414E-08  2.22930E-08  2.173E-10  0.00000E+00  0.000E+00
   5.10469E+04  3.08171E-07  2.441E-08  2.17645E-08  2.158E-10  0.00000E+00  0.000E+00
   5.20781E+04  3.47391E-07  2.592E-08  2.14082E-08  2.144E-10  0.00000E+00  0.000E+00
   5.31094E+04  3.49758E-07  2.602E-08  2.06948E-08  2.100E-10  0.00000E+00  0.000E+00
   5.41406E+04  3.33262E-07  2.539E-08  2.01882E-08  2.080E-10  0.00000E+00  0.000E+00
   5.51719E+04  3.45329E-07  2.585E-08  1.96012E-08  2.054E-10  0.00000E+00  0.000E+00
   5.62031E+04  3.48660E-07  2.598E-08  1.89900E-08  2.017E-10  0.00000E+00  0.000E+00
   5.72344E+04  3.97589E-07  2.775E-08  1.85067E-08  1.991E-10  0.00000E+00  0.000E+00
   5.82656E+04  3.61138E-07  2.644E-08  6.18388E-08  3.187E-10  0.00000E+00  0.000E+00
   5.92969E+04  3.92608E-07  2.758E-08  9.51239E-08  3.902E-10  0.00000E+00  0.000E+00
   6.03281E+04  4.05134E-07  2.801E-08  1.68585E-08  1.912E-10  0.00000E+00  0.000E+00
   6.13594E+04  3.78002E-07  2.706E-08  1.63800E-08  1.884E-10  0.00000E+00  0.000E+00
   6.23906E+04  3.80872E-07  2.716E-08  1.59852E-08  1.866E-10  0.00000E+00  0.000E+00
   6.34219E+04  4.11827E-07  2.825E-08  1.56839E-08  1.842E-10  0.00000E+00  0.000E+00
   6.44531E+04  4.00163E-07  2.785E-08  1.51997E-08  1.816E-10  0.00000E+00  0.000E+00
   6.54844E+04  4.27280E-07  2.878E-08  1.46433E-08  1.786E-10  0.00000E+00  0.000E+00
   6.65156E+04  4.18044E-07  2.846E-08  2.35812E-08  2.101E-10  0.00000E+00  0.000E+00
   6.75469E+04  4.39821E-07  2.920E-08  3.19921E-08  2.351E-10  0.00000E+00  0.000E+00
   6.85781E+04  4.32537E-07  2.895E-08  1.36867E-08  1.734E-10  0.00000E+00  0.000E+00
   6.96094E+04  4.49005E-07  2.950E-08  1.88000E-08  1.854E-10  0.00000E+00  0.000E+00
   7.06406E+04  4.39793E-07  2.920E-08  1.01491E-08  1.451E-10  0.00000E+00  0.000E+00
   7.16719E+04  4.61611E-07  2.991E-08  9.97515E-09  1.439E-10  0.00000E+00  0.000E+00
   7.27031E+04  4.59669E-07  2.985E-08  9.82848E-09  1.422E-10  0.00000E+00  0.000E+00
   7.37344E+04  4.76640E-07  3.040E-08  9.59455E-09  1.412E-10  0.00000E+00  0.000E+00
   7.47656E+04  4.79550E-07  3.049E-08  9.48182E-09  1.412E-10  0.00000E+00  0.000E+00
   7.57969E+04  4.82945E-07  3.060E-08  9.13758E-09  1.374E-10  0.00000E+00  0.000E+00
   7.68281E+04  4.83424E-07  3.061E-08  9.01576E-09  1.369E-10  0.00000E+00  0.000E+00
   7.78594E+04  5.09601E-07  3.143E-08  8.80424E-09  1.358E-10  0.00000E+00  0.000E+00
   7.88906E+04  5.14452E-07  3.158E-08  8.66576E-09  1.348E-10  0.00000E+00  0.000E+00
   7.99219E+04  4.91176E-07  3.086E-08  8.34939E-09  1.321E-10  0.00000E+00  0.000E+00
   8.09531E+04  5.13478E-07  3.155E-08  8.27394E-09  1.315E-10  0.00000E+00  0.000E+00
   8.19844E+04  5.35295E-07  3.221E-08  7.96061E-09  1.295E-10  0.00000E+00  0.000E+00
   8.30156E+04  5.41114E-07  3.239E-08  7.68455E-09  1.266E-10  0.00000E+00  0.000E+00
   8.40469E+04  5.24139E-07  3.187E-08  7.42333E-09  1.239E-10  0.00000E+00  0.000E+00
   8.50781E+04  5.28989E-07  3.202E-08  7.41091E-09  1.244E-10  0.00000E+00  0.000E+00
   8.61094E+04  5.57596E-07  3.287E-08  7.15000E-09  1.231E-10  0.00000E+00  0.000E+00
   8.71406E+04  5.56143E-07  3.283E-08  6.94970E-09  1.207E-10  0.00000E+00  0.000E+00
   8.81719E+04  5.59536E-07  3.293E-08  6.81758E-09  1.190E-10  0.00000E+00  0.000E+00
   8.92031E+04  5.73108E-07  3.333E-08  6.58606E-09  1.178E-10  0.00000E+00  0.000E+00
   9.02344E+04  5.72626E-07  3.331E-08  6.42303E-09  1.160E-10  0.00000E+00  0.000E+00
   9.12656E+04  5.68744E-07  3.320E-08  6.28091E-09  1.149E-10  0.00000E+00  0.000E+00
   9.22969E+04  5.60501E-07  3.296E-08  6.12576E-09  1.137E-10  0.00000E+00  0.000E+00
   9.33281E+04  5.79406E-07  3.351E-08  6.00818E-09  1.127E-10  0.00000E+00  0.000E+00
   9.43594E+04  5.92014E-07  3.387E-08  5.80455E-09  1.113E-10  0.00000E+00  0.000E+00
   9.53906E+04  6.10923E-07  3.441E-08  5.63030E-09  1.084E-10  0.00000E+00  0.000E+00
   9.64219E+04  6.04620E-07  3.423E-08  5.50576E-09  1.078E-10  0.00000E+00  0.000E+00
   9.74531E+04  6.36132E-07  3.511E-08  5.34485E-09  1.066E-10  0.00000E+00  0.000E+00
   9.84844E+04  6.37101E-07  3.514E-08  5.21879E-09  1.046E-10  0.00000E+00  0.000E+00
   9.95156E+04  6.60372E-07  3.577E-08  5.08091E-09  1.039E-10  0.00000E+00  0.000E+00
   1.00547E+05  6.35645E-07  3.510E-08  5.01606E-09  1.033E-10  0.00000E+00  0.000E+00
   1.01578E+05  6.60860E-07  3.579E-08  4.72545E-09  1.002E-10  0.00000E+00  0.000E+00
   1.02609E+05  6.54556E-07  3.562E-08  4.62030E-09  9.876E-11  0.00000E+00  0.000E+00
   1.03641E+05  6.60372E-07  3.577E-08  4.49242E-09  9.746E-11  0.00000E+00  0.000E+00
   1.04672E+05  6.76856E-07  3.622E-08  4.40576E-09  9.659E-11  0.00000E+00  0.000E+00
   1.05703E+05  6.95766E-07  3.672E-08  4.34606E-09  9.716E-11  0.00000E+00  0.000E+00
   1.06734E+05  7.04489E-07  3.695E-08  4.06970E-09  9.357E-11  0.00000E+00  0.000E+00
   1.07766E+05  6.75400E-07  3.618E-08  3.92455E-09  9.119E-11  0.00000E+00  0.000E+00
   1.08797E+05  7.63159E-07  3.846E-08  3.83879E-09  9.054E-11  0.00000E+00  0.000E+00
   1.09828E+05  7.08855E-07  3.706E-08  3.69455E-09  8.824E-11  0.00000E+00  0.000E+00
   1.10859E+05  7.46673E-07  3.804E-08  3.54030E-09  8.703E-11  0.00000E+00  0.000E+00
   1.11891E+05  7.61703E-07  3.842E-08  3.47788E-09  8.630E-11  0.00000E+00  0.000E+00
   1.12922E+05  7.52973E-07  3.820E-08  3.36485E-09  8.494E-11  0.00000E+00  0.000E+00
   1.13953E+05  7.71882E-07  3.868E-08  3.28636E-09  8.392E-11  0.00000E+00  0.000E+00
   1.14984E+05  7.89341E-07  3.911E-08  3.11727E-09  8.174E-11  0.00000E+00  0.000E+00
   1.16016E+05  8.10185E-07  3.962E-08  2.91091E-09  7.807E-11  0.00000E+00  0.000E+00
   1.17047E+05  8.20367E-07  3.987E-08  2.94697E-09  7.916E-11  0.00000E+00  0.000E+00
   1.18078E+05  8.66426E-07  4.097E-08  2.83758E-09  7.788E-11  0.00000E+00  0.000E+00
   1.19109E+05  8.78548E-07  4.126E-08  2.72818E-09  7.632E-11  0.00000E+00  0.000E+00
   1.20141E+05  8.83397E-07  4.137E-08  2.54970E-09  7.362E-11  0.00000E+00  0.000E+00
   1.21172E+05  9.34790E-07  4.256E-08  2.45788E-09  7.267E-11  0.00000E+00  0.000E+00
   1.22203E+05  8.94064E-07  4.162E-08  2.32485E-09  7.024E-11  0.00000E+00  0.000E+00
   1.23234E+05  9.66304E-07  4.327E-08  2.20424E-09  6.838E-11  0.00000E+00  0.000E+00
   1.24266E+05  9.85213E-07  4.369E-08  2.15212E-09  6.748E-11  0.00000E+00  0.000E+00
   1.25297E+05  9.96852E-07  4.395E-08  2.06727E-09  6.691E-11  0.00000E+00  0.000E+00
   1.26328E+05  1.03273E-06  4.473E-08  1.94636E-09  6.476E-11  0.00000E+00  0.000E+00
   1.27359E+05  1.13503E-06  4.689E-08  1.84515E-09  6.282E-11  0.00000E+00  0.000E+00
   1.28391E+05  1.10788E-06  4.633E-08  1.75909E-09  6.111E-11  0.00000E+00  0.000E+00
   1.29422E+05  1.13455E-06  4.688E-08  1.67364E-09  5.951E-11  0.00000E+00  0.000E+00
   1.30453E+05  1.18933E-06  4.800E-08  1.56152E-09  5.787E-11  0.00000E+00  0.000E+00
   1.31484E+05  1.19758E-06  4.816E-08  1.46333E-09  5.589E-11  0.00000E+00  0.000E+00
   1.32516E+05  1.26158E-06  4.943E-08  1.38606E-09  5.429E-11  0.00000E+00  0.000E+00
   1.33547E+05  1.24897E-06  4.918E-08  1.21000E-09  5.061E-11  0.00000E+00  0.000E+00
   1.34578E+05  1.30715E-06  5.032E-08  1.17576E-09  4.984E-11  0.00000E+00  0.000E+00
   1.35609E+05  1.38958E-06  5.188E-08  1.06212E-09  4.733E-11  0.00000E+00  0.000E+00
   1.36641E+05  1.43030E-06  5.263E-08  9.84242E-10  4.581E-11  0.00000E+00  0.000E+00
   1.37672E+05  1.42691E-06  5.257E-08  9.17273E-10  4.418E-11  0.00000E+00  0.000E+00
   1.38703E+05  1.53988E-06  5.460E-08  8.29697E-10  4.178E-11  0.00000E+00  0.000E+00
   1.39734E+05  1.56315E-06  5.502E-08  7.20303E-10  3.858E-11  0.00000E+00  0.000E+00
   1.40766E+05  1.58885E-06  5.546E-08  6.20606E-10  3.551E-11  0.00000E+00  0.000E+00
   1.41797E+05  1.58545E-06  5.541E-08  5.34242E-10  3.317E-11  0.00000E+00  0.000E+00
   1.42828E+05  1.59855E-06  5.563E-08  4.63030E-10  3.110E-11  0.00000E+00  0.000E+00
   1.43859E+05  1.64364E-06  5.641E-08  3.75152E-10  2.854E-11  0.00000E+00  0.000E+00
   1.44891E+05  1.58497E-06  5.540E-08  3.20909E-10  2.586E-11  0.00000E+00  0.000E+00
   1.45922E+05  1.52242E-06  5.429E-08  2.49697E-10  2.320E-11  0.00000E+00  0.000E+00
   1.46953E+05  1.47830E-06  5.350E-08  1.76970E-10  1.956E-11  0.00000E+00  0.000E+00
   1.47984E+05  1.41576E-06  5.236E-08  1.15758E-10  1.622E-11  0.00000E+00  0.000E+00
   1.49016E+05  1.32364E-06  5.063E-08  3.75758E-11  8.354E-12  0.00000E+00  0.000E+00
   1.50047E+05  7.30667E-07  3.763E-08  5.15152E-12  3.374E-12  0.00000E+00  0.000E+00
   1.51078E+05  0.00000E+00  0.000E+00  0.00000E+00  0.000E+00  0.00000E+00  0.000E+00
   1.52109E+05  0.00000E+00  0.000E+00  0.00000E+00  0.000E+00  0.00000E+00  0.000E+00
   1.53141E+05  0.00000E+00  0.000E+00  0.00000E+00  0.000E+00  0.00000E+00  0.000E+00
   1.54172E+05  0.00000E+00  0.000E+00  0.00000E+00  0.000E+00  0.00000E+00  0.000E+00
   1.55203E+05  0.00000E+00  0.000E+00  0.00000E+00  0.000E+00  0.00000E+00  0.000E+00
   1.56234E+05  0.00000E+00  0.000E+00  0.00000E+00  0.000E+00  0.00000E+00  0.000E+00
   1.57266E+05  0.00000E+00  0.000E+00  0.00000E+00  0.000E+00  0.00000E+00  0.000E+00
   1.58297E+05  0.00000E+00  0.000E+00  0.00000E+00  0.000E+00  0.00000E+00  0.000E+00
   1.59328E+05  0.00000E+00  0.000E+00  0.00000E+00  0.000E+00  0.00000E+00  0.000E+00
   1.60359E+05  0.00000E+00  0.000E+00  0.00000E+00  0.000E+00  0.00000E+00  0.000E+00
   1.61391E+05  0.00000E+00  0.000E+00  0.00000E+00  0.000E+00  0.00000E+00  0.000E+00
   1.62422E+05  0.00000E+00  0.000E+00  0.00000E+00  0.000E+00  0.00000E+00  0.000E+00
   1.63453E+05  0.00000E+00  0.000E+00  0.00000E+00  0.000E+00  0.00000E+00  0.000E+00
   1.64484E+05  0.00000E+00  0.000E+00  0.00000E+00  0.000E+00  0.00000E+00  0.000E+00
