#>>>>>>>>>>>>>>>>>>>>>>>>>>>>>>>>>>>>>>>>>>>>>>>>>>>>>>>>>>>>
# [SECTION REPORT IMPACT DETECTOR - ENERGY SPECTRUM]
# detector number:  1
# Units are 1/(eV*history)
#
# Linear scale
# Energy     min    ,    max    , number of bins
#        0.00000e+00 1.65000e+05    160
#
#             |      Total spectrum     |            electron     |               gamma     |            positron     |
#             |                         |                         |                         |                         |
# Energy (eV) |     prob    : +-2sigma  |     prob    : +-2sigma  |     prob    : +-2sigma  |     prob    : +-2sigma  |
  5.15625E+02   0.00000E+00   0.000E+00   0.00000E+00   0.000E+00   0.00000E+00   0.000E+00   0.00000E+00   0.000E+00 
  1.54688E+03   0.00000E+00   0.000E+00   0.00000E+00   0.000E+00   0.00000E+00   0.000E+00   0.00000E+00   0.000E+00 
  2.57812E+03   0.00000E+00   0.000E+00   0.00000E+00   0.000E+00   0.00000E+00   0.000E+00   0.00000E+00   0.000E+00 
  3.60938E+03   0.00000E+00   0.000E+00   0.00000E+00   0.000E+00   0.00000E+00   0.000E+00   0.00000E+00   0.000E+00 
  4.64062E+03   0.00000E+00   0.000E+00   0.00000E+00   0.000E+00   0.00000E+00   0.000E+00   0.00000E+00   0.000E+00 
  5.67188E+03   0.00000E+00   0.000E+00   0.00000E+00   0.000E+00   0.00000E+00   0.000E+00   0.00000E+00   0.000E+00 
  6.70312E+03   0.00000E+00   0.000E+00   0.00000E+00   0.000E+00   0.00000E+00   0.000E+00   0.00000E+00   0.000E+00 
  7.73438E+03   0.00000E+00   0.000E+00   0.00000E+00   0.000E+00   0.00000E+00   0.000E+00   0.00000E+00   0.000E+00 
  8.76562E+03   0.00000E+00   0.000E+00   0.00000E+00   0.000E+00   0.00000E+00   0.000E+00   0.00000E+00   0.000E+00 
  9.79688E+03   6.26127E-08   7.941E-09   3.60779E-08   7.938E-09   2.65348E-08   2.168E-10   0.00000E+00   0.000E+00 
  1.08281E+04   2.01152E-07   1.455E-08   1.21167E-07   1.455E-08   7.99845E-08   3.681E-10   0.00000E+00   0.000E+00 
  1.18594E+04   1.64870E-07   1.445E-08   1.19327E-07   1.445E-08   4.55430E-08   2.827E-10   0.00000E+00   0.000E+00 
  1.28906E+04   1.47232E-07   1.395E-08   1.12427E-07   1.395E-08   3.48042E-08   2.504E-10   0.00000E+00   0.000E+00 
  1.39219E+04   1.53275E-07   1.422E-08   1.16202E-07   1.422E-08   3.70727E-08   2.596E-10   0.00000E+00   0.000E+00 
  1.49531E+04   1.55079E-07   1.422E-08   1.15924E-07   1.422E-08   3.91545E-08   2.681E-10   0.00000E+00   0.000E+00 
  1.59844E+04   1.50155E-07   1.382E-08   1.09791E-07   1.382E-08   4.03639E-08   2.737E-10   0.00000E+00   0.000E+00 
  1.70156E+04   1.53375E-07   1.399E-08   1.11968E-07   1.399E-08   4.14067E-08   2.786E-10   0.00000E+00   0.000E+00 
  1.80469E+04   1.56764E-07   1.419E-08   1.14608E-07   1.419E-08   4.21555E-08   2.822E-10   0.00000E+00   0.000E+00 
  1.90781E+04   1.52928E-07   1.396E-08   1.10521E-07   1.395E-08   4.24070E-08   2.847E-10   0.00000E+00   0.000E+00 
  2.01094E+04   1.53450E-07   1.399E-08   1.10720E-07   1.399E-08   4.27303E-08   2.873E-10   0.00000E+00   0.000E+00 
  2.11406E+04   1.59344E-07   1.448E-08   1.17208E-07   1.448E-08   4.21355E-08   2.857E-10   0.00000E+00   0.000E+00 
  2.21719E+04   1.60903E-07   1.461E-08   1.18811E-07   1.461E-08   4.20918E-08   2.875E-10   0.00000E+00   0.000E+00 
  2.32031E+04   1.60452E-07   1.468E-08   1.19222E-07   1.467E-08   4.12303E-08   2.852E-10   0.00000E+00   0.000E+00 
  2.42344E+04   1.66275E-07   1.512E-08   1.25268E-07   1.512E-08   4.10073E-08   2.864E-10   0.00000E+00   0.000E+00 
  2.52656E+04   1.67149E-07   1.527E-08   1.27061E-07   1.527E-08   4.00882E-08   2.843E-10   0.00000E+00   0.000E+00 
  2.62969E+04   1.56878E-07   1.471E-08   1.17649E-07   1.471E-08   3.92294E-08   2.815E-10   0.00000E+00   0.000E+00 
  2.73281E+04   1.67658E-07   1.549E-08   1.29268E-07   1.548E-08   3.83894E-08   2.795E-10   0.00000E+00   0.000E+00 
  2.83594E+04   1.70072E-07   1.573E-08   1.32711E-07   1.573E-08   3.73606E-08   2.763E-10   0.00000E+00   0.000E+00 
  2.93906E+04   1.67692E-07   1.567E-08   1.31419E-07   1.567E-08   3.62730E-08   2.725E-10   0.00000E+00   0.000E+00 
  3.04219E+04   1.51542E-07   1.474E-08   1.16341E-07   1.474E-08   3.52009E-08   2.691E-10   0.00000E+00   0.000E+00 
  3.14531E+04   1.67561E-07   1.582E-08   1.32984E-07   1.581E-08   3.45773E-08   2.680E-10   0.00000E+00   0.000E+00 
  3.24844E+04   1.68441E-07   1.597E-08   1.35176E-07   1.596E-08   3.32648E-08   2.625E-10   0.00000E+00   0.000E+00 
  3.35156E+04   1.95523E-07   1.759E-08   1.63098E-07   1.759E-08   3.24245E-08   2.602E-10   0.00000E+00   0.000E+00 
  3.45469E+04   1.81096E-07   1.685E-08   1.49792E-07   1.685E-08   3.13045E-08   2.566E-10   0.00000E+00   0.000E+00 
  3.55781E+04   1.89333E-07   1.737E-08   1.58851E-07   1.737E-08   3.04827E-08   2.536E-10   0.00000E+00   0.000E+00 
  3.66094E+04   1.82544E-07   1.705E-08   1.52882E-07   1.704E-08   2.96615E-08   2.499E-10   0.00000E+00   0.000E+00 
  3.76406E+04   1.91186E-07   1.759E-08   1.62554E-07   1.759E-08   2.86318E-08   2.455E-10   0.00000E+00   0.000E+00 
  3.86719E+04   2.04896E-07   1.842E-08   1.77032E-07   1.842E-08   2.78636E-08   2.431E-10   0.00000E+00   0.000E+00 
  3.97031E+04   1.96485E-07   1.799E-08   1.69669E-07   1.798E-08   2.68164E-08   2.385E-10   0.00000E+00   0.000E+00 
  4.07344E+04   1.91369E-07   1.775E-08   1.65235E-07   1.775E-08   2.61342E-08   2.354E-10   0.00000E+00   0.000E+00 
  4.17656E+04   1.98315E-07   1.817E-08   1.73038E-07   1.817E-08   2.52770E-08   2.316E-10   0.00000E+00   0.000E+00 
  4.27969E+04   2.00792E-07   1.835E-08   1.76192E-07   1.835E-08   2.45994E-08   2.288E-10   0.00000E+00   0.000E+00 
  4.38281E+04   2.05602E-07   1.865E-08   1.81863E-07   1.865E-08   2.37391E-08   2.244E-10   0.00000E+00   0.000E+00 
  4.48594E+04   2.17407E-07   1.927E-08   1.94148E-07   1.927E-08   2.32594E-08   2.228E-10   0.00000E+00   0.000E+00 
  4.58906E+04   2.08306E-07   1.885E-08   1.85715E-07   1.885E-08   2.25903E-08   2.194E-10   0.00000E+00   0.000E+00 
  4.69219E+04   2.35701E-07   2.025E-08   2.13837E-07   2.025E-08   2.18639E-08   2.167E-10   0.00000E+00   0.000E+00 
  4.79531E+04   2.25207E-07   1.978E-08   2.03997E-07   1.978E-08   2.12094E-08   2.129E-10   0.00000E+00   0.000E+00 
  4.89844E+04   2.27979E-07   1.994E-08   2.07169E-07   1.994E-08   2.08103E-08   2.113E-10   0.00000E+00   0.000E+00 
  5.00156E+04   2.44306E-07   2.075E-08   2.24019E-07   2.075E-08   2.02867E-08   2.088E-10   0.00000E+00   0.000E+00 
  5.10469E+04   2.46382E-07   2.089E-08   2.26928E-07   2.089E-08   1.94536E-08   2.038E-10   0.00000E+00   0.000E+00 
  5.20781E+04   2.30007E-07   2.015E-08   2.11254E-07   2.015E-08   1.87533E-08   2.000E-10   0.00000E+00   0.000E+00 
  5.31094E+04   2.56709E-07   2.146E-08   2.38377E-07   2.146E-08   1.83327E-08   1.975E-10   0.00000E+00   0.000E+00 
  5.41406E+04   2.70358E-07   2.205E-08   2.52447E-07   2.205E-08   1.79109E-08   1.959E-10   0.00000E+00   0.000E+00 
  5.51719E+04   2.71491E-07   2.213E-08   2.54135E-07   2.213E-08   1.73558E-08   1.922E-10   0.00000E+00   0.000E+00 
  5.62031E+04   2.67291E-07   2.198E-08   2.50636E-07   2.198E-08   1.66548E-08   1.886E-10   0.00000E+00   0.000E+00 
  5.72344E+04   2.72634E-07   2.224E-08   2.56375E-07   2.224E-08   1.62597E-08   1.867E-10   0.00000E+00   0.000E+00 
  5.82656E+04   3.30643E-07   2.276E-08   2.68375E-07   2.276E-08   6.22676E-08   3.143E-10   0.00000E+00   0.000E+00 
  5.92969E+04   3.68200E-07   2.287E-08   2.70705E-07   2.286E-08   9.74955E-08   3.908E-10   0.00000E+00   0.000E+00 
  6.03281E+04   2.86501E-07   2.290E-08   2.71555E-07   2.290E-08   1.49458E-08   1.794E-10   0.00000E+00   0.000E+00 
  6.13594E+04   3.03644E-07   2.365E-08   2.89376E-07   2.365E-08   1.42673E-08   1.752E-10   0.00000E+00   0.000E+00 
  6.23906E+04   3.25923E-07   2.457E-08   3.12021E-07   2.457E-08   1.39021E-08   1.727E-10   0.00000E+00   0.000E+00 
  6.34219E+04   3.33450E-07   2.487E-08   3.19763E-07   2.487E-08   1.36873E-08   1.720E-10   0.00000E+00   0.000E+00 
  6.44531E+04   3.43087E-07   2.527E-08   3.29794E-07   2.526E-08   1.32933E-08   1.692E-10   0.00000E+00   0.000E+00 
  6.54844E+04   3.37065E-07   2.506E-08   3.24364E-07   2.506E-08   1.27006E-08   1.657E-10   0.00000E+00   0.000E+00 
  6.65156E+04   3.71066E-07   2.600E-08   3.48999E-07   2.600E-08   2.20664E-08   1.993E-10   0.00000E+00   0.000E+00 
  6.75469E+04   4.06425E-07   2.697E-08   3.75527E-07   2.697E-08   3.08988E-08   2.268E-10   0.00000E+00   0.000E+00 
  6.85781E+04   3.78018E-07   2.664E-08   3.66216E-07   2.664E-08   1.18018E-08   1.604E-10   0.00000E+00   0.000E+00 
  6.96094E+04   3.89740E-07   2.687E-08   3.71485E-07   2.687E-08   1.82552E-08   1.814E-10   0.00000E+00   0.000E+00 
  7.06406E+04   3.97662E-07   2.741E-08   3.87475E-07   2.740E-08   1.01861E-08   1.468E-10   0.00000E+00   0.000E+00 
  7.16719E+04   4.13344E-07   2.800E-08   4.03468E-07   2.800E-08   9.87606E-09   1.440E-10   0.00000E+00   0.000E+00 
  7.27031E+04   4.17921E-07   2.813E-08   4.08314E-07   2.813E-08   9.60667E-09   1.417E-10   0.00000E+00   0.000E+00 
  7.37344E+04   4.49822E-07   2.921E-08   4.40310E-07   2.921E-08   9.51212E-09   1.415E-10   0.00000E+00   0.000E+00 
  7.47656E+04   4.12297E-07   2.795E-08   4.02976E-07   2.795E-08   9.32061E-09   1.405E-10   0.00000E+00   0.000E+00 
  7.57969E+04   4.50832E-07   2.926E-08   4.41765E-07   2.926E-08   9.06727E-09   1.386E-10   0.00000E+00   0.000E+00 
  7.68281E+04   4.66619E-07   2.979E-08   4.57754E-07   2.979E-08   8.86545E-09   1.371E-10   0.00000E+00   0.000E+00 
  7.78594E+04   4.79444E-07   3.021E-08   4.70845E-07   3.021E-08   8.59848E-09   1.349E-10   0.00000E+00   0.000E+00 
  7.88906E+04   4.68943E-07   2.988E-08   4.60662E-07   2.988E-08   8.28091E-09   1.318E-10   0.00000E+00   0.000E+00 
  7.99219E+04   5.05778E-07   3.105E-08   4.97504E-07   3.105E-08   8.27424E-09   1.324E-10   0.00000E+00   0.000E+00 
  8.09531E+04   4.70532E-07   2.994E-08   4.62595E-07   2.994E-08   7.93697E-09   1.293E-10   0.00000E+00   0.000E+00 
  8.19844E+04   5.23748E-07   3.162E-08   5.15929E-07   3.162E-08   7.81909E-09   1.290E-10   0.00000E+00   0.000E+00 
  8.30156E+04   5.29681E-07   3.182E-08   5.22226E-07   3.181E-08   7.45455E-09   1.250E-10   0.00000E+00   0.000E+00 
  8.40469E+04   5.42645E-07   3.221E-08   5.35314E-07   3.221E-08   7.33061E-09   1.246E-10   0.00000E+00   0.000E+00 
  8.50781E+04   5.64918E-07   3.288E-08   5.57616E-07   3.287E-08   7.30212E-09   1.249E-10   0.00000E+00   0.000E+00 
  8.61094E+04   5.84464E-07   3.346E-08   5.77493E-07   3.346E-08   6.97061E-09   1.221E-10   0.00000E+00   0.000E+00 
  8.71406E+04   6.02762E-07   3.398E-08   5.95918E-07   3.398E-08   6.84485E-09   1.201E-10   0.00000E+00   0.000E+00 
  8.81719E+04   6.20542E-07   3.449E-08   6.13861E-07   3.449E-08   6.68182E-09   1.188E-10   0.00000E+00   0.000E+00 
  8.92031E+04   6.48965E-07   3.529E-08   6.42460E-07   3.529E-08   6.50515E-09   1.174E-10   0.00000E+00   0.000E+00 
  9.02344E+04   6.53490E-07   3.542E-08   6.47304E-07   3.542E-08   6.18606E-09   1.140E-10   0.00000E+00   0.000E+00 
  9.12656E+04   6.77191E-07   3.606E-08   6.71064E-07   3.606E-08   6.12697E-09   1.142E-10   0.00000E+00   0.000E+00 
  9.22969E+04   7.10993E-07   3.696E-08   7.05006E-07   3.696E-08   5.98667E-09   1.132E-10   0.00000E+00   0.000E+00 
  9.33281E+04   7.27288E-07   3.739E-08   7.21488E-07   3.739E-08   5.80091E-09   1.108E-10   0.00000E+00   0.000E+00 
  9.43594E+04   7.31510E-07   3.750E-08   7.25841E-07   3.750E-08   5.66848E-09   1.104E-10   0.00000E+00   0.000E+00 
  9.53906E+04   8.00725E-07   3.925E-08   7.95178E-07   3.925E-08   5.54606E-09   1.088E-10   0.00000E+00   0.000E+00 
  9.64219E+04   7.36616E-07   3.764E-08   7.31179E-07   3.764E-08   5.43758E-09   1.077E-10   0.00000E+00   0.000E+00 
  9.74531E+04   8.14465E-07   3.960E-08   8.09238E-07   3.960E-08   5.22788E-09   1.059E-10   0.00000E+00   0.000E+00 
  9.84844E+04   8.27449E-07   3.992E-08   8.22326E-07   3.992E-08   5.12303E-09   1.049E-10   0.00000E+00   0.000E+00 
  9.95156E+04   8.74867E-07   4.105E-08   8.69842E-07   4.105E-08   5.02485E-09   1.040E-10   0.00000E+00   0.000E+00 
  1.00547E+05   8.87731E-07   4.136E-08   8.82933E-07   4.136E-08   4.79788E-09   1.015E-10   0.00000E+00   0.000E+00 
  1.01578E+05   9.54464E-07   4.290E-08   9.49839E-07   4.290E-08   4.62455E-09   9.952E-11   0.00000E+00   0.000E+00 
  1.02609E+05   9.54841E-07   4.291E-08   9.50326E-07   4.291E-08   4.51515E-09   9.818E-11   0.00000E+00   0.000E+00 
  1.03641E+05   9.84317E-07   4.357E-08   9.79906E-07   4.357E-08   4.41091E-09   9.768E-11   0.00000E+00   0.000E+00 
  1.04672E+05   1.02051E-06   4.437E-08   1.01626E-06   4.437E-08   4.24667E-09   9.532E-11   0.00000E+00   0.000E+00 
  1.05703E+05   1.05829E-06   4.519E-08   1.05407E-06   4.519E-08   4.21121E-09   9.478E-11   0.00000E+00   0.000E+00 
  1.06734E+05   1.05570E-06   4.514E-08   1.05165E-06   4.514E-08   4.05000E-09   9.278E-11   0.00000E+00   0.000E+00 
  1.07766E+05   1.12058E-06   4.651E-08   1.11662E-06   4.651E-08   3.95636E-09   9.171E-11   0.00000E+00   0.000E+00 
  1.08797E+05   1.18594E-06   4.785E-08   1.18207E-06   4.785E-08   3.86485E-09   9.150E-11   0.00000E+00   0.000E+00 
  1.09828E+05   1.19062E-06   4.795E-08   1.18692E-06   4.795E-08   3.69667E-09   8.844E-11   0.00000E+00   0.000E+00 
  1.10859E+05   1.24494E-06   4.903E-08   1.24122E-06   4.903E-08   3.71273E-09   8.932E-11   0.00000E+00   0.000E+00 
  1.11891E+05   1.28736E-06   4.987E-08   1.28389E-06   4.987E-08   3.46909E-09   8.584E-11   0.00000E+00   0.000E+00 
  1.12922E+05   1.36919E-06   5.143E-08   1.36583E-06   5.143E-08   3.36152E-09   8.433E-11   0.00000E+00   0.000E+00 
  1.13953E+05   1.35456E-06   5.116E-08   1.35128E-06   5.116E-08   3.27939E-09   8.368E-11   0.00000E+00   0.000E+00 
  1.14984E+05   1.38349E-06   5.170E-08   1.38037E-06   5.170E-08   3.11970E-09   8.145E-11   0.00000E+00   0.000E+00 
  1.16016E+05   1.47892E-06   5.346E-08   1.47589E-06   5.346E-08   3.03182E-09   8.037E-11   0.00000E+00   0.000E+00 
  1.17047E+05   1.52494E-06   5.429E-08   1.52195E-06   5.429E-08   2.99697E-09   8.034E-11   0.00000E+00   0.000E+00 
  1.18078E+05   1.61058E-06   5.579E-08   1.60777E-06   5.579E-08   2.81424E-09   7.663E-11   0.00000E+00   0.000E+00 
  1.19109E+05   1.62065E-06   5.597E-08   1.61794E-06   5.597E-08   2.70939E-09   7.568E-11   0.00000E+00   0.000E+00 
  1.20141E+05   1.74425E-06   5.807E-08   1.74158E-06   5.806E-08   2.66182E-09   7.523E-11   0.00000E+00   0.000E+00 
  1.21172E+05   1.85319E-06   5.985E-08   1.85067E-06   5.985E-08   2.51364E-09   7.274E-11   0.00000E+00   0.000E+00 
  1.22203E+05   1.89771E-06   6.057E-08   1.89528E-06   6.057E-08   2.43727E-09   7.253E-11   0.00000E+00   0.000E+00 
  1.23234E+05   1.97133E-06   6.173E-08   1.96898E-06   6.173E-08   2.35182E-09   7.070E-11   0.00000E+00   0.000E+00 
  1.24266E+05   2.04302E-06   6.284E-08   2.04073E-06   6.284E-08   2.28576E-09   7.005E-11   0.00000E+00   0.000E+00 
  1.25297E+05   2.21507E-06   6.544E-08   2.21285E-06   6.544E-08   2.21394E-09   6.886E-11   0.00000E+00   0.000E+00 
  1.26328E+05   2.23045E-06   6.566E-08   2.22837E-06   6.566E-08   2.08697E-09   6.641E-11   0.00000E+00   0.000E+00 
  1.27359E+05   2.33457E-06   6.718E-08   2.33261E-06   6.718E-08   1.95879E-09   6.401E-11   0.00000E+00   0.000E+00 
  1.28391E+05   2.50180E-06   6.954E-08   2.49988E-06   6.954E-08   1.91818E-09   6.394E-11   0.00000E+00   0.000E+00 
  1.29422E+05   2.71264E-06   7.241E-08   2.71079E-06   7.241E-08   1.85455E-09   6.317E-11   0.00000E+00   0.000E+00 
  1.30453E+05   2.85314E-06   7.425E-08   2.85140E-06   7.425E-08   1.74939E-09   6.046E-11   0.00000E+00   0.000E+00 
  1.31484E+05   2.98158E-06   7.590E-08   2.97988E-06   7.590E-08   1.70030E-09   6.024E-11   0.00000E+00   0.000E+00 
  1.32516E+05   3.22629E-06   7.895E-08   3.22473E-06   7.895E-08   1.56242E-09   5.704E-11   0.00000E+00   0.000E+00 
  1.33547E+05   3.40799E-06   8.114E-08   3.40655E-06   8.114E-08   1.44636E-09   5.572E-11   0.00000E+00   0.000E+00 
  1.34578E+05   3.60963E-06   8.350E-08   3.60824E-06   8.350E-08   1.38667E-09   5.385E-11   0.00000E+00   0.000E+00 
  1.35609E+05   3.87815E-06   8.654E-08   3.87685E-06   8.654E-08   1.30333E-09   5.206E-11   0.00000E+00   0.000E+00 
  1.36641E+05   4.18544E-06   8.989E-08   4.18424E-06   8.989E-08   1.20061E-09   5.004E-11   0.00000E+00   0.000E+00 
  1.37672E+05   4.52626E-06   9.346E-08   4.52509E-06   9.346E-08   1.16727E-09   4.928E-11   0.00000E+00   0.000E+00 
  1.38703E+05   4.89802E-06   9.721E-08   4.89697E-06   9.721E-08   1.05212E-09   4.707E-11   0.00000E+00   0.000E+00 
  1.39734E+05   5.31829E-06   1.013E-07   5.31733E-06   1.013E-07   9.54848E-10   4.514E-11   0.00000E+00   0.000E+00 
  1.40766E+05   5.91507E-06   1.068E-07   5.91418E-06   1.068E-07   8.92727E-10   4.349E-11   0.00000E+00   0.000E+00 
  1.41797E+05   6.38235E-06   1.109E-07   6.38158E-06   1.109E-07   7.76364E-10   4.016E-11   0.00000E+00   0.000E+00 
  1.42828E+05   6.95970E-06   1.158E-07   6.95903E-06   1.158E-07   6.71818E-10   3.685E-11   0.00000E+00   0.000E+00 
  1.43859E+05   7.59141E-06   1.209E-07   7.59079E-06   1.209E-07   6.20303E-10   3.589E-11   0.00000E+00   0.000E+00 
  1.44891E+05   8.32538E-06   1.265E-07   8.32485E-06   1.265E-07   5.28485E-10   3.267E-11   0.00000E+00   0.000E+00 
  1.45922E+05   9.20624E-06   1.330E-07   9.20582E-06   1.330E-07   4.22121E-10   2.914E-11   0.00000E+00   0.000E+00 
  1.46953E+05   9.74531E-06   1.368E-07   9.74497E-06   1.368E-07   3.42121E-10   2.566E-11   0.00000E+00   0.000E+00 
  1.47984E+05   9.99295E-06   1.385E-07   9.99273E-06   1.385E-07   2.21212E-10   2.059E-11   0.00000E+00   0.000E+00 
  1.49016E+05   8.91649E-06   1.309E-07   8.91636E-06   1.309E-07   1.28182E-10   1.572E-11   0.00000E+00   0.000E+00 
  1.50047E+05   4.15033E-06   8.952E-08   4.15030E-06   8.952E-08   2.36364E-11   6.803E-12   0.00000E+00   0.000E+00 
  1.51078E+05   0.00000E+00   0.000E+00   0.00000E+00   0.000E+00   0.00000E+00   0.000E+00   0.00000E+00   0.000E+00 
  1.52109E+05   0.00000E+00   0.000E+00   0.00000E+00   0.000E+00   0.00000E+00   0.000E+00   0.00000E+00   0.000E+00 
  1.53141E+05   0.00000E+00   0.000E+00   0.00000E+00   0.000E+00   0.00000E+00   0.000E+00   0.00000E+00   0.000E+00 
  1.54172E+05   0.00000E+00   0.000E+00   0.00000E+00   0.000E+00   0.00000E+00   0.000E+00   0.00000E+00   0.000E+00 
  1.55203E+05   0.00000E+00   0.000E+00   0.00000E+00   0.000E+00   0.00000E+00   0.000E+00   0.00000E+00   0.000E+00 
  1.56234E+05   0.00000E+00   0.000E+00   0.00000E+00   0.000E+00   0.00000E+00   0.000E+00   0.00000E+00   0.000E+00 
  1.57266E+05   0.00000E+00   0.000E+00   0.00000E+00   0.000E+00   0.00000E+00   0.000E+00   0.00000E+00   0.000E+00 
  1.58297E+05   0.00000E+00   0.000E+00   0.00000E+00   0.000E+00   0.00000E+00   0.000E+00   0.00000E+00   0.000E+00 
  1.59328E+05   0.00000E+00   0.000E+00   0.00000E+00   0.000E+00   0.00000E+00   0.000E+00   0.00000E+00   0.000E+00 
  1.60359E+05   0.00000E+00   0.000E+00   0.00000E+00   0.000E+00   0.00000E+00   0.000E+00   0.00000E+00   0.000E+00 
  1.61391E+05   0.00000E+00   0.000E+00   0.00000E+00   0.000E+00   0.00000E+00   0.000E+00   0.00000E+00   0.000E+00 
  1.62422E+05   0.00000E+00   0.000E+00   0.00000E+00   0.000E+00   0.00000E+00   0.000E+00   0.00000E+00   0.000E+00 
  1.63453E+05   0.00000E+00   0.000E+00   0.00000E+00   0.000E+00   0.00000E+00   0.000E+00   0.00000E+00   0.000E+00 
  1.64484E+05   0.00000E+00   0.000E+00   0.00000E+00   0.000E+00   0.00000E+00   0.000E+00   0.00000E+00   0.000E+00 
