#------------------------------------------------------------
# PenRed: Integrated fluence spectrum
#
# The spectral fluence is integrated over the detector volume. Its units are cm/eV.
#
# Detector:
#  3
# Number of energy bins:
#  120
# Linear energy scale, bin width (eV):
#   5.83333E+04
#
#
#
#                                 |        Total fluence      |             electron      |                gamma      |             positron      |
#                                 |                           |                           |                           |                           |
# nbin :  Elow(eV)  : Emiddle(eV) | fluence(cm/eV) : +-2sigma | fluence(cm/eV) : +-2sigma | fluence(cm/eV) : +-2sigma | fluence(cm/eV) : +-2sigma | 
     0   0.00000E+00  2.91667E+04     1.48448E-09     2.2E-11     0.00000E+00     0.0E+00     1.48448E-09     2.2E-11     0.00000E+00     0.0E+00   
     1   5.83333E+04  8.75000E+04     4.48496E-09     4.0E-11     1.47459E-11     9.4E-14     4.47013E-09     4.0E-11     8.83269E-14     5.2E-15   
     2   1.16667E+05  1.45833E+05     3.59268E-09     3.3E-11     5.33499E-11     3.4E-13     3.53896E-09     3.2E-11     3.65730E-13     2.0E-14   
     3   1.75000E+05  2.04167E+05     2.63047E-09     2.7E-11     5.32881E-11     3.5E-13     2.57675E-09     2.7E-11     4.31221E-13     2.4E-14   
     4   2.33333E+05  2.62500E+05     2.33689E-09     2.6E-11     5.17104E-11     3.5E-13     2.28469E-09     2.6E-11     4.87379E-13     2.8E-14   
     5   2.91667E+05  3.20833E+05     2.23125E-09     2.6E-11     4.92744E-11     3.5E-13     2.18147E-09     2.5E-11     5.08130E-13     2.9E-14   
     6   3.50000E+05  3.79167E+05     2.18767E-09     2.5E-11     4.67224E-11     3.4E-13     2.14043E-09     2.5E-11     5.19234E-13     3.0E-14   
     7   4.08333E+05  4.37500E+05     2.08776E-09     2.4E-11     4.41910E-11     3.3E-13     2.04305E-09     2.4E-11     5.23426E-13     3.1E-14   
     8   4.66667E+05  4.95833E+05     2.30938E-09     2.4E-11     4.17212E-11     3.3E-13     2.26713E-09     2.4E-11     5.33714E-13     3.2E-14   
     9   5.25000E+05  5.54167E+05     1.77730E-09     2.0E-11     3.91895E-11     3.2E-13     1.73759E-09     2.0E-11     5.17400E-13     3.2E-14   
    10   5.83333E+05  6.12500E+05     1.68129E-09     1.9E-11     3.68706E-11     3.1E-13     1.64393E-09     1.9E-11     4.90646E-13     3.2E-14   
    11   6.41667E+05  6.70833E+05     1.60851E-09     1.8E-11     3.46524E-11     3.0E-13     1.57338E-09     1.8E-11     4.75017E-13     3.1E-14   
    12   7.00000E+05  7.29167E+05     1.54348E-09     1.7E-11     3.24817E-11     2.9E-13     1.51054E-09     1.7E-11     4.57721E-13     3.1E-14   
    13   7.58333E+05  7.87500E+05     1.49217E-09     1.7E-11     3.04679E-11     2.8E-13     1.46126E-09     1.7E-11     4.34542E-13     3.0E-14   
    14   8.16667E+05  8.45833E+05     1.43999E-09     1.7E-11     2.85762E-11     2.7E-13     1.41100E-09     1.7E-11     4.17668E-13     3.0E-14   
    15   8.75000E+05  9.04167E+05     1.38899E-09     1.7E-11     2.68997E-11     2.7E-13     1.36168E-09     1.7E-11     4.06463E-13     3.0E-14   
    16   9.33333E+05  9.62500E+05     1.35771E-09     1.7E-11     2.51730E-11     2.6E-13     1.33215E-09     1.6E-11     3.95922E-13     3.0E-14   
    17   9.91667E+05  1.02083E+06     1.31898E-09     1.6E-11     2.36010E-11     2.5E-13     1.29500E-09     1.6E-11     3.78072E-13     2.9E-14   
    18   1.05000E+06  1.07917E+06     1.29324E-09     1.6E-11     2.20512E-11     2.4E-13     1.27082E-09     1.6E-11     3.64227E-13     2.9E-14   
    19   1.10833E+06  1.13750E+06     1.23885E-09     1.6E-11     2.06705E-11     2.3E-13     1.21783E-09     1.6E-11     3.47344E-13     2.8E-14   
    20   1.16667E+06  1.19583E+06     1.21568E-09     1.6E-11     1.93389E-11     2.3E-13     1.19602E-09     1.6E-11     3.23594E-13     2.7E-14   
    21   1.22500E+06  1.25417E+06     1.18771E-09     1.6E-11     1.81410E-11     2.2E-13     1.16925E-09     1.6E-11     3.12317E-13     2.7E-14   
    22   1.28333E+06  1.31250E+06     1.13886E-09     1.6E-11     1.70576E-11     2.1E-13     1.12152E-09     1.6E-11     2.90396E-13     2.6E-14   
    23   1.34167E+06  1.37083E+06     1.10644E-09     1.6E-11     1.60160E-11     2.1E-13     1.09015E-09     1.6E-11     2.75329E-13     2.5E-14   
    24   1.40000E+06  1.42917E+06     1.06191E-09     1.6E-11     1.50385E-11     2.0E-13     1.04660E-09     1.6E-11     2.64703E-13     2.5E-14   
    25   1.45833E+06  1.48750E+06     1.04318E-09     1.6E-11     1.40953E-11     1.9E-13     1.02884E-09     1.6E-11     2.49440E-13     2.4E-14   
    26   1.51667E+06  1.54583E+06     1.00138E-09     1.6E-11     1.31934E-11     1.9E-13     9.87951E-10     1.6E-11     2.37007E-13     2.3E-14   
    27   1.57500E+06  1.60417E+06     9.67018E-10     1.6E-11     1.23987E-11     1.8E-13     9.54402E-10     1.6E-11     2.16976E-13     2.2E-14   
    28   1.63333E+06  1.66250E+06     9.30346E-10     1.5E-11     1.16408E-11     1.7E-13     9.18503E-10     1.5E-11     2.01853E-13     2.1E-14   
    29   1.69167E+06  1.72083E+06     9.00039E-10     1.6E-11     1.09471E-11     1.7E-13     8.88900E-10     1.6E-11     1.92186E-13     2.1E-14   
    30   1.75000E+06  1.77917E+06     8.74310E-10     1.6E-11     1.02900E-11     1.6E-13     8.63838E-10     1.6E-11     1.82414E-13     2.0E-14   
    31   1.80833E+06  1.83750E+06     8.43321E-10     1.5E-11     9.58211E-12     1.6E-13     8.33566E-10     1.5E-11     1.72923E-13     2.0E-14   
    32   1.86667E+06  1.89583E+06     7.96150E-10     1.5E-11     8.99923E-12     1.5E-13     7.86990E-10     1.5E-11     1.60433E-13     1.9E-14   
    33   1.92500E+06  1.95417E+06     7.82118E-10     1.5E-11     8.46584E-12     1.5E-13     7.73499E-10     1.5E-11     1.53128E-13     1.9E-14   
    34   1.98333E+06  2.01250E+06     7.39143E-10     1.5E-11     7.96551E-12     1.4E-13     7.31032E-10     1.5E-11     1.45570E-13     1.8E-14   
    35   2.04167E+06  2.07083E+06     7.11312E-10     1.5E-11     7.49236E-12     1.4E-13     7.03686E-10     1.5E-11     1.33777E-13     1.7E-14   
    36   2.10000E+06  2.12917E+06     6.88519E-10     1.5E-11     7.07479E-12     1.4E-13     6.81324E-10     1.5E-11     1.20292E-13     1.7E-14   
    37   2.15833E+06  2.18750E+06     6.53323E-10     1.4E-11     6.61193E-12     1.3E-13     6.46598E-10     1.4E-11     1.12456E-13     1.6E-14   
    38   2.21667E+06  2.24583E+06     6.36280E-10     1.4E-11     6.23596E-12     1.3E-13     6.29938E-10     1.4E-11     1.06416E-13     1.6E-14   
    39   2.27500E+06  2.30417E+06     6.07688E-10     1.4E-11     5.83074E-12     1.2E-13     6.01756E-10     1.4E-11     1.01373E-13     1.5E-14   
    40   2.33333E+06  2.36250E+06     5.90231E-10     1.4E-11     5.45260E-12     1.2E-13     5.84687E-10     1.4E-11     9.16480E-14     1.5E-14   
    41   2.39167E+06  2.42083E+06     5.64788E-10     1.4E-11     5.08974E-12     1.1E-13     5.59613E-10     1.4E-11     8.48093E-14     1.4E-14   
    42   2.45000E+06  2.47917E+06     5.32312E-10     1.4E-11     4.80718E-12     1.1E-13     5.27425E-10     1.4E-11     8.03795E-14     1.4E-14   
    43   2.50833E+06  2.53750E+06     5.16261E-10     1.3E-11     4.50719E-12     1.1E-13     5.11677E-10     1.3E-11     7.65820E-14     1.3E-14   
    44   2.56667E+06  2.59583E+06     4.97731E-10     1.3E-11     4.22794E-12     1.0E-13     4.93434E-10     1.3E-11     6.88385E-14     1.3E-14   
    45   2.62500E+06  2.65417E+06     4.81580E-10     1.3E-11     3.94214E-12     1.0E-13     4.77576E-10     1.3E-11     6.16704E-14     1.2E-14   
    46   2.68333E+06  2.71250E+06     4.75677E-10     1.3E-11     3.72016E-12     9.7E-14     4.71896E-10     1.3E-11     6.01815E-14     1.2E-14   
    47   2.74167E+06  2.77083E+06     4.51494E-10     1.3E-11     3.50430E-12     9.4E-14     4.47935E-10     1.3E-11     5.54989E-14     1.1E-14   
    48   2.80000E+06  2.82917E+06     4.24303E-10     1.2E-11     3.25207E-12     9.0E-14     4.21001E-10     1.2E-11     4.98935E-14     1.1E-14   
    49   2.85833E+06  2.88750E+06     4.16032E-10     1.3E-11     3.03510E-12     8.7E-14     4.12953E-10     1.3E-11     4.40011E-14     9.9E-15   
    50   2.91667E+06  2.94583E+06     3.91550E-10     1.2E-11     2.85160E-12     8.5E-14     3.88659E-10     1.2E-11     3.98436E-14     9.6E-15   
    51   2.97500E+06  3.00417E+06     3.81639E-10     1.3E-11     2.68967E-12     8.3E-14     3.78917E-10     1.3E-11     3.30175E-14     8.4E-15   
    52   3.03333E+06  3.06250E+06     3.63988E-10     1.2E-11     2.48933E-12     7.9E-14     3.61468E-10     1.2E-11     3.04300E-14     8.3E-15   
    53   3.09167E+06  3.12083E+06     3.51265E-10     1.2E-11     2.32124E-12     7.6E-14     3.48914E-10     1.2E-11     2.98672E-14     8.2E-15   
    54   3.15000E+06  3.17917E+06     3.36221E-10     1.2E-11     2.15114E-12     7.3E-14     3.34041E-10     1.2E-11     2.82139E-14     8.2E-15   
    55   3.20833E+06  3.23750E+06     3.20607E-10     1.2E-11     1.98386E-12     7.0E-14     3.18597E-10     1.2E-11     2.57619E-14     7.7E-15   
    56   3.26667E+06  3.29583E+06     3.05307E-10     1.1E-11     1.86686E-12     6.8E-14     3.03415E-10     1.1E-11     2.47189E-14     7.7E-15   
    57   3.32500E+06  3.35417E+06     2.98783E-10     1.2E-11     1.74228E-12     6.6E-14     2.97019E-10     1.2E-11     2.16731E-14     7.0E-15   
    58   3.38333E+06  3.41250E+06     2.92136E-10     1.1E-11     1.61548E-12     6.3E-14     2.90502E-10     1.1E-11     1.82488E-14     6.4E-15   
    59   3.44167E+06  3.47083E+06     2.88850E-10     1.2E-11     1.50745E-12     6.1E-14     2.87325E-10     1.2E-11     1.73955E-14     6.5E-15   
    60   3.50000E+06  3.52917E+06     2.76837E-10     1.2E-11     1.39270E-12     5.9E-14     2.75429E-10     1.2E-11     1.50094E-14     5.7E-15   
    61   3.55833E+06  3.58750E+06     2.67131E-10     1.1E-11     1.28993E-12     5.7E-14     2.65829E-10     1.1E-11     1.25392E-14     5.2E-15   
    62   3.61667E+06  3.64583E+06     2.46409E-10     1.1E-11     1.20060E-12     5.5E-14     2.45199E-10     1.1E-11     9.51071E-15     4.8E-15   
    63   3.67500E+06  3.70417E+06     2.45113E-10     1.1E-11     1.12345E-12     5.3E-14     2.43983E-10     1.1E-11     6.45110E-15     3.8E-15   
    64   3.73333E+06  3.76250E+06     2.25836E-10     1.0E-11     1.03783E-12     5.1E-14     2.24791E-10     1.0E-11     6.47648E-15     3.5E-15   
    65   3.79167E+06  3.82083E+06     2.22819E-10     1.0E-11     9.57617E-13     4.9E-14     2.21855E-10     1.0E-11     6.76292E-15     3.9E-15   
    66   3.85000E+06  3.87917E+06     2.08553E-10     1.0E-11     8.87889E-13     4.7E-14     2.07660E-10     1.0E-11     5.76531E-15     3.4E-15   
    67   3.90833E+06  3.93750E+06     2.00129E-10     1.0E-11     8.31703E-13     4.6E-14     1.99293E-10     1.0E-11     4.97225E-15     3.3E-15   
    68   3.96667E+06  3.99583E+06     1.96394E-10     1.0E-11     7.61774E-13     4.4E-14     1.95628E-10     1.0E-11     3.87091E-15     3.0E-15   
    69   4.02500E+06  4.05417E+06     1.92815E-10     1.0E-11     6.89263E-13     4.1E-14     1.92122E-10     1.0E-11     3.27833E-15     2.7E-15   
    70   4.08333E+06  4.11250E+06     1.83430E-10     9.7E-12     6.17902E-13     3.9E-14     1.82809E-10     9.7E-12     3.51251E-15     2.9E-15   
    71   4.14167E+06  4.17083E+06     1.76285E-10     9.6E-12     5.62129E-13     3.7E-14     1.75720E-10     9.6E-12     2.74258E-15     2.8E-15   
    72   4.20000E+06  4.22917E+06     1.68402E-10     9.5E-12     5.09208E-13     3.5E-14     1.67891E-10     9.5E-12     1.95481E-15     2.0E-15   
    73   4.25833E+06  4.28750E+06     1.54734E-10     8.7E-12     4.66648E-13     3.4E-14     1.54266E-10     8.7E-12     1.69852E-15     1.8E-15   
    74   4.31667E+06  4.34583E+06     1.58288E-10     9.6E-12     4.35644E-13     3.3E-14     1.57850E-10     9.6E-12     1.52521E-15     1.9E-15   
    75   4.37500E+06  4.40417E+06     1.54531E-10     9.2E-12     3.84869E-13     3.0E-14     1.54144E-10     9.2E-12     1.36772E-15     1.9E-15   
    76   4.43333E+06  4.46250E+06     1.40382E-10     8.7E-12     3.49865E-13     2.9E-14     1.40031E-10     8.7E-12     1.09668E-15     1.6E-15   
    77   4.49167E+06  4.52083E+06     1.36920E-10     8.8E-12     2.95512E-13     2.7E-14     1.36624E-10     8.8E-12     0.00000E+00     0.0E+00   
    78   4.55000E+06  4.57917E+06     1.28400E-10     8.6E-12     2.63032E-13     2.5E-14     1.28137E-10     8.6E-12     0.00000E+00     0.0E+00   
    79   4.60833E+06  4.63750E+06     1.21703E-10     8.4E-12     2.28856E-13     2.4E-14     1.21474E-10     8.4E-12     0.00000E+00     0.0E+00   
    80   4.66667E+06  4.69583E+06     1.11198E-10     7.6E-12     2.00052E-13     2.2E-14     1.10998E-10     7.6E-12     0.00000E+00     0.0E+00   
    81   4.72500E+06  4.75417E+06     1.18520E-10     8.7E-12     1.74476E-13     2.0E-14     1.18345E-10     8.7E-12     0.00000E+00     0.0E+00   
    82   4.78333E+06  4.81250E+06     1.09271E-10     7.9E-12     1.56206E-13     1.9E-14     1.09115E-10     7.9E-12     0.00000E+00     0.0E+00   
    83   4.84167E+06  4.87083E+06     1.02081E-10     7.5E-12     1.37310E-13     1.8E-14     1.01943E-10     7.5E-12     0.00000E+00     0.0E+00   
    84   4.90000E+06  4.92917E+06     9.75146E-11     7.9E-12     1.09140E-13     1.6E-14     9.74054E-11     7.9E-12     0.00000E+00     0.0E+00   
    85   4.95833E+06  4.98750E+06     9.00344E-11     7.2E-12     8.96505E-14     1.5E-14     8.99447E-11     7.2E-12     0.00000E+00     0.0E+00   
    86   5.01667E+06  5.04583E+06     8.28497E-11     7.2E-12     7.29505E-14     1.3E-14     8.27768E-11     7.2E-12     0.00000E+00     0.0E+00   
    87   5.07500E+06  5.10417E+06     8.61459E-11     7.4E-12     6.23812E-14     1.2E-14     8.60835E-11     7.4E-12     0.00000E+00     0.0E+00   
    88   5.13333E+06  5.16250E+06     8.22405E-11     7.4E-12     4.77189E-14     1.1E-14     8.21928E-11     7.4E-12     0.00000E+00     0.0E+00   
    89   5.19167E+06  5.22083E+06     7.08694E-11     6.3E-12     4.12452E-14     1.0E-14     7.08282E-11     6.3E-12     0.00000E+00     0.0E+00   
    90   5.25000E+06  5.27917E+06     6.80864E-11     6.4E-12     3.15716E-14     8.5E-15     6.80549E-11     6.4E-12     0.00000E+00     0.0E+00   
    91   5.30833E+06  5.33750E+06     7.21623E-11     7.0E-12     2.17144E-14     7.0E-15     7.21406E-11     7.0E-12     0.00000E+00     0.0E+00   
    92   5.36667E+06  5.39583E+06     5.90775E-11     6.1E-12     1.46043E-14     5.8E-15     5.90629E-11     6.1E-12     0.00000E+00     0.0E+00   
    93   5.42500E+06  5.45417E+06     5.78471E-11     6.3E-12     9.01375E-15     4.6E-15     5.78381E-11     6.3E-12     0.00000E+00     0.0E+00   
    94   5.48333E+06  5.51250E+06     5.29145E-11     6.0E-12     4.58301E-15     2.9E-15     5.29099E-11     6.0E-12     0.00000E+00     0.0E+00   
    95   5.54167E+06  5.57083E+06     4.39312E-11     5.0E-12     2.33358E-15     2.4E-15     4.39289E-11     5.0E-12     0.00000E+00     0.0E+00   
    96   5.60000E+06  5.62917E+06     4.10176E-11     5.5E-12     1.56698E-15     1.9E-15     4.10161E-11     5.5E-12     0.00000E+00     0.0E+00   
    97   5.65833E+06  5.68750E+06     4.00167E-11     5.3E-12     4.38740E-16     6.8E-16     4.00163E-11     5.3E-12     0.00000E+00     0.0E+00   
    98   5.71667E+06  5.74583E+06     3.06830E-11     4.3E-12     0.00000E+00     0.0E+00     3.06830E-11     4.3E-12     0.00000E+00     0.0E+00   
    99   5.77500E+06  5.80417E+06     3.03357E-11     4.6E-12     0.00000E+00     0.0E+00     3.03357E-11     4.6E-12     0.00000E+00     0.0E+00   
   100   5.83333E+06  5.86250E+06     2.18911E-11     4.0E-12     0.00000E+00     0.0E+00     2.18911E-11     4.0E-12     0.00000E+00     0.0E+00   
   101   5.89167E+06  5.92083E+06     1.66971E-11     3.8E-12     0.00000E+00     0.0E+00     1.66971E-11     3.8E-12     0.00000E+00     0.0E+00   
   102   5.95000E+06  5.97917E+06     6.16778E-12     2.0E-12     0.00000E+00     0.0E+00     6.16778E-12     2.0E-12     0.00000E+00     0.0E+00   
   103   6.00833E+06  6.03750E+06     0.00000E+00     0.0E+00     0.00000E+00     0.0E+00     0.00000E+00     0.0E+00     0.00000E+00     0.0E+00   
   104   6.06667E+06  6.09583E+06     0.00000E+00     0.0E+00     0.00000E+00     0.0E+00     0.00000E+00     0.0E+00     0.00000E+00     0.0E+00   
   105   6.12500E+06  6.15417E+06     0.00000E+00     0.0E+00     0.00000E+00     0.0E+00     0.00000E+00     0.0E+00     0.00000E+00     0.0E+00   
   106   6.18333E+06  6.21250E+06     0.00000E+00     0.0E+00     0.00000E+00     0.0E+00     0.00000E+00     0.0E+00     0.00000E+00     0.0E+00   
   107   6.24167E+06  6.27083E+06     0.00000E+00     0.0E+00     0.00000E+00     0.0E+00     0.00000E+00     0.0E+00     0.00000E+00     0.0E+00   
   108   6.30000E+06  6.32917E+06     0.00000E+00     0.0E+00     0.00000E+00     0.0E+00     0.00000E+00     0.0E+00     0.00000E+00     0.0E+00   
   109   6.35833E+06  6.38750E+06     0.00000E+00     0.0E+00     0.00000E+00     0.0E+00     0.00000E+00     0.0E+00     0.00000E+00     0.0E+00   
   110   6.41667E+06  6.44583E+06     0.00000E+00     0.0E+00     0.00000E+00     0.0E+00     0.00000E+00     0.0E+00     0.00000E+00     0.0E+00   
   111   6.47500E+06  6.50417E+06     0.00000E+00     0.0E+00     0.00000E+00     0.0E+00     0.00000E+00     0.0E+00     0.00000E+00     0.0E+00   
   112   6.53333E+06  6.56250E+06     0.00000E+00     0.0E+00     0.00000E+00     0.0E+00     0.00000E+00     0.0E+00     0.00000E+00     0.0E+00   
   113   6.59167E+06  6.62083E+06     0.00000E+00     0.0E+00     0.00000E+00     0.0E+00     0.00000E+00     0.0E+00     0.00000E+00     0.0E+00   
   114   6.65000E+06  6.67917E+06     0.00000E+00     0.0E+00     0.00000E+00     0.0E+00     0.00000E+00     0.0E+00     0.00000E+00     0.0E+00   
   115   6.70833E+06  6.73750E+06     0.00000E+00     0.0E+00     0.00000E+00     0.0E+00     0.00000E+00     0.0E+00     0.00000E+00     0.0E+00   
   116   6.76667E+06  6.79583E+06     0.00000E+00     0.0E+00     0.00000E+00     0.0E+00     0.00000E+00     0.0E+00     0.00000E+00     0.0E+00   
   117   6.82500E+06  6.85417E+06     0.00000E+00     0.0E+00     0.00000E+00     0.0E+00     0.00000E+00     0.0E+00     0.00000E+00     0.0E+00   
   118   6.88333E+06  6.91250E+06     0.00000E+00     0.0E+00     0.00000E+00     0.0E+00     0.00000E+00     0.0E+00     0.00000E+00     0.0E+00   
   119   6.94167E+06  6.97083E+06     0.00000E+00     0.0E+00     0.00000E+00     0.0E+00     0.00000E+00     0.0E+00     0.00000E+00     0.0E+00   
