#>>>>>>>>>>>>>>>>>>>>>>>>>>>>>>>>>>>>>>>>>>>>>>>>>>>>>>>>>>>>
# [SECTION REPORT EMERGING DOWNBOUND PARTICLES DISTRIBUTION]
# Units are particles/(eV history)
# Energy minimum, maximum, energy bins:
#  0.00000E+00  4.05000E+04   200
#
# Energy (eV) :     e-     : +-2sigma :   photons  : +-2sigma :     e+     : +-2sigma :
   1.01250E+02  0.00000E+00  0.000E+00  0.00000E+00  0.000E+00  0.00000E+00  0.000E+00
   3.03750E+02  0.00000E+00  0.000E+00  0.00000E+00  0.000E+00  0.00000E+00  0.000E+00
   5.06250E+02  0.00000E+00  0.000E+00  0.00000E+00  0.000E+00  0.00000E+00  0.000E+00
   7.08750E+02  0.00000E+00  0.000E+00  0.00000E+00  0.000E+00  0.00000E+00  0.000E+00
   9.11250E+02  9.91111E-08  4.425E-09  1.58025E-09  5.587E-10  0.00000E+00  0.000E+00
   1.11375E+03  1.93827E-06  1.961E-08  6.91852E-08  3.697E-09  0.00000E+00  0.000E+00
   1.31625E+03  1.94049E-06  1.962E-08  4.24198E-08  2.895E-09  0.00000E+00  0.000E+00
   1.51875E+03  1.89551E-06  1.938E-08  5.35309E-08  3.252E-09  0.00000E+00  0.000E+00
   1.72125E+03  1.83462E-06  1.906E-08  6.54815E-08  3.596E-09  0.00000E+00  0.000E+00
   1.92375E+03  1.80440E-06  1.891E-08  8.53827E-08  4.109E-09  0.00000E+00  0.000E+00
   2.12625E+03  1.79985E-06  1.888E-08  9.06667E-08  4.232E-09  0.00000E+00  0.000E+00
   2.32875E+03  1.75501E-06  1.864E-08  1.09432E-07  4.649E-09  0.00000E+00  0.000E+00
   2.53125E+03  1.72459E-06  1.848E-08  1.24148E-07  4.952E-09  0.00000E+00  0.000E+00
   2.73375E+03  1.71052E-06  1.840E-08  1.28444E-07  5.037E-09  0.00000E+00  0.000E+00
   2.93625E+03  1.65911E-06  1.812E-08  1.40988E-07  5.277E-09  0.00000E+00  0.000E+00
   3.13875E+03  1.63822E-06  1.800E-08  1.51753E-07  5.475E-09  0.00000E+00  0.000E+00
   3.34125E+03  1.60341E-06  1.781E-08  1.55654E-07  5.545E-09  0.00000E+00  0.000E+00
   3.54375E+03  1.55635E-06  1.755E-08  1.58568E-07  5.597E-09  0.00000E+00  0.000E+00
   3.74625E+03  1.52252E-06  1.736E-08  1.66074E-07  5.729E-09  0.00000E+00  0.000E+00
   3.94875E+03  1.50000E-06  1.723E-08  1.62963E-07  5.674E-09  0.00000E+00  0.000E+00
   4.15125E+03  1.48953E-06  1.717E-08  1.64889E-07  5.707E-09  0.00000E+00  0.000E+00
   4.35375E+03  1.48222E-06  1.712E-08  1.66321E-07  5.732E-09  0.00000E+00  0.000E+00
   4.55625E+03  1.45886E-06  1.699E-08  1.63309E-07  5.680E-09  0.00000E+00  0.000E+00
   4.75875E+03  1.43086E-06  1.682E-08  1.65383E-07  5.716E-09  0.00000E+00  0.000E+00
   4.96125E+03  1.43738E-06  1.686E-08  1.58667E-07  5.598E-09  0.00000E+00  0.000E+00
   5.16375E+03  1.45383E-06  1.696E-08  1.55753E-07  5.547E-09  0.00000E+00  0.000E+00
   5.36625E+03  1.46514E-06  1.703E-08  1.56642E-07  5.562E-09  0.00000E+00  0.000E+00
   5.56875E+03  1.48089E-06  1.712E-08  1.52642E-07  5.491E-09  0.00000E+00  0.000E+00
   5.77125E+03  1.50593E-06  1.726E-08  1.53481E-07  5.506E-09  0.00000E+00  0.000E+00
   5.97375E+03  1.54000E-06  1.745E-08  1.52840E-07  5.495E-09  0.00000E+00  0.000E+00
   6.17625E+03  1.57506E-06  1.765E-08  1.47951E-07  5.406E-09  0.00000E+00  0.000E+00
   6.37875E+03  1.60899E-06  1.784E-08  1.38914E-07  5.238E-09  0.00000E+00  0.000E+00
   6.58125E+03  1.66390E-06  1.814E-08  1.34272E-07  5.150E-09  0.00000E+00  0.000E+00
   6.78375E+03  1.70751E-06  1.838E-08  1.34370E-07  5.152E-09  0.00000E+00  0.000E+00
   6.98625E+03  1.74109E-06  1.856E-08  1.31951E-07  5.105E-09  0.00000E+00  0.000E+00
   7.18875E+03  1.74528E-06  1.857E-08  1.26864E-07  5.006E-09  0.00000E+00  0.000E+00
   7.39125E+03  1.79467E-06  1.884E-08  1.27506E-07  5.019E-09  0.00000E+00  0.000E+00
   7.59375E+03  1.81926E-06  1.897E-08  1.25086E-07  4.971E-09  0.00000E+00  0.000E+00
   7.79625E+03  1.86746E-06  1.921E-08  1.21778E-07  4.905E-09  0.00000E+00  0.000E+00
   7.99875E+03  1.91630E-06  1.946E-08  1.21447E-05  4.894E-08  0.00000E+00  0.000E+00
   8.20125E+03  1.95146E-06  1.964E-08  1.16494E-07  4.797E-09  0.00000E+00  0.000E+00
   8.40375E+03  1.99560E-06  1.987E-08  1.06716E-07  4.591E-09  0.00000E+00  0.000E+00
   8.60625E+03  2.02919E-06  2.003E-08  1.08148E-07  4.622E-09  0.00000E+00  0.000E+00
   8.80875E+03  2.10504E-06  2.039E-08  1.62647E-06  1.792E-08  0.00000E+00  0.000E+00
   9.01125E+03  2.16010E-06  2.066E-08  8.01481E-08  3.979E-09  0.00000E+00  0.000E+00
   9.21375E+03  2.21990E-06  2.095E-08  6.27654E-08  3.521E-09  0.00000E+00  0.000E+00
   9.41625E+03  2.28953E-06  2.128E-08  6.08889E-08  3.468E-09  0.00000E+00  0.000E+00
   9.61875E+03  2.32114E-06  2.142E-08  5.98025E-08  3.437E-09  0.00000E+00  0.000E+00
   9.82125E+03  2.38825E-06  2.173E-08  5.89136E-08  3.411E-09  0.00000E+00  0.000E+00
   1.00238E+04  2.44553E-06  2.198E-08  5.68889E-08  3.352E-09  0.00000E+00  0.000E+00
   1.02262E+04  2.49649E-06  2.221E-08  6.11358E-08  3.475E-09  0.00000E+00  0.000E+00
   1.04288E+04  2.56528E-06  2.252E-08  5.59012E-08  3.323E-09  0.00000E+00  0.000E+00
   1.06312E+04  2.64326E-06  2.285E-08  5.95556E-08  3.430E-09  0.00000E+00  0.000E+00
   1.08338E+04  2.69669E-06  2.309E-08  5.75309E-08  3.371E-09  0.00000E+00  0.000E+00
   1.10362E+04  2.75743E-06  2.334E-08  5.58519E-08  3.321E-09  0.00000E+00  0.000E+00
   1.12388E+04  2.83077E-06  2.365E-08  5.70370E-08  3.357E-09  0.00000E+00  0.000E+00
   1.14412E+04  2.89412E-06  2.391E-08  5.43210E-08  3.276E-09  0.00000E+00  0.000E+00
   1.16438E+04  2.96380E-06  2.420E-08  5.36790E-08  3.256E-09  0.00000E+00  0.000E+00
   1.18462E+04  3.03970E-06  2.450E-08  5.26420E-08  3.225E-09  0.00000E+00  0.000E+00
   1.20488E+04  3.09773E-06  2.473E-08  5.25926E-08  3.223E-09  0.00000E+00  0.000E+00
   1.22512E+04  3.17511E-06  2.504E-08  4.97778E-08  3.136E-09  0.00000E+00  0.000E+00
   1.24538E+04  3.25126E-06  2.534E-08  5.15556E-08  3.191E-09  0.00000E+00  0.000E+00
   1.26562E+04  3.32963E-06  2.565E-08  5.13086E-08  3.184E-09  0.00000E+00  0.000E+00
   1.28588E+04  3.42770E-06  2.602E-08  4.97778E-08  3.136E-09  0.00000E+00  0.000E+00
   1.30612E+04  3.47664E-06  2.621E-08  4.69136E-08  3.044E-09  0.00000E+00  0.000E+00
   1.32638E+04  3.57965E-06  2.659E-08  4.54815E-08  2.997E-09  0.00000E+00  0.000E+00
   1.34662E+04  3.65402E-06  2.686E-08  4.89877E-08  3.111E-09  0.00000E+00  0.000E+00
   1.36688E+04  3.74736E-06  2.720E-08  4.74568E-08  3.062E-09  0.00000E+00  0.000E+00
   1.38712E+04  3.82756E-06  2.749E-08  4.71605E-08  3.052E-09  0.00000E+00  0.000E+00
   1.40738E+04  3.90869E-06  2.778E-08  4.17284E-08  2.871E-09  0.00000E+00  0.000E+00
   1.42762E+04  3.99432E-06  2.808E-08  4.52840E-08  2.991E-09  0.00000E+00  0.000E+00
   1.44788E+04  4.06104E-06  2.832E-08  4.39012E-08  2.945E-09  0.00000E+00  0.000E+00
   1.46812E+04  4.15975E-06  2.866E-08  4.30123E-08  2.915E-09  0.00000E+00  0.000E+00
   1.48838E+04  4.23664E-06  2.892E-08  4.24198E-08  2.895E-09  0.00000E+00  0.000E+00
   1.50862E+04  4.36316E-06  2.935E-08  4.17284E-08  2.871E-09  0.00000E+00  0.000E+00
   1.52888E+04  4.46163E-06  2.968E-08  4.06914E-08  2.835E-09  0.00000E+00  0.000E+00
   1.54912E+04  4.52202E-06  2.988E-08  3.97037E-08  2.800E-09  0.00000E+00  0.000E+00
   1.56938E+04  4.63733E-06  3.026E-08  4.05926E-08  2.832E-09  0.00000E+00  0.000E+00
   1.58962E+04  4.74484E-06  3.061E-08  3.77284E-08  2.730E-09  0.00000E+00  0.000E+00
   1.60988E+04  4.83407E-06  3.089E-08  3.76296E-08  2.726E-09  0.00000E+00  0.000E+00
   1.63012E+04  4.93481E-06  3.121E-08  3.64938E-08  2.685E-09  0.00000E+00  0.000E+00
   1.65038E+04  5.05042E-06  3.157E-08  3.73827E-08  2.717E-09  0.00000E+00  0.000E+00
   1.67062E+04  5.13990E-06  3.185E-08  3.78765E-08  2.735E-09  0.00000E+00  0.000E+00
   1.69088E+04  5.23951E-06  3.216E-08  3.43704E-08  2.606E-09  0.00000E+00  0.000E+00
   1.71112E+04  5.35067E-06  3.250E-08  3.64938E-08  2.685E-09  0.00000E+00  0.000E+00
   1.73138E+04  5.42612E-06  3.273E-08  3.25432E-08  2.535E-09  0.00000E+00  0.000E+00
   1.75162E+04  5.55249E-06  3.310E-08  3.31358E-08  2.558E-09  0.00000E+00  0.000E+00
   1.77188E+04  5.63679E-06  3.335E-08  3.31852E-08  2.560E-09  0.00000E+00  0.000E+00
   1.79212E+04  5.77580E-06  3.376E-08  3.32346E-08  2.562E-09  0.00000E+00  0.000E+00
   1.81238E+04  5.87684E-06  3.405E-08  3.07654E-08  2.465E-09  0.00000E+00  0.000E+00
   1.83262E+04  5.97926E-06  3.435E-08  3.09136E-08  2.471E-09  0.00000E+00  0.000E+00
   1.85288E+04  6.12617E-06  3.477E-08  2.86914E-08  2.381E-09  0.00000E+00  0.000E+00
   1.87312E+04  6.18919E-06  3.494E-08  2.96296E-08  2.419E-09  0.00000E+00  0.000E+00
   1.89338E+04  6.35556E-06  3.541E-08  2.75556E-08  2.333E-09  0.00000E+00  0.000E+00
   1.91362E+04  6.48943E-06  3.578E-08  2.73086E-08  2.323E-09  0.00000E+00  0.000E+00
   1.93388E+04  6.55091E-06  3.595E-08  3.04691E-08  2.453E-09  0.00000E+00  0.000E+00
   1.95412E+04  6.69699E-06  3.635E-08  2.72099E-08  2.318E-09  0.00000E+00  0.000E+00
   1.97438E+04  6.83081E-06  3.671E-08  2.57284E-08  2.254E-09  0.00000E+00  0.000E+00
   1.99462E+04  6.98267E-06  3.711E-08  2.75062E-08  2.331E-09  0.00000E+00  0.000E+00
   2.01488E+04  7.08711E-06  3.739E-08  2.67160E-08  2.297E-09  0.00000E+00  0.000E+00
   2.03512E+04  7.18602E-06  3.765E-08  2.45432E-08  2.202E-09  0.00000E+00  0.000E+00
   2.05538E+04  7.33358E-06  3.803E-08  2.47901E-08  2.213E-09  0.00000E+00  0.000E+00
   2.07562E+04  7.45956E-06  3.836E-08  2.61728E-08  2.274E-09  0.00000E+00  0.000E+00
   2.09588E+04  7.59472E-06  3.870E-08  2.57778E-08  2.257E-09  0.00000E+00  0.000E+00
   2.11612E+04  7.73946E-06  3.907E-08  2.31111E-08  2.137E-09  0.00000E+00  0.000E+00
   2.13638E+04  7.86380E-06  3.938E-08  2.24198E-08  2.104E-09  0.00000E+00  0.000E+00
   2.15662E+04  7.99378E-06  3.970E-08  2.37531E-08  2.166E-09  0.00000E+00  0.000E+00
   2.17688E+04  8.09694E-06  3.996E-08  2.21728E-08  2.093E-09  0.00000E+00  0.000E+00
   2.19712E+04  8.34128E-06  4.056E-08  2.36049E-08  2.159E-09  0.00000E+00  0.000E+00
   2.21738E+04  8.39886E-06  4.070E-08  1.96049E-08  1.968E-09  0.00000E+00  0.000E+00
   2.23762E+04  8.57837E-06  4.113E-08  2.27654E-08  2.121E-09  0.00000E+00  0.000E+00
   2.25788E+04  8.71951E-06  4.146E-08  2.08889E-08  2.031E-09  0.00000E+00  0.000E+00
   2.27812E+04  8.86306E-06  4.180E-08  2.07901E-08  2.026E-09  0.00000E+00  0.000E+00
   2.29838E+04  9.00691E-06  4.214E-08  2.01975E-08  1.997E-09  0.00000E+00  0.000E+00
   2.31862E+04  9.16686E-06  4.251E-08  2.05926E-08  2.017E-09  0.00000E+00  0.000E+00
   2.33888E+04  9.27714E-06  4.277E-08  1.78272E-08  1.877E-09  0.00000E+00  0.000E+00
   2.35912E+04  9.45654E-06  4.318E-08  1.95062E-08  1.963E-09  0.00000E+00  0.000E+00
   2.37938E+04  9.59906E-06  4.350E-08  1.89136E-08  1.933E-09  0.00000E+00  0.000E+00
   2.39962E+04  9.75373E-06  4.385E-08  1.88148E-08  1.928E-09  0.00000E+00  0.000E+00
   2.41988E+04  9.89793E-06  4.417E-08  1.78765E-08  1.879E-09  0.00000E+00  0.000E+00
   2.44012E+04  1.00347E-05  4.448E-08  1.72840E-08  1.848E-09  0.00000E+00  0.000E+00
   2.46038E+04  1.02465E-05  4.494E-08  1.60494E-08  1.781E-09  0.00000E+00  0.000E+00
   2.48062E+04  1.04091E-05  4.530E-08  1.59506E-08  1.775E-09  0.00000E+00  0.000E+00
   2.50088E+04  1.05591E-05  4.562E-08  1.58519E-08  1.770E-09  0.00000E+00  0.000E+00
   2.52112E+04  1.07134E-05  4.595E-08  1.54074E-08  1.745E-09  0.00000E+00  0.000E+00
   2.54138E+04  1.08436E-05  4.623E-08  1.52593E-08  1.736E-09  0.00000E+00  0.000E+00
   2.56162E+04  1.09898E-05  4.654E-08  1.57037E-08  1.761E-09  0.00000E+00  0.000E+00
   2.58188E+04  1.11831E-05  4.695E-08  1.56049E-08  1.756E-09  0.00000E+00  0.000E+00
   2.60212E+04  1.13703E-05  4.734E-08  1.32840E-08  1.620E-09  0.00000E+00  0.000E+00
   2.62238E+04  1.14824E-05  4.757E-08  1.36296E-08  1.641E-09  0.00000E+00  0.000E+00
   2.64262E+04  1.16958E-05  4.801E-08  1.52099E-08  1.733E-09  0.00000E+00  0.000E+00
   2.66288E+04  1.18470E-05  4.832E-08  1.47160E-08  1.705E-09  0.00000E+00  0.000E+00
   2.68312E+04  1.20204E-05  4.867E-08  1.32346E-08  1.617E-09  0.00000E+00  0.000E+00
   2.70338E+04  1.22064E-05  4.904E-08  1.30864E-08  1.608E-09  0.00000E+00  0.000E+00
   2.72362E+04  1.23521E-05  4.933E-08  1.21975E-08  1.552E-09  0.00000E+00  0.000E+00
   2.74388E+04  1.25056E-05  4.964E-08  1.25432E-08  1.574E-09  0.00000E+00  0.000E+00
   2.76412E+04  1.26611E-05  4.995E-08  1.26420E-08  1.580E-09  0.00000E+00  0.000E+00
   2.78438E+04  1.28515E-05  5.032E-08  1.20494E-08  1.543E-09  0.00000E+00  0.000E+00
   2.80462E+04  1.30125E-05  5.063E-08  1.09136E-08  1.468E-09  0.00000E+00  0.000E+00
   2.82488E+04  1.31511E-05  5.090E-08  1.19506E-08  1.536E-09  0.00000E+00  0.000E+00
   2.84512E+04  1.34011E-05  5.138E-08  1.19506E-08  1.536E-09  0.00000E+00  0.000E+00
   2.86538E+04  1.34931E-05  5.156E-08  1.09630E-08  1.472E-09  0.00000E+00  0.000E+00
   2.88562E+04  1.36539E-05  5.186E-08  1.12099E-08  1.488E-09  0.00000E+00  0.000E+00
   2.90588E+04  1.38302E-05  5.219E-08  1.04198E-08  1.435E-09  0.00000E+00  0.000E+00
   2.92612E+04  1.40106E-05  5.253E-08  8.98765E-09  1.332E-09  0.00000E+00  0.000E+00
   2.94638E+04  1.41473E-05  5.279E-08  9.48148E-09  1.369E-09  0.00000E+00  0.000E+00
   2.96662E+04  1.43344E-05  5.313E-08  9.13580E-09  1.343E-09  0.00000E+00  0.000E+00
   2.98688E+04  1.44630E-05  5.337E-08  8.79012E-09  1.318E-09  0.00000E+00  0.000E+00
   3.00712E+04  1.45824E-05  5.359E-08  7.55556E-09  1.222E-09  0.00000E+00  0.000E+00
   3.02738E+04  1.47545E-05  5.391E-08  8.98765E-09  1.332E-09  0.00000E+00  0.000E+00
   3.04762E+04  1.49239E-05  5.421E-08  7.06173E-09  1.181E-09  0.00000E+00  0.000E+00
   3.06788E+04  1.49907E-05  5.433E-08  8.54321E-09  1.299E-09  0.00000E+00  0.000E+00
   3.08812E+04  1.52024E-05  5.471E-08  7.30864E-09  1.202E-09  0.00000E+00  0.000E+00
   3.10838E+04  1.53219E-05  5.493E-08  6.76543E-09  1.156E-09  0.00000E+00  0.000E+00
   3.12862E+04  1.54471E-05  5.515E-08  7.06173E-09  1.181E-09  0.00000E+00  0.000E+00
   3.14888E+04  1.55528E-05  5.534E-08  7.16049E-09  1.189E-09  0.00000E+00  0.000E+00
   3.16912E+04  1.56592E-05  5.553E-08  6.86420E-09  1.164E-09  0.00000E+00  0.000E+00
   3.18938E+04  1.57596E-05  5.571E-08  6.86420E-09  1.164E-09  0.00000E+00  0.000E+00
   3.20962E+04  1.59168E-05  5.598E-08  6.86420E-09  1.164E-09  0.00000E+00  0.000E+00
   3.22988E+04  1.60367E-05  5.619E-08  5.92593E-09  1.082E-09  0.00000E+00  0.000E+00
   3.25012E+04  1.60527E-05  5.622E-08  5.87654E-09  1.077E-09  0.00000E+00  0.000E+00
   3.27038E+04  1.61423E-05  5.638E-08  5.77778E-09  1.068E-09  0.00000E+00  0.000E+00
   3.29062E+04  1.63051E-05  5.666E-08  5.72840E-09  1.064E-09  0.00000E+00  0.000E+00
   3.31088E+04  1.63206E-05  5.668E-08  5.87654E-09  1.077E-09  0.00000E+00  0.000E+00
   3.33112E+04  1.63600E-05  5.675E-08  5.97531E-09  1.086E-09  0.00000E+00  0.000E+00
   3.35138E+04  1.63663E-05  5.676E-08  5.28395E-09  1.022E-09  0.00000E+00  0.000E+00
   3.37162E+04  1.64191E-05  5.686E-08  5.18519E-09  1.012E-09  0.00000E+00  0.000E+00
   3.39188E+04  1.64368E-05  5.689E-08  4.79012E-09  9.727E-10  0.00000E+00  0.000E+00
   3.41212E+04  1.64182E-05  5.685E-08  4.74074E-09  9.677E-10  0.00000E+00  0.000E+00
   3.43238E+04  1.64476E-05  5.690E-08  5.33333E-09  1.026E-09  0.00000E+00  0.000E+00
   3.45262E+04  1.64117E-05  5.684E-08  3.90123E-09  8.778E-10  0.00000E+00  0.000E+00
   3.47288E+04  1.63511E-05  5.674E-08  3.90123E-09  8.778E-10  0.00000E+00  0.000E+00
   3.49312E+04  1.63295E-05  5.670E-08  3.11111E-09  7.839E-10  0.00000E+00  0.000E+00
   3.51338E+04  1.62575E-05  5.658E-08  3.80247E-09  8.667E-10  0.00000E+00  0.000E+00
   3.53362E+04  1.60812E-05  5.627E-08  3.40741E-09  8.204E-10  0.00000E+00  0.000E+00
   3.55388E+04  1.60279E-05  5.618E-08  3.40741E-09  8.204E-10  0.00000E+00  0.000E+00
   3.57412E+04  1.59120E-05  5.597E-08  3.01235E-09  7.714E-10  0.00000E+00  0.000E+00
   3.59438E+04  1.58074E-05  5.579E-08  3.06173E-09  7.777E-10  0.00000E+00  0.000E+00
   3.61462E+04  1.55799E-05  5.539E-08  2.76543E-09  7.391E-10  0.00000E+00  0.000E+00
   3.63488E+04  1.54105E-05  5.509E-08  2.66667E-09  7.258E-10  0.00000E+00  0.000E+00
   3.65512E+04  1.51457E-05  5.461E-08  2.37037E-09  6.843E-10  0.00000E+00  0.000E+00
   3.67538E+04  1.49114E-05  5.419E-08  2.56790E-09  7.122E-10  0.00000E+00  0.000E+00
   3.69562E+04  1.46908E-05  5.379E-08  2.61728E-09  7.190E-10  0.00000E+00  0.000E+00
   3.71588E+04  1.43104E-05  5.309E-08  1.82716E-09  6.008E-10  0.00000E+00  0.000E+00
   3.73612E+04  1.39378E-05  5.240E-08  1.23457E-09  4.938E-10  0.00000E+00  0.000E+00
   3.75638E+04  1.36234E-05  5.180E-08  2.12346E-09  6.476E-10  0.00000E+00  0.000E+00
   3.77662E+04  1.32400E-05  5.107E-08  1.48148E-09  5.410E-10  0.00000E+00  0.000E+00
   3.79688E+04  1.28435E-05  5.030E-08  1.38272E-09  5.226E-10  0.00000E+00  0.000E+00
   3.81712E+04  1.23789E-05  4.939E-08  1.03704E-09  4.526E-10  0.00000E+00  0.000E+00
   3.83738E+04  1.19042E-05  4.843E-08  7.90123E-10  3.951E-10  0.00000E+00  0.000E+00
   3.85762E+04  1.14706E-05  4.755E-08  1.08642E-09  4.633E-10  0.00000E+00  0.000E+00
   3.87788E+04  1.09661E-05  4.649E-08  9.87654E-10  4.417E-10  0.00000E+00  0.000E+00
   3.89812E+04  1.04771E-05  4.544E-08  6.91358E-10  3.695E-10  0.00000E+00  0.000E+00
   3.91838E+04  9.99640E-06  4.439E-08  5.92593E-10  3.421E-10  0.00000E+00  0.000E+00
   3.93862E+04  9.59259E-06  4.349E-08  7.90123E-10  3.951E-10  0.00000E+00  0.000E+00
   3.95888E+04  9.25827E-06  4.272E-08  3.45679E-10  2.613E-10  0.00000E+00  0.000E+00
   3.97912E+04  8.78074E-06  4.161E-08  1.48148E-10  1.711E-10  0.00000E+00  0.000E+00
   3.99938E+04  9.21067E-06  4.261E-08  9.87654E-11  1.397E-10  0.00000E+00  0.000E+00
   4.01962E+04  0.00000E+00  0.000E+00  0.00000E+00  0.000E+00  0.00000E+00  0.000E+00
   4.03988E+04  0.00000E+00  0.000E+00  0.00000E+00  0.000E+00  0.00000E+00  0.000E+00
