#>>>>>>>>>>>>>>>>>>>>>>>>>>>>>>>>>>>>>>>>>>>>>>>>>>>>>>>>>>>>
# [SECTION REPORT EMERGING ANGULAR PARTICLES DISTRIBUTION]
# Units are particles/(sr history)
# Polar angle minimum, maximum, polar bins:
#  0.00000E+00  1.80000E+02    45
# Azimuthal angle minimum, maximum, azimuthal bins:
#  0.00000E+00  3.60000E+02    18
#
# theta (deg) :  phi (deg) :     e-     : +-2sigma :   photons  : +-2sigma :     e+     : +-2sigma :
   2.00000E+00  1.00000E+01  0.00000E+00  0.000E+00  1.17605E-04  7.438E-05  0.00000E+00  0.000E+00
   2.00000E+00  3.00000E+01  1.17605E-05  2.352E-05  9.40837E-05  6.653E-05  0.00000E+00  0.000E+00
   2.00000E+00  5.00000E+01  0.00000E+00  0.000E+00  1.17605E-04  7.438E-05  0.00000E+00  0.000E+00
   2.00000E+00  7.00000E+01  0.00000E+00  0.000E+00  1.29365E-04  7.801E-05  0.00000E+00  0.000E+00
   2.00000E+00  9.00000E+01  0.00000E+00  0.000E+00  1.41126E-04  8.148E-05  0.00000E+00  0.000E+00
   2.00000E+00  1.10000E+02  0.00000E+00  0.000E+00  1.17605E-04  7.438E-05  0.00000E+00  0.000E+00
   2.00000E+00  1.30000E+02  0.00000E+00  0.000E+00  8.23232E-05  6.223E-05  0.00000E+00  0.000E+00
   2.00000E+00  1.50000E+02  0.00000E+00  0.000E+00  5.88023E-05  5.259E-05  0.00000E+00  0.000E+00
   2.00000E+00  1.70000E+02  0.00000E+00  0.000E+00  9.40837E-05  6.653E-05  0.00000E+00  0.000E+00
   2.00000E+00  1.90000E+02  0.00000E+00  0.000E+00  1.41126E-04  8.148E-05  0.00000E+00  0.000E+00
   2.00000E+00  2.10000E+02  1.17605E-05  2.352E-05  7.05628E-05  5.761E-05  0.00000E+00  0.000E+00
   2.00000E+00  2.30000E+02  0.00000E+00  0.000E+00  7.05628E-05  5.761E-05  0.00000E+00  0.000E+00
   2.00000E+00  2.50000E+02  0.00000E+00  0.000E+00  8.23232E-05  6.223E-05  0.00000E+00  0.000E+00
   2.00000E+00  2.70000E+02  0.00000E+00  0.000E+00  3.52814E-05  4.074E-05  0.00000E+00  0.000E+00
   2.00000E+00  2.90000E+02  0.00000E+00  0.000E+00  4.70418E-05  4.704E-05  0.00000E+00  0.000E+00
   2.00000E+00  3.10000E+02  0.00000E+00  0.000E+00  1.05844E-04  7.056E-05  0.00000E+00  0.000E+00
   2.00000E+00  3.30000E+02  0.00000E+00  0.000E+00  8.23232E-05  6.223E-05  0.00000E+00  0.000E+00
   2.00000E+00  3.50000E+02  0.00000E+00  0.000E+00  1.05844E-04  7.056E-05  0.00000E+00  0.000E+00

   6.00000E+00  1.00000E+01  0.00000E+00  0.000E+00  9.81632E-05  3.927E-05  0.00000E+00  0.000E+00
   6.00000E+00  3.00000E+01  0.00000E+00  0.000E+00  8.63837E-05  3.683E-05  0.00000E+00  0.000E+00
   6.00000E+00  5.00000E+01  0.00000E+00  0.000E+00  1.53135E-04  4.904E-05  0.00000E+00  0.000E+00
   6.00000E+00  7.00000E+01  0.00000E+00  0.000E+00  1.33502E-04  4.579E-05  0.00000E+00  0.000E+00
   6.00000E+00  9.00000E+01  0.00000E+00  0.000E+00  1.09943E-04  4.155E-05  0.00000E+00  0.000E+00
   6.00000E+00  1.10000E+02  0.00000E+00  0.000E+00  9.81632E-05  3.927E-05  0.00000E+00  0.000E+00
   6.00000E+00  1.30000E+02  0.00000E+00  0.000E+00  1.02090E-04  4.004E-05  0.00000E+00  0.000E+00
   6.00000E+00  1.50000E+02  3.92653E-06  7.853E-06  8.63837E-05  3.683E-05  0.00000E+00  0.000E+00
   6.00000E+00  1.70000E+02  0.00000E+00  0.000E+00  8.63837E-05  3.683E-05  0.00000E+00  0.000E+00
   6.00000E+00  1.90000E+02  0.00000E+00  0.000E+00  1.06016E-04  4.081E-05  0.00000E+00  0.000E+00
   6.00000E+00  2.10000E+02  0.00000E+00  0.000E+00  9.03102E-05  3.766E-05  0.00000E+00  0.000E+00
   6.00000E+00  2.30000E+02  0.00000E+00  0.000E+00  1.25649E-04  4.442E-05  0.00000E+00  0.000E+00
   6.00000E+00  2.50000E+02  0.00000E+00  0.000E+00  9.03102E-05  3.766E-05  0.00000E+00  0.000E+00
   6.00000E+00  2.70000E+02  0.00000E+00  0.000E+00  5.88979E-05  3.041E-05  0.00000E+00  0.000E+00
   6.00000E+00  2.90000E+02  0.00000E+00  0.000E+00  1.06016E-04  4.081E-05  0.00000E+00  0.000E+00
   6.00000E+00  3.10000E+02  0.00000E+00  0.000E+00  1.45282E-04  4.777E-05  0.00000E+00  0.000E+00
   6.00000E+00  3.30000E+02  0.00000E+00  0.000E+00  8.63837E-05  3.683E-05  0.00000E+00  0.000E+00
   6.00000E+00  3.50000E+02  0.00000E+00  0.000E+00  8.24571E-05  3.599E-05  0.00000E+00  0.000E+00

   1.00000E+01  1.00000E+01  0.00000E+00  0.000E+00  8.27259E-05  2.797E-05  0.00000E+00  0.000E+00
   1.00000E+01  3.00000E+01  0.00000E+00  0.000E+00  9.45438E-05  2.990E-05  0.00000E+00  0.000E+00
   1.00000E+01  5.00000E+01  0.00000E+00  0.000E+00  1.11089E-04  3.241E-05  0.00000E+00  0.000E+00
   1.00000E+01  7.00000E+01  2.36360E-06  4.727E-06  1.08725E-04  3.206E-05  0.00000E+00  0.000E+00
   1.00000E+01  9.00000E+01  0.00000E+00  0.000E+00  8.50895E-05  2.836E-05  0.00000E+00  0.000E+00
   1.00000E+01  1.10000E+02  0.00000E+00  0.000E+00  9.45438E-05  2.990E-05  0.00000E+00  0.000E+00
   1.00000E+01  1.30000E+02  0.00000E+00  0.000E+00  1.22907E-04  3.409E-05  0.00000E+00  0.000E+00
   1.00000E+01  1.50000E+02  0.00000E+00  0.000E+00  9.45438E-05  2.990E-05  0.00000E+00  0.000E+00
   1.00000E+01  1.70000E+02  0.00000E+00  0.000E+00  9.92710E-05  3.064E-05  0.00000E+00  0.000E+00
   1.00000E+01  1.90000E+02  0.00000E+00  0.000E+00  1.13453E-04  3.275E-05  0.00000E+00  0.000E+00
   1.00000E+01  2.10000E+02  0.00000E+00  0.000E+00  9.69074E-05  3.027E-05  0.00000E+00  0.000E+00
   1.00000E+01  2.30000E+02  0.00000E+00  0.000E+00  8.74531E-05  2.875E-05  0.00000E+00  0.000E+00
   1.00000E+01  2.50000E+02  0.00000E+00  0.000E+00  1.34725E-04  3.569E-05  0.00000E+00  0.000E+00
   1.00000E+01  2.70000E+02  0.00000E+00  0.000E+00  1.18180E-04  3.343E-05  0.00000E+00  0.000E+00
   1.00000E+01  2.90000E+02  0.00000E+00  0.000E+00  1.03998E-04  3.136E-05  0.00000E+00  0.000E+00
   1.00000E+01  3.10000E+02  0.00000E+00  0.000E+00  9.69074E-05  3.027E-05  0.00000E+00  0.000E+00
   1.00000E+01  3.30000E+02  0.00000E+00  0.000E+00  9.45438E-05  2.990E-05  0.00000E+00  0.000E+00
   1.00000E+01  3.50000E+02  0.00000E+00  0.000E+00  8.03623E-05  2.756E-05  0.00000E+00  0.000E+00

   1.40000E+01  1.00000E+01  0.00000E+00  0.000E+00  1.10276E-04  2.736E-05  0.00000E+00  0.000E+00
   1.40000E+01  3.00000E+01  1.69656E-06  3.393E-06  9.33106E-05  2.516E-05  0.00000E+00  0.000E+00
   1.40000E+01  5.00000E+01  0.00000E+00  0.000E+00  8.14347E-05  2.351E-05  0.00000E+00  0.000E+00
   1.40000E+01  7.00000E+01  0.00000E+00  0.000E+00  1.08580E-04  2.714E-05  0.00000E+00  0.000E+00
   1.40000E+01  9.00000E+01  0.00000E+00  0.000E+00  9.67037E-05  2.562E-05  0.00000E+00  0.000E+00
   1.40000E+01  1.10000E+02  0.00000E+00  0.000E+00  9.67037E-05  2.562E-05  0.00000E+00  0.000E+00
   1.40000E+01  1.30000E+02  0.00000E+00  0.000E+00  8.48278E-05  2.399E-05  0.00000E+00  0.000E+00
   1.40000E+01  1.50000E+02  0.00000E+00  0.000E+00  1.03490E-04  2.650E-05  0.00000E+00  0.000E+00
   1.40000E+01  1.70000E+02  0.00000E+00  0.000E+00  1.06883E-04  2.693E-05  0.00000E+00  0.000E+00
   1.40000E+01  1.90000E+02  0.00000E+00  0.000E+00  9.16140E-05  2.493E-05  0.00000E+00  0.000E+00
   1.40000E+01  2.10000E+02  1.69656E-06  3.393E-06  1.11973E-04  2.757E-05  0.00000E+00  0.000E+00
   1.40000E+01  2.30000E+02  0.00000E+00  0.000E+00  8.48278E-05  2.399E-05  0.00000E+00  0.000E+00
   1.40000E+01  2.50000E+02  0.00000E+00  0.000E+00  8.99175E-05  2.470E-05  0.00000E+00  0.000E+00
   1.40000E+01  2.70000E+02  0.00000E+00  0.000E+00  1.03490E-04  2.650E-05  0.00000E+00  0.000E+00
   1.40000E+01  2.90000E+02  0.00000E+00  0.000E+00  8.48278E-05  2.399E-05  0.00000E+00  0.000E+00
   1.40000E+01  3.10000E+02  0.00000E+00  0.000E+00  7.80416E-05  2.301E-05  0.00000E+00  0.000E+00
   1.40000E+01  3.30000E+02  0.00000E+00  0.000E+00  9.84003E-05  2.584E-05  0.00000E+00  0.000E+00
   1.40000E+01  3.50000E+02  0.00000E+00  0.000E+00  8.82209E-05  2.447E-05  0.00000E+00  0.000E+00

   1.80000E+01  1.00000E+01  0.00000E+00  0.000E+00  9.56299E-05  2.254E-05  0.00000E+00  0.000E+00
   1.80000E+01  3.00000E+01  0.00000E+00  0.000E+00  7.83634E-05  2.040E-05  0.00000E+00  0.000E+00
   1.80000E+01  5.00000E+01  0.00000E+00  0.000E+00  7.70352E-05  2.023E-05  0.00000E+00  0.000E+00
   1.80000E+01  7.00000E+01  0.00000E+00  0.000E+00  1.08912E-04  2.405E-05  0.00000E+00  0.000E+00
   1.80000E+01  9.00000E+01  0.00000E+00  0.000E+00  9.69581E-05  2.270E-05  0.00000E+00  0.000E+00
   1.80000E+01  1.10000E+02  0.00000E+00  0.000E+00  8.36761E-05  2.108E-05  0.00000E+00  0.000E+00
   1.80000E+01  1.30000E+02  0.00000E+00  0.000E+00  7.03942E-05  1.934E-05  0.00000E+00  0.000E+00
   1.80000E+01  1.50000E+02  0.00000E+00  0.000E+00  1.00943E-04  2.316E-05  0.00000E+00  0.000E+00
   1.80000E+01  1.70000E+02  0.00000E+00  0.000E+00  8.23480E-05  2.092E-05  0.00000E+00  0.000E+00
   1.80000E+01  1.90000E+02  0.00000E+00  0.000E+00  9.82863E-05  2.285E-05  0.00000E+00  0.000E+00
   1.80000E+01  2.10000E+02  0.00000E+00  0.000E+00  9.03171E-05  2.191E-05  0.00000E+00  0.000E+00
   1.80000E+01  2.30000E+02  0.00000E+00  0.000E+00  9.96145E-05  2.300E-05  0.00000E+00  0.000E+00
   1.80000E+01  2.50000E+02  0.00000E+00  0.000E+00  1.11568E-04  2.435E-05  0.00000E+00  0.000E+00
   1.80000E+01  2.70000E+02  0.00000E+00  0.000E+00  1.18209E-04  2.506E-05  0.00000E+00  0.000E+00
   1.80000E+01  2.90000E+02  0.00000E+00  0.000E+00  9.56299E-05  2.254E-05  0.00000E+00  0.000E+00
   1.80000E+01  3.10000E+02  0.00000E+00  0.000E+00  1.11568E-04  2.435E-05  0.00000E+00  0.000E+00
   1.80000E+01  3.30000E+02  0.00000E+00  0.000E+00  1.00943E-04  2.316E-05  0.00000E+00  0.000E+00
   1.80000E+01  3.50000E+02  0.00000E+00  0.000E+00  1.03599E-04  2.346E-05  0.00000E+00  0.000E+00

   2.20000E+01  1.00000E+01  1.09564E-06  2.191E-06  8.65556E-05  1.948E-05  0.00000E+00  0.000E+00
   2.20000E+01  3.00000E+01  1.09564E-06  2.191E-06  8.10774E-05  1.885E-05  0.00000E+00  0.000E+00
   2.20000E+01  5.00000E+01  0.00000E+00  0.000E+00  8.21730E-05  1.898E-05  0.00000E+00  0.000E+00
   2.20000E+01  7.00000E+01  0.00000E+00  0.000E+00  9.09382E-05  1.996E-05  0.00000E+00  0.000E+00
   2.20000E+01  9.00000E+01  0.00000E+00  0.000E+00  1.04086E-04  2.136E-05  0.00000E+00  0.000E+00
   2.20000E+01  1.10000E+02  1.09564E-06  2.191E-06  8.65556E-05  1.948E-05  0.00000E+00  0.000E+00
   2.20000E+01  1.30000E+02  0.00000E+00  0.000E+00  1.00799E-04  2.102E-05  0.00000E+00  0.000E+00
   2.20000E+01  1.50000E+02  0.00000E+00  0.000E+00  8.87469E-05  1.972E-05  0.00000E+00  0.000E+00
   2.20000E+01  1.70000E+02  0.00000E+00  0.000E+00  1.04086E-04  2.136E-05  0.00000E+00  0.000E+00
   2.20000E+01  1.90000E+02  2.19128E-06  3.099E-06  9.31294E-05  2.020E-05  0.00000E+00  0.000E+00
   2.20000E+01  2.10000E+02  0.00000E+00  0.000E+00  9.20338E-05  2.008E-05  0.00000E+00  0.000E+00
   2.20000E+01  2.30000E+02  0.00000E+00  0.000E+00  7.55992E-05  1.820E-05  0.00000E+00  0.000E+00
   2.20000E+01  2.50000E+02  0.00000E+00  0.000E+00  8.76512E-05  1.960E-05  0.00000E+00  0.000E+00
   2.20000E+01  2.70000E+02  0.00000E+00  0.000E+00  7.66948E-05  1.833E-05  0.00000E+00  0.000E+00
   2.20000E+01  2.90000E+02  1.09564E-06  2.191E-06  9.53207E-05  2.044E-05  0.00000E+00  0.000E+00
   2.20000E+01  3.10000E+02  0.00000E+00  0.000E+00  1.13947E-04  2.235E-05  0.00000E+00  0.000E+00
   2.20000E+01  3.30000E+02  0.00000E+00  0.000E+00  1.06277E-04  2.158E-05  0.00000E+00  0.000E+00
   2.20000E+01  3.50000E+02  0.00000E+00  0.000E+00  1.19425E-04  2.288E-05  0.00000E+00  0.000E+00

   2.60000E+01  1.00000E+01  0.00000E+00  0.000E+00  7.86468E-05  1.716E-05  0.00000E+00  0.000E+00
   2.60000E+01  3.00000E+01  0.00000E+00  0.000E+00  7.77105E-05  1.706E-05  0.00000E+00  0.000E+00
   2.60000E+01  5.00000E+01  0.00000E+00  0.000E+00  9.45634E-05  1.882E-05  0.00000E+00  0.000E+00
   2.60000E+01  7.00000E+01  0.00000E+00  0.000E+00  8.70732E-05  1.806E-05  0.00000E+00  0.000E+00
   2.60000E+01  9.00000E+01  0.00000E+00  0.000E+00  8.52006E-05  1.786E-05  0.00000E+00  0.000E+00
   2.60000E+01  1.10000E+02  0.00000E+00  0.000E+00  6.08576E-05  1.510E-05  0.00000E+00  0.000E+00
   2.60000E+01  1.30000E+02  0.00000E+00  0.000E+00  9.45634E-05  1.882E-05  0.00000E+00  0.000E+00
   2.60000E+01  1.50000E+02  0.00000E+00  0.000E+00  9.64359E-05  1.900E-05  0.00000E+00  0.000E+00
   2.60000E+01  1.70000E+02  0.00000E+00  0.000E+00  9.64359E-05  1.900E-05  0.00000E+00  0.000E+00
   2.60000E+01  1.90000E+02  0.00000E+00  0.000E+00  8.23918E-05  1.757E-05  0.00000E+00  0.000E+00
   2.60000E+01  2.10000E+02  0.00000E+00  0.000E+00  8.33281E-05  1.767E-05  0.00000E+00  0.000E+00
   2.60000E+01  2.30000E+02  0.00000E+00  0.000E+00  7.95830E-05  1.726E-05  0.00000E+00  0.000E+00
   2.60000E+01  2.50000E+02  0.00000E+00  0.000E+00  7.58379E-05  1.685E-05  0.00000E+00  0.000E+00
   2.60000E+01  2.70000E+02  9.36271E-07  1.873E-06  9.92447E-05  1.928E-05  0.00000E+00  0.000E+00
   2.60000E+01  2.90000E+02  0.00000E+00  0.000E+00  8.14556E-05  1.747E-05  0.00000E+00  0.000E+00
   2.60000E+01  3.10000E+02  0.00000E+00  0.000E+00  7.67742E-05  1.696E-05  0.00000E+00  0.000E+00
   2.60000E+01  3.30000E+02  0.00000E+00  0.000E+00  8.98820E-05  1.835E-05  0.00000E+00  0.000E+00
   2.60000E+01  3.50000E+02  0.00000E+00  0.000E+00  6.74115E-05  1.589E-05  0.00000E+00  0.000E+00

   3.00000E+01  1.00000E+01  0.00000E+00  0.000E+00  7.88034E-05  1.609E-05  0.00000E+00  0.000E+00
   3.00000E+01  3.00000E+01  0.00000E+00  0.000E+00  6.73112E-05  1.487E-05  0.00000E+00  0.000E+00
   3.00000E+01  5.00000E+01  0.00000E+00  0.000E+00  8.20868E-05  1.642E-05  0.00000E+00  0.000E+00
   3.00000E+01  7.00000E+01  0.00000E+00  0.000E+00  6.73112E-05  1.487E-05  0.00000E+00  0.000E+00
   3.00000E+01  9.00000E+01  0.00000E+00  0.000E+00  8.29077E-05  1.650E-05  0.00000E+00  0.000E+00
   3.00000E+01  1.10000E+02  0.00000E+00  0.000E+00  7.79825E-05  1.600E-05  0.00000E+00  0.000E+00
   3.00000E+01  1.30000E+02  0.00000E+00  0.000E+00  8.53703E-05  1.674E-05  0.00000E+00  0.000E+00
   3.00000E+01  1.50000E+02  0.00000E+00  0.000E+00  8.04451E-05  1.625E-05  0.00000E+00  0.000E+00
   3.00000E+01  1.70000E+02  0.00000E+00  0.000E+00  8.37286E-05  1.658E-05  0.00000E+00  0.000E+00
   3.00000E+01  1.90000E+02  0.00000E+00  0.000E+00  6.40277E-05  1.450E-05  0.00000E+00  0.000E+00
   3.00000E+01  2.10000E+02  8.20868E-07  1.642E-06  8.61912E-05  1.682E-05  0.00000E+00  0.000E+00
   3.00000E+01  2.30000E+02  0.00000E+00  0.000E+00  8.53703E-05  1.674E-05  0.00000E+00  0.000E+00
   3.00000E+01  2.50000E+02  8.20868E-07  1.642E-06  7.79825E-05  1.600E-05  0.00000E+00  0.000E+00
   3.00000E+01  2.70000E+02  8.20868E-07  1.642E-06  7.71616E-05  1.592E-05  0.00000E+00  0.000E+00
   3.00000E+01  2.90000E+02  0.00000E+00  0.000E+00  6.97738E-05  1.514E-05  0.00000E+00  0.000E+00
   3.00000E+01  3.10000E+02  8.20868E-07  1.642E-06  8.45494E-05  1.666E-05  0.00000E+00  0.000E+00
   3.00000E+01  3.30000E+02  0.00000E+00  0.000E+00  7.46990E-05  1.566E-05  0.00000E+00  0.000E+00
   3.00000E+01  3.50000E+02  0.00000E+00  0.000E+00  8.20868E-05  1.642E-05  0.00000E+00  0.000E+00

   3.40000E+01  1.00000E+01  0.00000E+00  0.000E+00  6.67918E-05  1.400E-05  0.00000E+00  0.000E+00
   3.40000E+01  3.00000E+01  7.33976E-07  1.468E-06  7.92694E-05  1.526E-05  0.00000E+00  0.000E+00
   3.40000E+01  5.00000E+01  0.00000E+00  0.000E+00  7.85354E-05  1.518E-05  0.00000E+00  0.000E+00
   3.40000E+01  7.00000E+01  0.00000E+00  0.000E+00  6.38559E-05  1.369E-05  0.00000E+00  0.000E+00
   3.40000E+01  9.00000E+01  0.00000E+00  0.000E+00  7.41316E-05  1.475E-05  0.00000E+00  0.000E+00
   3.40000E+01  1.10000E+02  7.33976E-07  1.468E-06  7.11957E-05  1.446E-05  0.00000E+00  0.000E+00
   3.40000E+01  1.30000E+02  7.33976E-07  1.468E-06  7.33976E-05  1.468E-05  0.00000E+00  0.000E+00
   3.40000E+01  1.50000E+02  0.00000E+00  0.000E+00  7.63335E-05  1.497E-05  0.00000E+00  0.000E+00
   3.40000E+01  1.70000E+02  7.33976E-07  1.468E-06  6.75258E-05  1.408E-05  0.00000E+00  0.000E+00
   3.40000E+01  1.90000E+02  0.00000E+00  0.000E+00  6.67918E-05  1.400E-05  0.00000E+00  0.000E+00
   3.40000E+01  2.10000E+02  0.00000E+00  0.000E+00  6.31219E-05  1.361E-05  0.00000E+00  0.000E+00
   3.40000E+01  2.30000E+02  0.00000E+00  0.000E+00  7.11957E-05  1.446E-05  0.00000E+00  0.000E+00
   3.40000E+01  2.50000E+02  0.00000E+00  0.000E+00  6.60578E-05  1.393E-05  0.00000E+00  0.000E+00
   3.40000E+01  2.70000E+02  0.00000E+00  0.000E+00  7.41316E-05  1.475E-05  0.00000E+00  0.000E+00
   3.40000E+01  2.90000E+02  0.00000E+00  0.000E+00  6.16540E-05  1.345E-05  0.00000E+00  0.000E+00
   3.40000E+01  3.10000E+02  0.00000E+00  0.000E+00  6.67918E-05  1.400E-05  0.00000E+00  0.000E+00
   3.40000E+01  3.30000E+02  0.00000E+00  0.000E+00  7.92694E-05  1.526E-05  0.00000E+00  0.000E+00
   3.40000E+01  3.50000E+02  0.00000E+00  0.000E+00  5.94521E-05  1.321E-05  0.00000E+00  0.000E+00

   3.80000E+01  1.00000E+01  0.00000E+00  0.000E+00  6.73322E-05  1.340E-05  0.00000E+00  0.000E+00
   3.80000E+01  3.00000E+01  0.00000E+00  0.000E+00  6.33323E-05  1.300E-05  0.00000E+00  0.000E+00
   3.80000E+01  5.00000E+01  1.33331E-06  1.886E-06  5.53324E-05  1.215E-05  0.00000E+00  0.000E+00
   3.80000E+01  7.00000E+01  0.00000E+00  0.000E+00  7.39988E-05  1.405E-05  0.00000E+00  0.000E+00
   3.80000E+01  9.00000E+01  0.00000E+00  0.000E+00  5.66657E-05  1.229E-05  0.00000E+00  0.000E+00
   3.80000E+01  1.10000E+02  0.00000E+00  0.000E+00  6.06657E-05  1.272E-05  0.00000E+00  0.000E+00
   3.80000E+01  1.30000E+02  0.00000E+00  0.000E+00  6.19990E-05  1.286E-05  0.00000E+00  0.000E+00
   3.80000E+01  1.50000E+02  0.00000E+00  0.000E+00  6.79989E-05  1.347E-05  0.00000E+00  0.000E+00
   3.80000E+01  1.70000E+02  0.00000E+00  0.000E+00  6.06657E-05  1.272E-05  0.00000E+00  0.000E+00
   3.80000E+01  1.90000E+02  0.00000E+00  0.000E+00  7.13321E-05  1.379E-05  0.00000E+00  0.000E+00
   3.80000E+01  2.10000E+02  0.00000E+00  0.000E+00  6.86655E-05  1.353E-05  0.00000E+00  0.000E+00
   3.80000E+01  2.30000E+02  0.00000E+00  0.000E+00  5.06658E-05  1.162E-05  0.00000E+00  0.000E+00
   3.80000E+01  2.50000E+02  0.00000E+00  0.000E+00  6.66656E-05  1.333E-05  0.00000E+00  0.000E+00
   3.80000E+01  2.70000E+02  6.66656E-07  1.333E-06  6.86655E-05  1.353E-05  0.00000E+00  0.000E+00
   3.80000E+01  2.90000E+02  0.00000E+00  0.000E+00  7.53321E-05  1.417E-05  0.00000E+00  0.000E+00
   3.80000E+01  3.10000E+02  0.00000E+00  0.000E+00  6.73322E-05  1.340E-05  0.00000E+00  0.000E+00
   3.80000E+01  3.30000E+02  6.66656E-07  1.333E-06  6.66656E-05  1.333E-05  0.00000E+00  0.000E+00
   3.80000E+01  3.50000E+02  1.33331E-06  1.886E-06  7.19988E-05  1.386E-05  0.00000E+00  0.000E+00

   4.20000E+01  1.00000E+01  6.13384E-07  1.227E-06  6.01117E-05  1.214E-05  0.00000E+00  0.000E+00
   4.20000E+01  3.00000E+01  6.13384E-07  1.227E-06  6.19518E-05  1.233E-05  0.00000E+00  0.000E+00
   4.20000E+01  5.00000E+01  6.13384E-07  1.227E-06  5.58180E-05  1.170E-05  0.00000E+00  0.000E+00
   4.20000E+01  7.00000E+01  6.13384E-07  1.227E-06  5.76581E-05  1.189E-05  0.00000E+00  0.000E+00
   4.20000E+01  9.00000E+01  6.13384E-07  1.227E-06  6.37920E-05  1.251E-05  0.00000E+00  0.000E+00
   4.20000E+01  1.10000E+02  6.13384E-07  1.227E-06  5.45912E-05  1.157E-05  0.00000E+00  0.000E+00
   4.20000E+01  1.30000E+02  0.00000E+00  0.000E+00  6.13384E-05  1.227E-05  0.00000E+00  0.000E+00
   4.20000E+01  1.50000E+02  6.13384E-07  1.227E-06  6.99258E-05  1.310E-05  0.00000E+00  0.000E+00
   4.20000E+01  1.70000E+02  0.00000E+00  0.000E+00  5.39778E-05  1.151E-05  0.00000E+00  0.000E+00
   4.20000E+01  1.90000E+02  0.00000E+00  0.000E+00  6.07250E-05  1.221E-05  0.00000E+00  0.000E+00
   4.20000E+01  2.10000E+02  0.00000E+00  0.000E+00  6.01117E-05  1.214E-05  0.00000E+00  0.000E+00
   4.20000E+01  2.30000E+02  0.00000E+00  0.000E+00  5.15243E-05  1.124E-05  0.00000E+00  0.000E+00
   4.20000E+01  2.50000E+02  6.13384E-07  1.227E-06  6.07250E-05  1.221E-05  0.00000E+00  0.000E+00
   4.20000E+01  2.70000E+02  1.22677E-06  1.735E-06  5.33644E-05  1.144E-05  0.00000E+00  0.000E+00
   4.20000E+01  2.90000E+02  0.00000E+00  0.000E+00  5.52046E-05  1.164E-05  0.00000E+00  0.000E+00
   4.20000E+01  3.10000E+02  0.00000E+00  0.000E+00  6.19518E-05  1.233E-05  0.00000E+00  0.000E+00
   4.20000E+01  3.30000E+02  0.00000E+00  0.000E+00  5.82715E-05  1.196E-05  0.00000E+00  0.000E+00
   4.20000E+01  3.50000E+02  0.00000E+00  0.000E+00  5.02975E-05  1.111E-05  0.00000E+00  0.000E+00

   4.60000E+01  1.00000E+01  0.00000E+00  0.000E+00  5.13514E-05  1.083E-05  0.00000E+00  0.000E+00
   4.60000E+01  3.00000E+01  0.00000E+00  0.000E+00  4.73574E-05  1.040E-05  0.00000E+00  0.000E+00
   4.60000E+01  5.00000E+01  0.00000E+00  0.000E+00  4.96396E-05  1.064E-05  0.00000E+00  0.000E+00
   4.60000E+01  7.00000E+01  0.00000E+00  0.000E+00  4.45045E-05  1.008E-05  0.00000E+00  0.000E+00
   4.60000E+01  9.00000E+01  5.70571E-07  1.141E-06  5.81982E-05  1.152E-05  0.00000E+00  0.000E+00
   4.60000E+01  1.10000E+02  0.00000E+00  0.000E+00  4.84985E-05  1.052E-05  0.00000E+00  0.000E+00
   4.60000E+01  1.30000E+02  0.00000E+00  0.000E+00  4.96396E-05  1.064E-05  0.00000E+00  0.000E+00
   4.60000E+01  1.50000E+02  0.00000E+00  0.000E+00  4.56456E-05  1.021E-05  0.00000E+00  0.000E+00
   4.60000E+01  1.70000E+02  5.70571E-07  1.141E-06  4.62162E-05  1.027E-05  0.00000E+00  0.000E+00
   4.60000E+01  1.90000E+02  0.00000E+00  0.000E+00  4.56456E-05  1.021E-05  0.00000E+00  0.000E+00
   4.60000E+01  2.10000E+02  0.00000E+00  0.000E+00  5.42042E-05  1.112E-05  0.00000E+00  0.000E+00
   4.60000E+01  2.30000E+02  0.00000E+00  0.000E+00  4.22222E-05  9.816E-06  0.00000E+00  0.000E+00
   4.60000E+01  2.50000E+02  0.00000E+00  0.000E+00  5.70571E-05  1.141E-05  0.00000E+00  0.000E+00
   4.60000E+01  2.70000E+02  0.00000E+00  0.000E+00  4.84985E-05  1.052E-05  0.00000E+00  0.000E+00
   4.60000E+01  2.90000E+02  0.00000E+00  0.000E+00  4.10811E-05  9.683E-06  0.00000E+00  0.000E+00
   4.60000E+01  3.10000E+02  5.70571E-07  1.141E-06  4.27928E-05  9.883E-06  0.00000E+00  0.000E+00
   4.60000E+01  3.30000E+02  5.70571E-07  1.141E-06  5.42042E-05  1.112E-05  0.00000E+00  0.000E+00
   4.60000E+01  3.50000E+02  0.00000E+00  0.000E+00  5.07808E-05  1.077E-05  0.00000E+00  0.000E+00

   5.00000E+01  1.00000E+01  0.00000E+00  0.000E+00  3.91122E-05  9.155E-06  0.00000E+00  0.000E+00
   5.00000E+01  3.00000E+01  0.00000E+00  0.000E+00  4.28627E-05  9.584E-06  0.00000E+00  0.000E+00
   5.00000E+01  5.00000E+01  0.00000E+00  0.000E+00  4.66132E-05  9.995E-06  0.00000E+00  0.000E+00
   5.00000E+01  7.00000E+01  0.00000E+00  0.000E+00  3.42902E-05  8.573E-06  0.00000E+00  0.000E+00
   5.00000E+01  9.00000E+01  0.00000E+00  0.000E+00  3.48259E-05  8.639E-06  0.00000E+00  0.000E+00
   5.00000E+01  1.10000E+02  0.00000E+00  0.000E+00  3.21470E-05  8.300E-06  0.00000E+00  0.000E+00
   5.00000E+01  1.30000E+02  0.00000E+00  0.000E+00  3.96480E-05  9.218E-06  0.00000E+00  0.000E+00
   5.00000E+01  1.50000E+02  0.00000E+00  0.000E+00  3.58975E-05  8.771E-06  0.00000E+00  0.000E+00
   5.00000E+01  1.70000E+02  5.35784E-07  1.072E-06  4.44700E-05  9.762E-06  0.00000E+00  0.000E+00
   5.00000E+01  1.90000E+02  0.00000E+00  0.000E+00  3.37544E-05  8.505E-06  0.00000E+00  0.000E+00
   5.00000E+01  2.10000E+02  5.35784E-07  1.072E-06  3.64333E-05  8.836E-06  0.00000E+00  0.000E+00
   5.00000E+01  2.30000E+02  0.00000E+00  0.000E+00  4.82205E-05  1.017E-05  0.00000E+00  0.000E+00
   5.00000E+01  2.50000E+02  5.35784E-07  1.072E-06  3.96480E-05  9.218E-06  0.00000E+00  0.000E+00
   5.00000E+01  2.70000E+02  0.00000E+00  0.000E+00  4.28627E-05  9.584E-06  0.00000E+00  0.000E+00
   5.00000E+01  2.90000E+02  0.00000E+00  0.000E+00  4.44700E-05  9.762E-06  0.00000E+00  0.000E+00
   5.00000E+01  3.10000E+02  0.00000E+00  0.000E+00  4.01838E-05  9.280E-06  0.00000E+00  0.000E+00
   5.00000E+01  3.30000E+02  0.00000E+00  0.000E+00  4.71490E-05  1.005E-05  0.00000E+00  0.000E+00
   5.00000E+01  3.50000E+02  0.00000E+00  0.000E+00  4.28627E-05  9.584E-06  0.00000E+00  0.000E+00

   5.40000E+01  1.00000E+01  5.07324E-07  1.015E-06  3.34834E-05  8.243E-06  0.00000E+00  0.000E+00
   5.40000E+01  3.00000E+01  5.07324E-07  1.015E-06  3.50054E-05  8.428E-06  0.00000E+00  0.000E+00
   5.40000E+01  5.00000E+01  0.00000E+00  0.000E+00  3.55127E-05  8.489E-06  0.00000E+00  0.000E+00
   5.40000E+01  7.00000E+01  0.00000E+00  0.000E+00  3.70347E-05  8.669E-06  0.00000E+00  0.000E+00
   5.40000E+01  9.00000E+01  0.00000E+00  0.000E+00  3.44981E-05  8.367E-06  0.00000E+00  0.000E+00
   5.40000E+01  1.10000E+02  0.00000E+00  0.000E+00  3.39907E-05  8.305E-06  0.00000E+00  0.000E+00
   5.40000E+01  1.30000E+02  0.00000E+00  0.000E+00  3.39907E-05  8.305E-06  0.00000E+00  0.000E+00
   5.40000E+01  1.50000E+02  0.00000E+00  0.000E+00  3.44981E-05  8.367E-06  0.00000E+00  0.000E+00
   5.40000E+01  1.70000E+02  0.00000E+00  0.000E+00  3.14541E-05  7.989E-06  0.00000E+00  0.000E+00
   5.40000E+01  1.90000E+02  0.00000E+00  0.000E+00  3.90640E-05  8.904E-06  0.00000E+00  0.000E+00
   5.40000E+01  2.10000E+02  0.00000E+00  0.000E+00  3.34834E-05  8.243E-06  0.00000E+00  0.000E+00
   5.40000E+01  2.30000E+02  0.00000E+00  0.000E+00  3.60200E-05  8.550E-06  0.00000E+00  0.000E+00
   5.40000E+01  2.50000E+02  5.07324E-07  1.015E-06  3.65274E-05  8.610E-06  0.00000E+00  0.000E+00
   5.40000E+01  2.70000E+02  0.00000E+00  0.000E+00  3.75420E-05  8.728E-06  0.00000E+00  0.000E+00
   5.40000E+01  2.90000E+02  0.00000E+00  0.000E+00  4.10933E-05  9.132E-06  0.00000E+00  0.000E+00
   5.40000E+01  3.10000E+02  5.07324E-07  1.015E-06  3.85567E-05  8.846E-06  0.00000E+00  0.000E+00
   5.40000E+01  3.30000E+02  5.07324E-07  1.015E-06  3.50054E-05  8.428E-06  0.00000E+00  0.000E+00
   5.40000E+01  3.50000E+02  0.00000E+00  0.000E+00  3.95713E-05  8.961E-06  0.00000E+00  0.000E+00

   5.80000E+01  1.00000E+01  0.00000E+00  0.000E+00  3.04904E-05  7.683E-06  0.00000E+00  0.000E+00
   5.80000E+01  3.00000E+01  0.00000E+00  0.000E+00  2.66186E-05  7.179E-06  0.00000E+00  0.000E+00
   5.80000E+01  5.00000E+01  0.00000E+00  0.000E+00  2.17789E-05  6.493E-06  0.00000E+00  0.000E+00
   5.80000E+01  7.00000E+01  0.00000E+00  0.000E+00  2.66186E-05  7.179E-06  0.00000E+00  0.000E+00
   5.80000E+01  9.00000E+01  0.00000E+00  0.000E+00  3.04904E-05  7.683E-06  0.00000E+00  0.000E+00
   5.80000E+01  1.10000E+02  0.00000E+00  0.000E+00  3.00065E-05  7.622E-06  0.00000E+00  0.000E+00
   5.80000E+01  1.30000E+02  4.83975E-07  9.680E-07  2.75866E-05  7.308E-06  0.00000E+00  0.000E+00
   5.80000E+01  1.50000E+02  0.00000E+00  0.000E+00  2.22629E-05  6.565E-06  0.00000E+00  0.000E+00
   5.80000E+01  1.70000E+02  0.00000E+00  0.000E+00  2.66186E-05  7.179E-06  0.00000E+00  0.000E+00
   5.80000E+01  1.90000E+02  0.00000E+00  0.000E+00  2.95225E-05  7.560E-06  0.00000E+00  0.000E+00
   5.80000E+01  2.10000E+02  0.00000E+00  0.000E+00  2.90385E-05  7.498E-06  0.00000E+00  0.000E+00
   5.80000E+01  2.30000E+02  0.00000E+00  0.000E+00  2.32308E-05  6.706E-06  0.00000E+00  0.000E+00
   5.80000E+01  2.50000E+02  0.00000E+00  0.000E+00  2.61347E-05  7.113E-06  0.00000E+00  0.000E+00
   5.80000E+01  2.70000E+02  0.00000E+00  0.000E+00  2.66186E-05  7.179E-06  0.00000E+00  0.000E+00
   5.80000E+01  2.90000E+02  0.00000E+00  0.000E+00  3.14584E-05  7.804E-06  0.00000E+00  0.000E+00
   5.80000E+01  3.10000E+02  0.00000E+00  0.000E+00  2.80706E-05  7.372E-06  0.00000E+00  0.000E+00
   5.80000E+01  3.30000E+02  0.00000E+00  0.000E+00  1.69391E-05  5.726E-06  0.00000E+00  0.000E+00
   5.80000E+01  3.50000E+02  0.00000E+00  0.000E+00  3.38783E-05  8.098E-06  0.00000E+00  0.000E+00

   6.20000E+01  1.00000E+01  0.00000E+00  0.000E+00  1.81290E-05  5.806E-06  0.00000E+00  0.000E+00
   6.20000E+01  3.00000E+01  4.64845E-07  9.297E-07  1.67344E-05  5.578E-06  0.00000E+00  0.000E+00
   6.20000E+01  5.00000E+01  0.00000E+00  0.000E+00  2.46368E-05  6.768E-06  0.00000E+00  0.000E+00
   6.20000E+01  7.00000E+01  0.00000E+00  0.000E+00  1.90587E-05  5.953E-06  0.00000E+00  0.000E+00
   6.20000E+01  9.00000E+01  9.29691E-07  1.315E-06  2.27774E-05  6.508E-06  0.00000E+00  0.000E+00
   6.20000E+01  1.10000E+02  0.00000E+00  0.000E+00  1.67344E-05  5.578E-06  0.00000E+00  0.000E+00
   6.20000E+01  1.30000E+02  4.64845E-07  9.297E-07  1.95235E-05  6.025E-06  0.00000E+00  0.000E+00
   6.20000E+01  1.50000E+02  4.64845E-07  9.297E-07  1.39454E-05  5.092E-06  0.00000E+00  0.000E+00
   6.20000E+01  1.70000E+02  0.00000E+00  0.000E+00  2.32423E-05  6.574E-06  0.00000E+00  0.000E+00
   6.20000E+01  1.90000E+02  4.64845E-07  9.297E-07  2.37071E-05  6.639E-06  0.00000E+00  0.000E+00
   6.20000E+01  2.10000E+02  4.64845E-07  9.297E-07  2.09180E-05  6.237E-06  0.00000E+00  0.000E+00
   6.20000E+01  2.30000E+02  9.29691E-07  1.315E-06  2.41720E-05  6.704E-06  0.00000E+00  0.000E+00
   6.20000E+01  2.50000E+02  0.00000E+00  0.000E+00  1.99884E-05  6.096E-06  0.00000E+00  0.000E+00
   6.20000E+01  2.70000E+02  0.00000E+00  0.000E+00  2.18477E-05  6.374E-06  0.00000E+00  0.000E+00
   6.20000E+01  2.90000E+02  0.00000E+00  0.000E+00  2.04532E-05  6.167E-06  0.00000E+00  0.000E+00
   6.20000E+01  3.10000E+02  0.00000E+00  0.000E+00  1.58047E-05  5.421E-06  0.00000E+00  0.000E+00
   6.20000E+01  3.30000E+02  4.64845E-07  9.297E-07  2.27774E-05  6.508E-06  0.00000E+00  0.000E+00
   6.20000E+01  3.50000E+02  4.64845E-07  9.297E-07  2.23126E-05  6.441E-06  0.00000E+00  0.000E+00

   6.60000E+01  1.00000E+01  0.00000E+00  0.000E+00  2.29131E-05  6.417E-06  0.00000E+00  0.000E+00
   6.60000E+01  3.00000E+01  0.00000E+00  0.000E+00  1.93189E-05  5.892E-06  0.00000E+00  0.000E+00
   6.60000E+01  5.00000E+01  4.49276E-07  8.986E-07  1.66232E-05  5.466E-06  0.00000E+00  0.000E+00
   6.60000E+01  7.00000E+01  0.00000E+00  0.000E+00  1.93189E-05  5.892E-06  0.00000E+00  0.000E+00
   6.60000E+01  9.00000E+01  0.00000E+00  0.000E+00  1.88696E-05  5.823E-06  0.00000E+00  0.000E+00
   6.60000E+01  1.10000E+02  4.49276E-07  8.986E-07  1.48261E-05  5.162E-06  0.00000E+00  0.000E+00
   6.60000E+01  1.30000E+02  0.00000E+00  0.000E+00  1.30290E-05  4.839E-06  0.00000E+00  0.000E+00
   6.60000E+01  1.50000E+02  4.49276E-07  8.986E-07  1.25797E-05  4.755E-06  0.00000E+00  0.000E+00
   6.60000E+01  1.70000E+02  8.98552E-07  1.271E-06  2.11160E-05  6.160E-06  0.00000E+00  0.000E+00
   6.60000E+01  1.90000E+02  0.00000E+00  0.000E+00  2.11160E-05  6.160E-06  0.00000E+00  0.000E+00
   6.60000E+01  2.10000E+02  4.49276E-07  8.986E-07  2.20145E-05  6.290E-06  0.00000E+00  0.000E+00
   6.60000E+01  2.30000E+02  0.00000E+00  0.000E+00  1.39276E-05  5.003E-06  0.00000E+00  0.000E+00
   6.60000E+01  2.50000E+02  0.00000E+00  0.000E+00  2.06667E-05  6.094E-06  0.00000E+00  0.000E+00
   6.60000E+01  2.70000E+02  4.49276E-07  8.986E-07  1.79710E-05  5.683E-06  0.00000E+00  0.000E+00
   6.60000E+01  2.90000E+02  4.49276E-07  8.986E-07  1.93189E-05  5.892E-06  0.00000E+00  0.000E+00
   6.60000E+01  3.10000E+02  8.98552E-07  1.271E-06  1.84203E-05  5.754E-06  0.00000E+00  0.000E+00
   6.60000E+01  3.30000E+02  0.00000E+00  0.000E+00  2.15653E-05  6.225E-06  0.00000E+00  0.000E+00
   6.60000E+01  3.50000E+02  4.49276E-07  8.986E-07  1.70725E-05  5.539E-06  0.00000E+00  0.000E+00

   7.00000E+01  1.00000E+01  0.00000E+00  0.000E+00  1.79078E-05  5.593E-06  0.00000E+00  0.000E+00
   7.00000E+01  3.00000E+01  0.00000E+00  0.000E+00  2.35858E-05  6.419E-06  0.00000E+00  0.000E+00
   7.00000E+01  5.00000E+01  0.00000E+00  0.000E+00  1.52871E-05  5.168E-06  0.00000E+00  0.000E+00
   7.00000E+01  7.00000E+01  0.00000E+00  0.000E+00  1.44136E-05  5.018E-06  0.00000E+00  0.000E+00
   7.00000E+01  9.00000E+01  0.00000E+00  0.000E+00  2.22755E-05  6.238E-06  0.00000E+00  0.000E+00
   7.00000E+01  1.10000E+02  0.00000E+00  0.000E+00  2.00916E-05  5.925E-06  0.00000E+00  0.000E+00
   7.00000E+01  1.30000E+02  8.73550E-07  1.235E-06  1.61607E-05  5.314E-06  0.00000E+00  0.000E+00
   7.00000E+01  1.50000E+02  0.00000E+00  0.000E+00  1.87813E-05  5.728E-06  0.00000E+00  0.000E+00
   7.00000E+01  1.70000E+02  0.00000E+00  0.000E+00  1.52871E-05  5.168E-06  0.00000E+00  0.000E+00
   7.00000E+01  1.90000E+02  0.00000E+00  0.000E+00  1.74710E-05  5.525E-06  0.00000E+00  0.000E+00
   7.00000E+01  2.10000E+02  0.00000E+00  0.000E+00  1.52871E-05  5.168E-06  0.00000E+00  0.000E+00
   7.00000E+01  2.30000E+02  0.00000E+00  0.000E+00  1.79078E-05  5.593E-06  0.00000E+00  0.000E+00
   7.00000E+01  2.50000E+02  0.00000E+00  0.000E+00  1.79078E-05  5.593E-06  0.00000E+00  0.000E+00
   7.00000E+01  2.70000E+02  0.00000E+00  0.000E+00  1.87813E-05  5.728E-06  0.00000E+00  0.000E+00
   7.00000E+01  2.90000E+02  0.00000E+00  0.000E+00  1.96549E-05  5.860E-06  0.00000E+00  0.000E+00
   7.00000E+01  3.10000E+02  0.00000E+00  0.000E+00  1.74710E-05  5.525E-06  0.00000E+00  0.000E+00
   7.00000E+01  3.30000E+02  0.00000E+00  0.000E+00  2.05284E-05  5.989E-06  0.00000E+00  0.000E+00
   7.00000E+01  3.50000E+02  0.00000E+00  0.000E+00  1.65974E-05  5.385E-06  0.00000E+00  0.000E+00

   7.40000E+01  1.00000E+01  0.00000E+00  0.000E+00  1.70790E-05  5.401E-06  0.00000E+00  0.000E+00
   7.40000E+01  3.00000E+01  0.00000E+00  0.000E+00  1.83599E-05  5.600E-06  0.00000E+00  0.000E+00
   7.40000E+01  5.00000E+01  0.00000E+00  0.000E+00  2.77533E-05  6.885E-06  0.00000E+00  0.000E+00
   7.40000E+01  7.00000E+01  0.00000E+00  0.000E+00  1.49441E-05  5.052E-06  0.00000E+00  0.000E+00
   7.40000E+01  9.00000E+01  0.00000E+00  0.000E+00  1.57981E-05  5.194E-06  0.00000E+00  0.000E+00
   7.40000E+01  1.10000E+02  0.00000E+00  0.000E+00  1.79329E-05  5.534E-06  0.00000E+00  0.000E+00
   7.40000E+01  1.30000E+02  0.00000E+00  0.000E+00  1.70790E-05  5.401E-06  0.00000E+00  0.000E+00
   7.40000E+01  1.50000E+02  0.00000E+00  0.000E+00  2.00678E-05  5.854E-06  0.00000E+00  0.000E+00
   7.40000E+01  1.70000E+02  0.00000E+00  0.000E+00  2.26296E-05  6.217E-06  0.00000E+00  0.000E+00
   7.40000E+01  1.90000E+02  0.00000E+00  0.000E+00  1.53711E-05  5.124E-06  0.00000E+00  0.000E+00
   7.40000E+01  2.10000E+02  0.00000E+00  0.000E+00  2.09217E-05  5.978E-06  0.00000E+00  0.000E+00
   7.40000E+01  2.30000E+02  0.00000E+00  0.000E+00  2.00678E-05  5.854E-06  0.00000E+00  0.000E+00
   7.40000E+01  2.50000E+02  0.00000E+00  0.000E+00  2.56185E-05  6.615E-06  0.00000E+00  0.000E+00
   7.40000E+01  2.70000E+02  0.00000E+00  0.000E+00  1.66520E-05  5.333E-06  0.00000E+00  0.000E+00
   7.40000E+01  2.90000E+02  0.00000E+00  0.000E+00  1.45171E-05  4.979E-06  0.00000E+00  0.000E+00
   7.40000E+01  3.10000E+02  0.00000E+00  0.000E+00  2.04948E-05  5.916E-06  0.00000E+00  0.000E+00
   7.40000E+01  3.30000E+02  0.00000E+00  0.000E+00  2.04948E-05  5.916E-06  0.00000E+00  0.000E+00
   7.40000E+01  3.50000E+02  0.00000E+00  0.000E+00  2.39106E-05  6.390E-06  0.00000E+00  0.000E+00

   7.80000E+01  1.00000E+01  0.00000E+00  0.000E+00  1.84626E-05  5.567E-06  0.00000E+00  0.000E+00
   7.80000E+01  3.00000E+01  0.00000E+00  0.000E+00  2.05606E-05  5.874E-06  0.00000E+00  0.000E+00
   7.80000E+01  5.00000E+01  4.19603E-07  8.392E-07  1.76233E-05  5.439E-06  0.00000E+00  0.000E+00
   7.80000E+01  7.00000E+01  0.00000E+00  0.000E+00  1.76233E-05  5.439E-06  0.00000E+00  0.000E+00
   7.80000E+01  9.00000E+01  0.00000E+00  0.000E+00  2.09802E-05  5.934E-06  0.00000E+00  0.000E+00
   7.80000E+01  1.10000E+02  0.00000E+00  0.000E+00  1.59449E-05  5.173E-06  0.00000E+00  0.000E+00
   7.80000E+01  1.30000E+02  0.00000E+00  0.000E+00  1.97214E-05  5.753E-06  0.00000E+00  0.000E+00
   7.80000E+01  1.50000E+02  4.19603E-07  8.392E-07  1.84626E-05  5.567E-06  0.00000E+00  0.000E+00
   7.80000E+01  1.70000E+02  4.19603E-07  8.392E-07  1.93018E-05  5.692E-06  0.00000E+00  0.000E+00
   7.80000E+01  1.90000E+02  0.00000E+00  0.000E+00  1.55253E-05  5.105E-06  0.00000E+00  0.000E+00
   7.80000E+01  2.10000E+02  4.19603E-07  8.392E-07  1.51057E-05  5.035E-06  0.00000E+00  0.000E+00
   7.80000E+01  2.30000E+02  4.19603E-07  8.392E-07  1.97214E-05  5.753E-06  0.00000E+00  0.000E+00
   7.80000E+01  2.50000E+02  0.00000E+00  0.000E+00  1.76233E-05  5.439E-06  0.00000E+00  0.000E+00
   7.80000E+01  2.70000E+02  0.00000E+00  0.000E+00  1.93018E-05  5.692E-06  0.00000E+00  0.000E+00
   7.80000E+01  2.90000E+02  0.00000E+00  0.000E+00  2.43370E-05  6.391E-06  0.00000E+00  0.000E+00
   7.80000E+01  3.10000E+02  0.00000E+00  0.000E+00  1.93018E-05  5.692E-06  0.00000E+00  0.000E+00
   7.80000E+01  3.30000E+02  0.00000E+00  0.000E+00  2.22390E-05  6.110E-06  0.00000E+00  0.000E+00
   7.80000E+01  3.50000E+02  0.00000E+00  0.000E+00  1.67841E-05  5.308E-06  0.00000E+00  0.000E+00

   8.20000E+01  1.00000E+01  0.00000E+00  0.000E+00  1.32630E-05  4.689E-06  0.00000E+00  0.000E+00
   8.20000E+01  3.00000E+01  4.14468E-07  8.289E-07  2.36247E-05  6.258E-06  0.00000E+00  0.000E+00
   8.20000E+01  5.00000E+01  0.00000E+00  0.000E+00  1.98945E-05  5.743E-06  0.00000E+00  0.000E+00
   8.20000E+01  7.00000E+01  0.00000E+00  0.000E+00  2.19668E-05  6.035E-06  0.00000E+00  0.000E+00
   8.20000E+01  9.00000E+01  0.00000E+00  0.000E+00  2.07234E-05  5.861E-06  0.00000E+00  0.000E+00
   8.20000E+01  1.10000E+02  0.00000E+00  0.000E+00  1.65787E-05  5.243E-06  0.00000E+00  0.000E+00
   8.20000E+01  1.30000E+02  4.14468E-07  8.289E-07  1.86510E-05  5.561E-06  0.00000E+00  0.000E+00
   8.20000E+01  1.50000E+02  0.00000E+00  0.000E+00  1.57498E-05  5.110E-06  0.00000E+00  0.000E+00
   8.20000E+01  1.70000E+02  0.00000E+00  0.000E+00  1.65787E-05  5.243E-06  0.00000E+00  0.000E+00
   8.20000E+01  1.90000E+02  0.00000E+00  0.000E+00  1.69932E-05  5.308E-06  0.00000E+00  0.000E+00
   8.20000E+01  2.10000E+02  0.00000E+00  0.000E+00  2.19668E-05  6.035E-06  0.00000E+00  0.000E+00
   8.20000E+01  2.30000E+02  0.00000E+00  0.000E+00  1.57498E-05  5.110E-06  0.00000E+00  0.000E+00
   8.20000E+01  2.50000E+02  0.00000E+00  0.000E+00  1.94800E-05  5.683E-06  0.00000E+00  0.000E+00
   8.20000E+01  2.70000E+02  0.00000E+00  0.000E+00  1.86510E-05  5.561E-06  0.00000E+00  0.000E+00
   8.20000E+01  2.90000E+02  0.00000E+00  0.000E+00  1.94800E-05  5.683E-06  0.00000E+00  0.000E+00
   8.20000E+01  3.10000E+02  0.00000E+00  0.000E+00  2.03089E-05  5.803E-06  0.00000E+00  0.000E+00
   8.20000E+01  3.30000E+02  0.00000E+00  0.000E+00  1.90655E-05  5.622E-06  0.00000E+00  0.000E+00
   8.20000E+01  3.50000E+02  0.00000E+00  0.000E+00  2.48681E-05  6.421E-06  0.00000E+00  0.000E+00

   8.60000E+01  1.00000E+01  0.00000E+00  0.000E+00  2.59205E-05  6.531E-06  0.00000E+00  0.000E+00
   8.60000E+01  3.00000E+01  0.00000E+00  0.000E+00  1.76918E-05  5.396E-06  0.00000E+00  0.000E+00
   8.60000E+01  5.00000E+01  0.00000E+00  0.000E+00  2.26290E-05  6.103E-06  0.00000E+00  0.000E+00
   8.60000E+01  7.00000E+01  0.00000E+00  0.000E+00  1.44003E-05  4.868E-06  0.00000E+00  0.000E+00
   8.60000E+01  9.00000E+01  0.00000E+00  0.000E+00  1.52231E-05  5.005E-06  0.00000E+00  0.000E+00
   8.60000E+01  1.10000E+02  0.00000E+00  0.000E+00  2.09833E-05  5.876E-06  0.00000E+00  0.000E+00
   8.60000E+01  1.30000E+02  0.00000E+00  0.000E+00  1.85146E-05  5.520E-06  0.00000E+00  0.000E+00
   8.60000E+01  1.50000E+02  4.11436E-07  8.229E-07  1.81032E-05  5.458E-06  0.00000E+00  0.000E+00
   8.60000E+01  1.70000E+02  0.00000E+00  0.000E+00  1.31660E-05  4.655E-06  0.00000E+00  0.000E+00
   8.60000E+01  1.90000E+02  0.00000E+00  0.000E+00  2.13947E-05  5.934E-06  0.00000E+00  0.000E+00
   8.60000E+01  2.10000E+02  0.00000E+00  0.000E+00  2.22176E-05  6.047E-06  0.00000E+00  0.000E+00
   8.60000E+01  2.30000E+02  0.00000E+00  0.000E+00  1.97489E-05  5.701E-06  0.00000E+00  0.000E+00
   8.60000E+01  2.50000E+02  0.00000E+00  0.000E+00  2.22176E-05  6.047E-06  0.00000E+00  0.000E+00
   8.60000E+01  2.70000E+02  0.00000E+00  0.000E+00  2.46862E-05  6.374E-06  0.00000E+00  0.000E+00
   8.60000E+01  2.90000E+02  0.00000E+00  0.000E+00  2.09833E-05  5.876E-06  0.00000E+00  0.000E+00
   8.60000E+01  3.10000E+02  0.00000E+00  0.000E+00  1.76918E-05  5.396E-06  0.00000E+00  0.000E+00
   8.60000E+01  3.30000E+02  0.00000E+00  0.000E+00  1.64575E-05  5.204E-06  0.00000E+00  0.000E+00
   8.60000E+01  3.50000E+02  0.00000E+00  0.000E+00  1.97489E-05  5.701E-06  0.00000E+00  0.000E+00

   9.00000E+01  1.00000E+01  2.81147E-04  2.148E-05  9.19372E-05  1.229E-05  0.00000E+00  0.000E+00
   9.00000E+01  3.00000E+01  2.87304E-04  2.172E-05  9.97355E-05  1.280E-05  0.00000E+00  0.000E+00
   9.00000E+01  5.00000E+01  2.88125E-04  2.175E-05  7.92138E-05  1.140E-05  0.00000E+00  0.000E+00
   9.00000E+01  7.00000E+01  3.00438E-04  2.221E-05  9.60416E-05  1.256E-05  0.00000E+00  0.000E+00
   9.00000E+01  9.00000E+01  2.74580E-04  2.123E-05  9.02955E-05  1.218E-05  0.00000E+00  0.000E+00
   9.00000E+01  1.10000E+02  2.75401E-04  2.126E-05  8.70120E-05  1.195E-05  0.00000E+00  0.000E+00
   9.00000E+01  1.30000E+02  2.90177E-04  2.183E-05  8.33181E-05  1.170E-05  0.00000E+00  0.000E+00
   9.00000E+01  1.50000E+02  2.64320E-04  2.083E-05  8.74225E-05  1.198E-05  0.00000E+00  0.000E+00
   9.00000E+01  1.70000E+02  2.90998E-04  2.186E-05  8.08555E-05  1.152E-05  0.00000E+00  0.000E+00
   9.00000E+01  1.90000E+02  2.92229E-04  2.190E-05  7.96242E-05  1.143E-05  0.00000E+00  0.000E+00
   9.00000E+01  2.10000E+02  2.84020E-04  2.159E-05  8.33181E-05  1.170E-05  0.00000E+00  0.000E+00
   9.00000E+01  2.30000E+02  2.72118E-04  2.114E-05  8.94746E-05  1.212E-05  0.00000E+00  0.000E+00
   9.00000E+01  2.50000E+02  2.76222E-04  2.130E-05  7.96242E-05  1.143E-05  0.00000E+00  0.000E+00
   9.00000E+01  2.70000E+02  2.81558E-04  2.150E-05  8.29077E-05  1.167E-05  0.00000E+00  0.000E+00
   9.00000E+01  2.90000E+02  2.72118E-04  2.114E-05  8.41390E-05  1.175E-05  0.00000E+00  0.000E+00
   9.00000E+01  3.10000E+02  2.86073E-04  2.167E-05  8.16764E-05  1.158E-05  0.00000E+00  0.000E+00
   9.00000E+01  3.30000E+02  2.80327E-04  2.145E-05  8.57807E-05  1.187E-05  0.00000E+00  0.000E+00
   9.00000E+01  3.50000E+02  2.63088E-04  2.078E-05  7.55199E-05  1.113E-05  0.00000E+00  0.000E+00

   9.40000E+01  1.00000E+01  3.12157E-03  7.167E-05  4.18431E-04  2.624E-05  0.00000E+00  0.000E+00
   9.40000E+01  3.00000E+01  3.07014E-03  7.108E-05  4.21311E-04  2.633E-05  0.00000E+00  0.000E+00
   9.40000E+01  5.00000E+01  3.12362E-03  7.170E-05  4.20077E-04  2.629E-05  0.00000E+00  0.000E+00
   9.40000E+01  7.00000E+01  3.15942E-03  7.211E-05  4.27482E-04  2.652E-05  0.00000E+00  0.000E+00
   9.40000E+01  9.00000E+01  3.10058E-03  7.143E-05  4.16785E-04  2.619E-05  0.00000E+00  0.000E+00
   9.40000E+01  1.10000E+02  3.08742E-03  7.128E-05  4.26660E-04  2.650E-05  0.00000E+00  0.000E+00
   9.40000E+01  1.30000E+02  3.15983E-03  7.211E-05  4.22134E-04  2.636E-05  0.00000E+00  0.000E+00
   9.40000E+01  1.50000E+02  3.12445E-03  7.171E-05  4.22134E-04  2.636E-05  0.00000E+00  0.000E+00
   9.40000E+01  1.70000E+02  3.06726E-03  7.105E-05  4.07733E-04  2.590E-05  0.00000E+00  0.000E+00
   9.40000E+01  1.90000E+02  3.12774E-03  7.174E-05  4.20077E-04  2.629E-05  0.00000E+00  0.000E+00
   9.40000E+01  2.10000E+02  3.16189E-03  7.213E-05  4.18431E-04  2.624E-05  0.00000E+00  0.000E+00
   9.40000E+01  2.30000E+02  3.11910E-03  7.164E-05  4.20899E-04  2.632E-05  0.00000E+00  0.000E+00
   9.40000E+01  2.50000E+02  3.19645E-03  7.253E-05  4.27482E-04  2.652E-05  0.00000E+00  0.000E+00
   9.40000E+01  2.70000E+02  3.06644E-03  7.104E-05  4.11436E-04  2.602E-05  0.00000E+00  0.000E+00
   9.40000E+01  2.90000E+02  3.10881E-03  7.153E-05  4.05265E-04  2.583E-05  0.00000E+00  0.000E+00
   9.40000E+01  3.10000E+02  3.13720E-03  7.185E-05  4.27482E-04  2.652E-05  0.00000E+00  0.000E+00
   9.40000E+01  3.30000E+02  3.08906E-03  7.130E-05  4.17608E-04  2.622E-05  0.00000E+00  0.000E+00
   9.40000E+01  3.50000E+02  3.11663E-03  7.162E-05  4.30774E-04  2.663E-05  0.00000E+00  0.000E+00

   9.80000E+01  1.00000E+01  7.92877E-03  1.146E-04  5.92274E-04  3.134E-05  0.00000E+00  0.000E+00
   9.80000E+01  3.00000E+01  7.98058E-03  1.150E-04  5.40880E-04  2.994E-05  0.00000E+00  0.000E+00
   9.80000E+01  5.00000E+01  7.95944E-03  1.149E-04  5.81913E-04  3.106E-05  0.00000E+00  0.000E+00
   9.80000E+01  7.00000E+01  8.00586E-03  1.152E-04  5.70722E-04  3.076E-05  0.00000E+00  0.000E+00
   9.80000E+01  9.00000E+01  7.91177E-03  1.145E-04  5.81913E-04  3.106E-05  0.00000E+00  0.000E+00
   9.80000E+01  1.10000E+02  8.03943E-03  1.154E-04  5.55801E-04  3.036E-05  0.00000E+00  0.000E+00
   9.80000E+01  1.30000E+02  7.92504E-03  1.146E-04  5.52900E-04  3.028E-05  0.00000E+00  0.000E+00
   9.80000E+01  1.50000E+02  8.07010E-03  1.157E-04  5.86057E-04  3.117E-05  0.00000E+00  0.000E+00
   9.80000E+01  1.70000E+02  7.94162E-03  1.147E-04  5.49584E-04  3.018E-05  0.00000E+00  0.000E+00
   9.80000E+01  1.90000E+02  8.01166E-03  1.152E-04  5.84399E-04  3.113E-05  0.00000E+00  0.000E+00
   9.80000E+01  2.10000E+02  7.93333E-03  1.147E-04  5.59117E-04  3.045E-05  0.00000E+00  0.000E+00
   9.80000E+01  2.30000E+02  7.92255E-03  1.146E-04  5.79840E-04  3.100E-05  0.00000E+00  0.000E+00
   9.80000E+01  2.50000E+02  7.85541E-03  1.141E-04  5.47926E-04  3.014E-05  0.00000E+00  0.000E+00
   9.80000E+01  2.70000E+02  7.92048E-03  1.146E-04  5.63676E-04  3.057E-05  0.00000E+00  0.000E+00
   9.80000E+01  2.90000E+02  7.95364E-03  1.148E-04  5.74452E-04  3.086E-05  0.00000E+00  0.000E+00
   9.80000E+01  3.10000E+02  7.94079E-03  1.147E-04  5.59117E-04  3.045E-05  0.00000E+00  0.000E+00
   9.80000E+01  3.30000E+02  7.93084E-03  1.147E-04  5.58288E-04  3.042E-05  0.00000E+00  0.000E+00
   9.80000E+01  3.50000E+02  7.92421E-03  1.146E-04  5.62847E-04  3.055E-05  0.00000E+00  0.000E+00

   1.02000E+02  1.00000E+01  1.39929E-02  1.532E-04  6.53742E-04  3.312E-05  0.00000E+00  0.000E+00
   1.02000E+02  3.00000E+01  1.39741E-02  1.531E-04  6.66750E-04  3.345E-05  0.00000E+00  0.000E+00
   1.02000E+02  5.00000E+01  1.39543E-02  1.530E-04  6.27727E-04  3.246E-05  0.00000E+00  0.000E+00
   1.02000E+02  7.00000E+01  1.38805E-02  1.526E-04  6.35280E-04  3.265E-05  0.00000E+00  0.000E+00
   1.02000E+02  9.00000E+01  1.39631E-02  1.531E-04  6.62974E-04  3.336E-05  0.00000E+00  0.000E+00
   1.02000E+02  1.10000E+02  1.40110E-02  1.533E-04  6.32762E-04  3.259E-05  0.00000E+00  0.000E+00
   1.02000E+02  1.30000E+02  1.39413E-02  1.530E-04  6.68848E-04  3.351E-05  0.00000E+00  0.000E+00
   1.02000E+02  1.50000E+02  1.38910E-02  1.527E-04  6.09264E-04  3.198E-05  0.00000E+00  0.000E+00
   1.02000E+02  1.70000E+02  1.39438E-02  1.530E-04  6.36538E-04  3.269E-05  0.00000E+00  0.000E+00
   1.02000E+02  1.90000E+02  1.39879E-02  1.532E-04  6.54162E-04  3.314E-05  0.00000E+00  0.000E+00
   1.02000E+02  2.10000E+02  1.40525E-02  1.536E-04  6.63393E-04  3.337E-05  0.00000E+00  0.000E+00
   1.02000E+02  2.30000E+02  1.39417E-02  1.529E-04  6.77240E-04  3.371E-05  0.00000E+00  0.000E+00
   1.02000E+02  2.50000E+02  1.39262E-02  1.529E-04  6.43252E-04  3.286E-05  0.00000E+00  0.000E+00
   1.02000E+02  2.70000E+02  1.39497E-02  1.530E-04  6.55840E-04  3.318E-05  0.00000E+00  0.000E+00
   1.02000E+02  2.90000E+02  1.39518E-02  1.530E-04  6.82275E-04  3.384E-05  0.00000E+00  0.000E+00
   1.02000E+02  3.10000E+02  1.39631E-02  1.531E-04  6.29825E-04  3.251E-05  0.00000E+00  0.000E+00
   1.02000E+02  3.30000E+02  1.38587E-02  1.525E-04  6.39056E-04  3.275E-05  0.00000E+00  0.000E+00
   1.02000E+02  3.50000E+02  1.40538E-02  1.536E-04  6.69687E-04  3.353E-05  0.00000E+00  0.000E+00

   1.06000E+02  1.00000E+01  2.08539E-02  1.887E-04  7.03654E-04  3.467E-05  0.00000E+00  0.000E+00
   1.06000E+02  3.00000E+01  2.07535E-02  1.882E-04  6.71631E-04  3.387E-05  0.00000E+00  0.000E+00
   1.06000E+02  5.00000E+01  2.07817E-02  1.884E-04  7.15609E-04  3.496E-05  0.00000E+00  0.000E+00
   1.06000E+02  7.00000E+01  2.08287E-02  1.886E-04  6.81451E-04  3.411E-05  0.00000E+00  0.000E+00
   1.06000E+02  9.00000E+01  2.08594E-02  1.887E-04  6.98957E-04  3.455E-05  0.00000E+00  0.000E+00
   1.06000E+02  1.10000E+02  2.08039E-02  1.885E-04  7.19452E-04  3.505E-05  0.00000E+00  0.000E+00
   1.06000E+02  1.30000E+02  2.07253E-02  1.881E-04  6.63945E-04  3.367E-05  0.00000E+00  0.000E+00
   1.06000E+02  1.50000E+02  2.08453E-02  1.886E-04  7.05362E-04  3.471E-05  0.00000E+00  0.000E+00
   1.06000E+02  1.70000E+02  2.07894E-02  1.884E-04  7.02800E-04  3.465E-05  0.00000E+00  0.000E+00
   1.06000E+02  1.90000E+02  2.09277E-02  1.890E-04  6.88283E-04  3.429E-05  0.00000E+00  0.000E+00
   1.06000E+02  2.10000E+02  2.07040E-02  1.880E-04  6.87002E-04  3.425E-05  0.00000E+00  0.000E+00
   1.06000E+02  2.30000E+02  2.08577E-02  1.887E-04  6.87856E-04  3.427E-05  0.00000E+00  0.000E+00
   1.06000E+02  2.50000E+02  2.08773E-02  1.888E-04  6.69496E-04  3.381E-05  0.00000E+00  0.000E+00
   1.06000E+02  2.70000E+02  2.08440E-02  1.886E-04  6.66934E-04  3.375E-05  0.00000E+00  0.000E+00
   1.06000E+02  2.90000E+02  2.07582E-02  1.882E-04  6.64372E-04  3.368E-05  0.00000E+00  0.000E+00
   1.06000E+02  3.10000E+02  2.06173E-02  1.876E-04  7.03654E-04  3.467E-05  0.00000E+00  0.000E+00
   1.06000E+02  3.30000E+02  2.09845E-02  1.893E-04  6.99811E-04  3.457E-05  0.00000E+00  0.000E+00
   1.06000E+02  3.50000E+02  2.07800E-02  1.884E-04  7.01092E-04  3.460E-05  0.00000E+00  0.000E+00

   1.10000E+02  1.00000E+01  2.81798E-02  2.218E-04  7.22862E-04  3.554E-05  0.00000E+00  0.000E+00
   1.10000E+02  3.00000E+01  2.80161E-02  2.212E-04  7.25920E-04  3.561E-05  0.00000E+00  0.000E+00
   1.10000E+02  5.00000E+01  2.82357E-02  2.220E-04  7.31598E-04  3.575E-05  0.00000E+00  0.000E+00
   1.10000E+02  7.00000E+01  2.82445E-02  2.221E-04  7.16748E-04  3.539E-05  0.00000E+00  0.000E+00
   1.10000E+02  9.00000E+01  2.78361E-02  2.205E-04  7.21115E-04  3.549E-05  0.00000E+00  0.000E+00
   1.10000E+02  1.10000E+02  2.81458E-02  2.217E-04  7.36839E-04  3.588E-05  0.00000E+00  0.000E+00
   1.10000E+02  1.30000E+02  2.80955E-02  2.215E-04  6.81806E-04  3.451E-05  0.00000E+00  0.000E+00
   1.10000E+02  1.50000E+02  2.80060E-02  2.211E-04  7.25046E-04  3.559E-05  0.00000E+00  0.000E+00
   1.10000E+02  1.70000E+02  2.82676E-02  2.222E-04  7.04518E-04  3.508E-05  0.00000E+00  0.000E+00
   1.10000E+02  1.90000E+02  2.79623E-02  2.210E-04  7.25920E-04  3.561E-05  0.00000E+00  0.000E+00
   1.10000E+02  2.10000E+02  2.80392E-02  2.213E-04  6.90978E-04  3.474E-05  0.00000E+00  0.000E+00
   1.10000E+02  2.30000E+02  2.81720E-02  2.218E-04  7.33782E-04  3.580E-05  0.00000E+00  0.000E+00
   1.10000E+02  2.50000E+02  2.81667E-02  2.218E-04  7.37713E-04  3.590E-05  0.00000E+00  0.000E+00
   1.10000E+02  2.70000E+02  2.81964E-02  2.219E-04  7.69597E-04  3.667E-05  0.00000E+00  0.000E+00
   1.10000E+02  2.90000E+02  2.81314E-02  2.216E-04  7.14564E-04  3.533E-05  0.00000E+00  0.000E+00
   1.10000E+02  3.10000E+02  2.82344E-02  2.220E-04  7.08012E-04  3.517E-05  0.00000E+00  0.000E+00
   1.10000E+02  3.30000E+02  2.79964E-02  2.211E-04  7.08012E-04  3.517E-05  0.00000E+00  0.000E+00
   1.10000E+02  3.50000E+02  2.81794E-02  2.218E-04  7.29414E-04  3.570E-05  0.00000E+00  0.000E+00

   1.14000E+02  1.00000E+01  3.55297E-02  2.526E-04  7.58378E-04  3.692E-05  0.00000E+00  0.000E+00
   1.14000E+02  3.00000E+01  3.57413E-02  2.533E-04  7.17045E-04  3.590E-05  0.00000E+00  0.000E+00
   1.14000E+02  5.00000E+01  3.58653E-02  2.538E-04  7.54335E-04  3.682E-05  0.00000E+00  0.000E+00
   1.14000E+02  7.00000E+01  3.58662E-02  2.538E-04  7.27827E-04  3.617E-05  0.00000E+00  0.000E+00
   1.14000E+02  9.00000E+01  3.57592E-02  2.534E-04  7.67364E-04  3.714E-05  0.00000E+00  0.000E+00
   1.14000E+02  1.10000E+02  3.57166E-02  2.533E-04  7.44450E-04  3.658E-05  0.00000E+00  0.000E+00
   1.14000E+02  1.30000E+02  3.58410E-02  2.537E-04  7.47595E-04  3.665E-05  0.00000E+00  0.000E+00
   1.14000E+02  1.50000E+02  3.58940E-02  2.539E-04  7.44001E-04  3.657E-05  0.00000E+00  0.000E+00
   1.14000E+02  1.70000E+02  3.58383E-02  2.537E-04  7.50291E-04  3.672E-05  0.00000E+00  0.000E+00
   1.14000E+02  1.90000E+02  3.56676E-02  2.531E-04  7.20639E-04  3.599E-05  0.00000E+00  0.000E+00
   1.14000E+02  2.10000E+02  3.59641E-02  2.541E-04  7.51190E-04  3.674E-05  0.00000E+00  0.000E+00
   1.14000E+02  2.30000E+02  3.57830E-02  2.535E-04  7.51190E-04  3.674E-05  0.00000E+00  0.000E+00
   1.14000E+02  2.50000E+02  3.56164E-02  2.529E-04  7.59277E-04  3.694E-05  0.00000E+00  0.000E+00
   1.14000E+02  2.70000E+02  3.57242E-02  2.533E-04  7.45349E-04  3.660E-05  0.00000E+00  0.000E+00
   1.14000E+02  2.90000E+02  3.60814E-02  2.546E-04  7.86233E-04  3.759E-05  0.00000E+00  0.000E+00
   1.14000E+02  3.10000E+02  3.58185E-02  2.536E-04  7.39958E-04  3.647E-05  0.00000E+00  0.000E+00
   1.14000E+02  3.30000E+02  3.56995E-02  2.532E-04  7.25581E-04  3.611E-05  0.00000E+00  0.000E+00
   1.14000E+02  3.50000E+02  3.55508E-02  2.527E-04  7.25132E-04  3.610E-05  0.00000E+00  0.000E+00

   1.18000E+02  1.00000E+01  4.35825E-02  2.846E-04  7.59093E-04  3.757E-05  0.00000E+00  0.000E+00
   1.18000E+02  3.00000E+01  4.34705E-02  2.842E-04  7.81405E-04  3.812E-05  0.00000E+00  0.000E+00
   1.18000E+02  5.00000E+01  4.34370E-02  2.841E-04  7.36315E-04  3.700E-05  0.00000E+00  0.000E+00
   1.18000E+02  7.00000E+01  4.35946E-02  2.846E-04  7.67460E-04  3.778E-05  0.00000E+00  0.000E+00
   1.18000E+02  9.00000E+01  4.37443E-02  2.851E-04  7.72573E-04  3.790E-05  0.00000E+00  0.000E+00
   1.18000E+02  1.10000E+02  4.37443E-02  2.851E-04  7.55839E-04  3.749E-05  0.00000E+00  0.000E+00
   1.18000E+02  1.30000E+02  4.33696E-02  2.838E-04  7.63276E-04  3.767E-05  0.00000E+00  0.000E+00
   1.18000E+02  1.50000E+02  4.35681E-02  2.845E-04  7.77222E-04  3.801E-05  0.00000E+00  0.000E+00
   1.18000E+02  1.70000E+02  4.35458E-02  2.844E-04  7.64671E-04  3.771E-05  0.00000E+00  0.000E+00
   1.18000E+02  1.90000E+02  4.34877E-02  2.842E-04  7.56768E-04  3.751E-05  0.00000E+00  0.000E+00
   1.18000E+02  2.10000E+02  4.36439E-02  2.847E-04  7.56768E-04  3.751E-05  0.00000E+00  0.000E+00
   1.18000E+02  2.30000E+02  4.34496E-02  2.841E-04  7.47471E-04  3.728E-05  0.00000E+00  0.000E+00
   1.18000E+02  2.50000E+02  4.34942E-02  2.843E-04  7.59557E-04  3.758E-05  0.00000E+00  0.000E+00
   1.18000E+02  2.70000E+02  4.34291E-02  2.840E-04  7.67925E-04  3.779E-05  0.00000E+00  0.000E+00
   1.18000E+02  2.90000E+02  4.36081E-02  2.846E-04  8.08831E-04  3.878E-05  0.00000E+00  0.000E+00
   1.18000E+02  3.10000E+02  4.33901E-02  2.839E-04  7.43288E-04  3.718E-05  0.00000E+00  0.000E+00
   1.18000E+02  3.30000E+02  4.33413E-02  2.838E-04  7.70249E-04  3.784E-05  0.00000E+00  0.000E+00
   1.18000E+02  3.50000E+02  4.32883E-02  2.836E-04  7.74897E-04  3.796E-05  0.00000E+00  0.000E+00

   1.22000E+02  1.00000E+01  5.13062E-02  3.150E-04  7.93719E-04  3.920E-05  0.00000E+00  0.000E+00
   1.22000E+02  3.00000E+01  5.11228E-02  3.144E-04  7.31286E-04  3.763E-05  0.00000E+00  0.000E+00
   1.22000E+02  5.00000E+01  5.12467E-02  3.148E-04  7.47741E-04  3.805E-05  0.00000E+00  0.000E+00
   1.22000E+02  7.00000E+01  5.13139E-02  3.150E-04  7.86943E-04  3.903E-05  0.00000E+00  0.000E+00
   1.22000E+02  9.00000E+01  5.15874E-02  3.159E-04  7.61293E-04  3.839E-05  0.00000E+00  0.000E+00
   1.22000E+02  1.10000E+02  5.14432E-02  3.154E-04  7.84524E-04  3.897E-05  0.00000E+00  0.000E+00
   1.22000E+02  1.30000E+02  5.12718E-02  3.149E-04  7.77748E-04  3.880E-05  0.00000E+00  0.000E+00
   1.22000E+02  1.50000E+02  5.13846E-02  3.152E-04  7.58389E-04  3.832E-05  0.00000E+00  0.000E+00
   1.22000E+02  1.70000E+02  5.14103E-02  3.153E-04  7.83072E-04  3.893E-05  0.00000E+00  0.000E+00
   1.22000E+02  1.90000E+02  5.13865E-02  3.153E-04  8.03399E-04  3.944E-05  0.00000E+00  0.000E+00
   1.22000E+02  2.10000E+02  5.12355E-02  3.148E-04  7.60809E-04  3.838E-05  0.00000E+00  0.000E+00
   1.22000E+02  2.30000E+02  5.14393E-02  3.154E-04  7.29834E-04  3.759E-05  0.00000E+00  0.000E+00
   1.22000E+02  2.50000E+02  5.10836E-02  3.143E-04  7.88395E-04  3.907E-05  0.00000E+00  0.000E+00
   1.22000E+02  2.70000E+02  5.11576E-02  3.145E-04  7.87911E-04  3.906E-05  0.00000E+00  0.000E+00
   1.22000E+02  2.90000E+02  5.14354E-02  3.154E-04  7.84524E-04  3.897E-05  0.00000E+00  0.000E+00
   1.22000E+02  3.10000E+02  5.11717E-02  3.146E-04  7.71456E-04  3.865E-05  0.00000E+00  0.000E+00
   1.22000E+02  3.30000E+02  5.14035E-02  3.153E-04  7.82588E-04  3.892E-05  0.00000E+00  0.000E+00
   1.22000E+02  3.50000E+02  5.12796E-02  3.149E-04  7.70488E-04  3.862E-05  0.00000E+00  0.000E+00

   1.26000E+02  1.00000E+01  5.88065E-02  3.453E-04  7.76206E-04  3.969E-05  0.00000E+00  0.000E+00
   1.26000E+02  3.00000E+01  5.86513E-02  3.448E-04  7.64538E-04  3.939E-05  0.00000E+00  0.000E+00
   1.26000E+02  5.00000E+01  5.91251E-02  3.462E-04  7.97007E-04  4.022E-05  0.00000E+00  0.000E+00
   1.26000E+02  7.00000E+01  5.88821E-02  3.455E-04  7.83816E-04  3.988E-05  0.00000E+00  0.000E+00
   1.26000E+02  9.00000E+01  5.90181E-02  3.459E-04  7.65045E-04  3.940E-05  0.00000E+00  0.000E+00
   1.26000E+02  1.10000E+02  5.89841E-02  3.458E-04  8.09183E-04  4.052E-05  0.00000E+00  0.000E+00
   1.26000E+02  1.30000E+02  5.89613E-02  3.457E-04  7.76714E-04  3.970E-05  0.00000E+00  0.000E+00
   1.26000E+02  1.50000E+02  5.90607E-02  3.460E-04  7.87368E-04  3.997E-05  0.00000E+00  0.000E+00
   1.26000E+02  1.70000E+02  5.87096E-02  3.450E-04  7.94470E-04  4.015E-05  0.00000E+00  0.000E+00
   1.26000E+02  1.90000E+02  5.85544E-02  3.445E-04  8.06139E-04  4.045E-05  0.00000E+00  0.000E+00
   1.26000E+02  2.10000E+02  5.88050E-02  3.453E-04  7.92441E-04  4.010E-05  0.00000E+00  0.000E+00
   1.26000E+02  2.30000E+02  5.88491E-02  3.454E-04  7.83309E-04  3.987E-05  0.00000E+00  0.000E+00
   1.26000E+02  2.50000E+02  5.86569E-02  3.448E-04  7.87368E-04  3.997E-05  0.00000E+00  0.000E+00
   1.26000E+02  2.70000E+02  5.87182E-02  3.450E-04  7.78743E-04  3.975E-05  0.00000E+00  0.000E+00
   1.26000E+02  2.90000E+02  5.90998E-02  3.461E-04  8.01573E-04  4.033E-05  0.00000E+00  0.000E+00
   1.26000E+02  3.10000E+02  5.89841E-02  3.458E-04  8.01065E-04  4.032E-05  0.00000E+00  0.000E+00
   1.26000E+02  3.30000E+02  5.89856E-02  3.458E-04  7.95992E-04  4.019E-05  0.00000E+00  0.000E+00
   1.26000E+02  3.50000E+02  5.88202E-02  3.453E-04  7.80265E-04  3.979E-05  0.00000E+00  0.000E+00

   1.30000E+02  1.00000E+01  6.58237E-02  3.754E-04  7.79565E-04  4.087E-05  0.00000E+00  0.000E+00
   1.30000E+02  3.00000E+01  6.59775E-02  3.758E-04  8.22428E-04  4.198E-05  0.00000E+00  0.000E+00
   1.30000E+02  5.00000E+01  6.59791E-02  3.758E-04  7.72064E-04  4.068E-05  0.00000E+00  0.000E+00
   1.30000E+02  7.00000E+01  6.58205E-02  3.754E-04  8.05283E-04  4.154E-05  0.00000E+00  0.000E+00
   1.30000E+02  9.00000E+01  6.59218E-02  3.757E-04  7.77958E-04  4.083E-05  0.00000E+00  0.000E+00
   1.30000E+02  1.10000E+02  6.58998E-02  3.756E-04  7.96710E-04  4.132E-05  0.00000E+00  0.000E+00
   1.30000E+02  1.30000E+02  6.57273E-02  3.751E-04  8.51360E-04  4.271E-05  0.00000E+00  0.000E+00
   1.30000E+02  1.50000E+02  6.60595E-02  3.760E-04  7.47418E-04  4.002E-05  0.00000E+00  0.000E+00
   1.30000E+02  1.70000E+02  6.58537E-02  3.755E-04  7.89745E-04  4.114E-05  0.00000E+00  0.000E+00
   1.30000E+02  1.90000E+02  6.62695E-02  3.767E-04  8.34751E-04  4.230E-05  0.00000E+00  0.000E+00
   1.30000E+02  2.10000E+02  6.59352E-02  3.757E-04  7.97782E-04  4.135E-05  0.00000E+00  0.000E+00
   1.30000E+02  2.30000E+02  6.62550E-02  3.766E-04  7.70993E-04  4.065E-05  0.00000E+00  0.000E+00
   1.30000E+02  2.50000E+02  6.58976E-02  3.756E-04  8.02604E-04  4.147E-05  0.00000E+00  0.000E+00
   1.30000E+02  2.70000E+02  6.60096E-02  3.759E-04  7.92424E-04  4.121E-05  0.00000E+00  0.000E+00
   1.30000E+02  2.90000E+02  6.62775E-02  3.767E-04  7.92960E-04  4.122E-05  0.00000E+00  0.000E+00
   1.30000E+02  3.10000E+02  6.61420E-02  3.763E-04  8.03676E-04  4.150E-05  0.00000E+00  0.000E+00
   1.30000E+02  3.30000E+02  6.63359E-02  3.768E-04  7.97246E-04  4.133E-05  0.00000E+00  0.000E+00
   1.30000E+02  3.50000E+02  6.60986E-02  3.762E-04  7.92424E-04  4.121E-05  0.00000E+00  0.000E+00

   1.34000E+02  1.00000E+01  7.28647E-02  4.076E-04  7.78829E-04  4.216E-05  0.00000E+00  0.000E+00
   1.34000E+02  3.00000E+01  7.28990E-02  4.077E-04  7.91952E-04  4.251E-05  0.00000E+00  0.000E+00
   1.34000E+02  5.00000E+01  7.26120E-02  4.068E-04  7.99940E-04  4.273E-05  0.00000E+00  0.000E+00
   1.34000E+02  7.00000E+01  7.30576E-02  4.081E-04  8.08499E-04  4.296E-05  0.00000E+00  0.000E+00
   1.34000E+02  9.00000E+01  7.30285E-02  4.080E-04  7.83964E-04  4.230E-05  0.00000E+00  0.000E+00
   1.34000E+02  1.10000E+02  7.28436E-02  4.075E-04  8.19339E-04  4.324E-05  0.00000E+00  0.000E+00
   1.34000E+02  1.30000E+02  7.26924E-02  4.071E-04  8.01081E-04  4.276E-05  0.00000E+00  0.000E+00
   1.34000E+02  1.50000E+02  7.27232E-02  4.072E-04  7.65135E-04  4.179E-05  0.00000E+00  0.000E+00
   1.34000E+02  1.70000E+02  7.31369E-02  4.083E-04  7.79399E-04  4.218E-05  0.00000E+00  0.000E+00
   1.34000E+02  1.90000E+02  7.29452E-02  4.078E-04  7.99369E-04  4.271E-05  0.00000E+00  0.000E+00
   1.34000E+02  2.10000E+02  7.28225E-02  4.074E-04  7.83964E-04  4.230E-05  0.00000E+00  0.000E+00
   1.34000E+02  2.30000E+02  7.27649E-02  4.073E-04  8.54715E-04  4.417E-05  0.00000E+00  0.000E+00
   1.34000E+02  2.50000E+02  7.28499E-02  4.075E-04  8.27898E-04  4.347E-05  0.00000E+00  0.000E+00
   1.34000E+02  2.70000E+02  7.29429E-02  4.078E-04  7.73694E-04  4.202E-05  0.00000E+00  0.000E+00
   1.34000E+02  2.90000E+02  7.25857E-02  4.068E-04  8.02793E-04  4.280E-05  0.00000E+00  0.000E+00
   1.34000E+02  3.10000E+02  7.31511E-02  4.084E-04  7.39459E-04  4.108E-05  0.00000E+00  0.000E+00
   1.34000E+02  3.30000E+02  7.27381E-02  4.072E-04  8.06216E-04  4.290E-05  0.00000E+00  0.000E+00
   1.34000E+02  3.50000E+02  7.27078E-02  4.071E-04  8.03934E-04  4.283E-05  0.00000E+00  0.000E+00

   1.38000E+02  1.00000E+01  7.94602E-02  4.413E-04  8.10281E-04  4.459E-05  0.00000E+00  0.000E+00
   1.38000E+02  3.00000E+01  7.87720E-02  4.394E-04  8.20095E-04  4.486E-05  0.00000E+00  0.000E+00
   1.38000E+02  5.00000E+01  7.89855E-02  4.400E-04  8.27455E-04  4.506E-05  0.00000E+00  0.000E+00
   1.38000E+02  7.00000E+01  7.94099E-02  4.411E-04  8.23162E-04  4.494E-05  0.00000E+00  0.000E+00
   1.38000E+02  9.00000E+01  7.92180E-02  4.406E-04  8.55671E-04  4.582E-05  0.00000E+00  0.000E+00
   1.38000E+02  1.10000E+02  7.92768E-02  4.408E-04  7.71024E-04  4.349E-05  0.00000E+00  0.000E+00
   1.38000E+02  1.30000E+02  7.92364E-02  4.407E-04  8.26229E-04  4.502E-05  0.00000E+00  0.000E+00
   1.38000E+02  1.50000E+02  7.93284E-02  4.409E-04  7.83905E-04  4.386E-05  0.00000E+00  0.000E+00
   1.38000E+02  1.70000E+02  7.89462E-02  4.399E-04  7.47102E-04  4.285E-05  0.00000E+00  0.000E+00
   1.38000E+02  1.90000E+02  7.89143E-02  4.398E-04  8.07827E-04  4.452E-05  0.00000E+00  0.000E+00
   1.38000E+02  2.10000E+02  7.94480E-02  4.412E-04  8.50150E-04  4.567E-05  0.00000E+00  0.000E+00
   1.38000E+02  2.30000E+02  7.91621E-02  4.405E-04  7.87585E-04  4.396E-05  0.00000E+00  0.000E+00
   1.38000E+02  2.50000E+02  7.91848E-02  4.405E-04  8.05373E-04  4.445E-05  0.00000E+00  0.000E+00
   1.38000E+02  2.70000E+02  7.90530E-02  4.401E-04  8.37269E-04  4.532E-05  0.00000E+00  0.000E+00
   1.38000E+02  2.90000E+02  7.92229E-02  4.406E-04  7.87585E-04  4.396E-05  0.00000E+00  0.000E+00
   1.38000E+02  3.10000E+02  7.87714E-02  4.394E-04  8.00466E-04  4.432E-05  0.00000E+00  0.000E+00
   1.38000E+02  3.30000E+02  7.91045E-02  4.403E-04  8.07827E-04  4.452E-05  0.00000E+00  0.000E+00
   1.38000E+02  3.50000E+02  7.95044E-02  4.414E-04  8.17028E-04  4.477E-05  0.00000E+00  0.000E+00

   1.42000E+02  1.00000E+01  8.43993E-02  4.741E-04  8.03987E-04  4.630E-05  0.00000E+00  0.000E+00
   1.42000E+02  3.00000E+01  8.45593E-02  4.746E-04  8.13986E-04  4.659E-05  0.00000E+00  0.000E+00
   1.42000E+02  5.00000E+01  8.49519E-02  4.757E-04  8.04653E-04  4.632E-05  0.00000E+00  0.000E+00
   1.42000E+02  7.00000E+01  8.49606E-02  4.757E-04  8.13320E-04  4.657E-05  0.00000E+00  0.000E+00
   1.42000E+02  9.00000E+01  8.48293E-02  4.754E-04  8.45986E-04  4.750E-05  0.00000E+00  0.000E+00
   1.42000E+02  1.10000E+02  8.46573E-02  4.749E-04  8.07320E-04  4.640E-05  0.00000E+00  0.000E+00
   1.42000E+02  1.30000E+02  8.48646E-02  4.754E-04  8.23986E-04  4.687E-05  0.00000E+00  0.000E+00
   1.42000E+02  1.50000E+02  8.49186E-02  4.756E-04  8.41319E-04  4.737E-05  0.00000E+00  0.000E+00
   1.42000E+02  1.70000E+02  8.46633E-02  4.749E-04  8.24653E-04  4.689E-05  0.00000E+00  0.000E+00
   1.42000E+02  1.90000E+02  8.46273E-02  4.748E-04  8.23320E-04  4.686E-05  0.00000E+00  0.000E+00
   1.42000E+02  2.10000E+02  8.50312E-02  4.759E-04  7.91987E-04  4.596E-05  0.00000E+00  0.000E+00
   1.42000E+02  2.30000E+02  8.46766E-02  4.749E-04  7.93320E-04  4.599E-05  0.00000E+00  0.000E+00
   1.42000E+02  2.50000E+02  8.52346E-02  4.765E-04  7.93320E-04  4.599E-05  0.00000E+00  0.000E+00
   1.42000E+02  2.70000E+02  8.53399E-02  4.768E-04  8.23320E-04  4.686E-05  0.00000E+00  0.000E+00
   1.42000E+02  2.90000E+02  8.45466E-02  4.746E-04  8.20653E-04  4.678E-05  0.00000E+00  0.000E+00
   1.42000E+02  3.10000E+02  8.49546E-02  4.757E-04  8.55319E-04  4.776E-05  0.00000E+00  0.000E+00
   1.42000E+02  3.30000E+02  8.47293E-02  4.751E-04  8.43319E-04  4.742E-05  0.00000E+00  0.000E+00
   1.42000E+02  3.50000E+02  8.49759E-02  4.757E-04  8.17320E-04  4.668E-05  0.00000E+00  0.000E+00

   1.46000E+02  1.00000E+01  9.00537E-02  5.139E-04  8.38201E-04  4.961E-05  0.00000E+00  0.000E+00
   1.46000E+02  3.00000E+01  9.01697E-02  5.142E-04  8.52880E-04  5.004E-05  0.00000E+00  0.000E+00
   1.46000E+02  5.00000E+01  9.01220E-02  5.141E-04  7.92694E-04  4.824E-05  0.00000E+00  0.000E+00
   1.46000E+02  7.00000E+01  9.02989E-02  5.146E-04  8.36733E-04  4.956E-05  0.00000E+00  0.000E+00
   1.46000E+02  9.00000E+01  8.99576E-02  5.136E-04  8.58752E-04  5.021E-05  0.00000E+00  0.000E+00
   1.46000E+02  1.10000E+02  9.04332E-02  5.150E-04  8.14713E-04  4.891E-05  0.00000E+00  0.000E+00
   1.46000E+02  1.30000E+02  8.99231E-02  5.135E-04  8.41870E-04  4.972E-05  0.00000E+00  0.000E+00
   1.46000E+02  1.50000E+02  9.01425E-02  5.141E-04  8.13245E-04  4.886E-05  0.00000E+00  0.000E+00
   1.46000E+02  1.70000E+02  9.00588E-02  5.139E-04  7.82418E-04  4.793E-05  0.00000E+00  0.000E+00
   1.46000E+02  1.90000E+02  9.00713E-02  5.140E-04  8.00768E-04  4.849E-05  0.00000E+00  0.000E+00
   1.46000E+02  2.10000E+02  9.01183E-02  5.141E-04  8.16181E-04  4.895E-05  0.00000E+00  0.000E+00
   1.46000E+02  2.30000E+02  8.98152E-02  5.132E-04  8.30861E-04  4.939E-05  0.00000E+00  0.000E+00
   1.46000E+02  2.50000E+02  9.03084E-02  5.146E-04  8.24255E-04  4.919E-05  0.00000E+00  0.000E+00
   1.46000E+02  2.70000E+02  9.02115E-02  5.143E-04  8.13245E-04  4.886E-05  0.00000E+00  0.000E+00
   1.46000E+02  2.90000E+02  8.99385E-02  5.136E-04  8.03704E-04  4.858E-05  0.00000E+00  0.000E+00
   1.46000E+02  3.10000E+02  8.97814E-02  5.131E-04  8.08841E-04  4.873E-05  0.00000E+00  0.000E+00
   1.46000E+02  3.30000E+02  8.95150E-02  5.124E-04  8.47742E-04  4.989E-05  0.00000E+00  0.000E+00
   1.46000E+02  3.50000E+02  8.99906E-02  5.137E-04  8.44072E-04  4.978E-05  0.00000E+00  0.000E+00

   1.50000E+02  1.00000E+01  9.42972E-02  5.561E-04  8.41390E-04  5.256E-05  0.00000E+00  0.000E+00
   1.50000E+02  3.00000E+01  9.46223E-02  5.571E-04  8.17585E-04  5.181E-05  0.00000E+00  0.000E+00
   1.50000E+02  5.00000E+01  9.47865E-02  5.576E-04  8.42211E-04  5.259E-05  0.00000E+00  0.000E+00
   1.50000E+02  7.00000E+01  9.48234E-02  5.577E-04  7.94600E-04  5.108E-05  0.00000E+00  0.000E+00
   1.50000E+02  9.00000E+01  9.51189E-02  5.586E-04  8.45494E-04  5.269E-05  0.00000E+00  0.000E+00
   1.50000E+02  1.10000E+02  9.43375E-02  5.562E-04  8.28256E-04  5.215E-05  0.00000E+00  0.000E+00
   1.50000E+02  1.30000E+02  9.46789E-02  5.573E-04  8.20047E-04  5.189E-05  0.00000E+00  0.000E+00
   1.50000E+02  1.50000E+02  9.46584E-02  5.572E-04  7.79825E-04  5.060E-05  0.00000E+00  0.000E+00
   1.50000E+02  1.70000E+02  9.47134E-02  5.574E-04  8.30719E-04  5.223E-05  0.00000E+00  0.000E+00
   1.50000E+02  1.90000E+02  9.44015E-02  5.565E-04  8.57807E-04  5.307E-05  0.00000E+00  0.000E+00
   1.50000E+02  2.10000E+02  9.48415E-02  5.577E-04  8.43032E-04  5.261E-05  0.00000E+00  0.000E+00
   1.50000E+02  2.30000E+02  9.48127E-02  5.577E-04  8.36465E-04  5.241E-05  0.00000E+00  0.000E+00
   1.50000E+02  2.50000E+02  9.48169E-02  5.577E-04  8.46315E-04  5.271E-05  0.00000E+00  0.000E+00
   1.50000E+02  2.70000E+02  9.44557E-02  5.566E-04  8.19227E-04  5.186E-05  0.00000E+00  0.000E+00
   1.50000E+02  2.90000E+02  9.41446E-02  5.557E-04  8.16764E-04  5.179E-05  0.00000E+00  0.000E+00
   1.50000E+02  3.10000E+02  9.46116E-02  5.571E-04  8.38927E-04  5.248E-05  0.00000E+00  0.000E+00
   1.50000E+02  3.30000E+02  9.47003E-02  5.573E-04  8.18406E-04  5.184E-05  0.00000E+00  0.000E+00
   1.50000E+02  3.50000E+02  9.49129E-02  5.580E-04  8.04451E-04  5.139E-05  0.00000E+00  0.000E+00

   1.54000E+02  1.00000E+01  9.86006E-02  6.074E-04  8.06129E-04  5.495E-05  0.00000E+00  0.000E+00
   1.54000E+02  3.00000E+01  9.86427E-02  6.075E-04  8.47325E-04  5.633E-05  0.00000E+00  0.000E+00
   1.54000E+02  5.00000E+01  9.85687E-02  6.073E-04  8.90394E-04  5.775E-05  0.00000E+00  0.000E+00
   1.54000E+02  7.00000E+01  9.85669E-02  6.073E-04  8.15492E-04  5.526E-05  0.00000E+00  0.000E+00
   1.54000E+02  9.00000E+01  9.90649E-02  6.088E-04  8.37026E-04  5.599E-05  0.00000E+00  0.000E+00
   1.54000E+02  1.10000E+02  9.88992E-02  6.083E-04  8.31409E-04  5.580E-05  0.00000E+00  0.000E+00
   1.54000E+02  1.30000E+02  9.87653E-02  6.079E-04  8.45453E-04  5.627E-05  0.00000E+00  0.000E+00
   1.54000E+02  1.50000E+02  9.85107E-02  6.071E-04  8.46389E-04  5.630E-05  0.00000E+00  0.000E+00
   1.54000E+02  1.70000E+02  9.92934E-02  6.095E-04  8.63242E-04  5.686E-05  0.00000E+00  0.000E+00
   1.54000E+02  1.90000E+02  9.85968E-02  6.074E-04  7.85531E-04  5.424E-05  0.00000E+00  0.000E+00
   1.54000E+02  2.10000E+02  9.89376E-02  6.084E-04  7.64933E-04  5.352E-05  0.00000E+00  0.000E+00
   1.54000E+02  2.30000E+02  9.88683E-02  6.082E-04  8.46389E-04  5.630E-05  0.00000E+00  0.000E+00
   1.54000E+02  2.50000E+02  9.89826E-02  6.086E-04  8.21110E-04  5.545E-05  0.00000E+00  0.000E+00
   1.54000E+02  2.70000E+02  9.85388E-02  6.072E-04  8.01448E-04  5.479E-05  0.00000E+00  0.000E+00
   1.54000E+02  2.90000E+02  9.84395E-02  6.069E-04  8.09874E-04  5.507E-05  0.00000E+00  0.000E+00
   1.54000E+02  3.10000E+02  9.93786E-02  6.098E-04  8.44516E-04  5.624E-05  0.00000E+00  0.000E+00
   1.54000E+02  3.30000E+02  9.86080E-02  6.074E-04  8.52006E-04  5.649E-05  0.00000E+00  0.000E+00
   1.54000E+02  3.50000E+02  9.88524E-02  6.082E-04  8.38899E-04  5.605E-05  0.00000E+00  0.000E+00

   1.58000E+02  1.00000E+01  1.01992E-01  6.683E-04  8.14061E-04  5.973E-05  0.00000E+00  0.000E+00
   1.58000E+02  3.00000E+01  1.01507E-01  6.667E-04  8.34878E-04  6.049E-05  0.00000E+00  0.000E+00
   1.58000E+02  5.00000E+01  1.02153E-01  6.689E-04  8.26113E-04  6.017E-05  0.00000E+00  0.000E+00
   1.58000E+02  7.00000E+01  1.01775E-01  6.676E-04  8.66652E-04  6.163E-05  0.00000E+00  0.000E+00
   1.58000E+02  9.00000E+01  1.01065E-01  6.652E-04  8.22826E-04  6.005E-05  0.00000E+00  0.000E+00
   1.58000E+02  1.10000E+02  1.01922E-01  6.680E-04  8.19539E-04  5.993E-05  0.00000E+00  0.000E+00
   1.58000E+02  1.30000E+02  1.02277E-01  6.692E-04  8.32687E-04  6.041E-05  0.00000E+00  0.000E+00
   1.58000E+02  1.50000E+02  1.01681E-01  6.673E-04  8.21730E-04  6.001E-05  0.00000E+00  0.000E+00
   1.58000E+02  1.70000E+02  1.01785E-01  6.676E-04  8.46930E-04  6.092E-05  0.00000E+00  0.000E+00
   1.58000E+02  1.90000E+02  1.01373E-01  6.663E-04  8.41452E-04  6.073E-05  0.00000E+00  0.000E+00
   1.58000E+02  2.10000E+02  1.02118E-01  6.687E-04  8.43643E-04  6.081E-05  0.00000E+00  0.000E+00
   1.58000E+02  2.30000E+02  1.01938E-01  6.681E-04  8.35974E-04  6.053E-05  0.00000E+00  0.000E+00
   1.58000E+02  2.50000E+02  1.02056E-01  6.685E-04  8.39261E-04  6.065E-05  0.00000E+00  0.000E+00
   1.58000E+02  2.70000E+02  1.01656E-01  6.672E-04  8.18443E-04  5.989E-05  0.00000E+00  0.000E+00
   1.58000E+02  2.90000E+02  1.02250E-01  6.691E-04  8.32687E-04  6.041E-05  0.00000E+00  0.000E+00
   1.58000E+02  3.10000E+02  1.01968E-01  6.682E-04  8.92947E-04  6.256E-05  0.00000E+00  0.000E+00
   1.58000E+02  3.30000E+02  1.01232E-01  6.658E-04  8.30495E-04  6.033E-05  0.00000E+00  0.000E+00
   1.58000E+02  3.50000E+02  1.01799E-01  6.676E-04  8.62269E-04  6.147E-05  0.00000E+00  0.000E+00

   1.62000E+02  1.00000E+01  1.05024E-01  7.467E-04  7.70352E-04  6.397E-05  0.00000E+00  0.000E+00
   1.62000E+02  3.00000E+01  1.05300E-01  7.477E-04  8.46059E-04  6.704E-05  0.00000E+00  0.000E+00
   1.62000E+02  5.00000E+01  1.04680E-01  7.455E-04  8.72623E-04  6.809E-05  0.00000E+00  0.000E+00
   1.62000E+02  7.00000E+01  1.05144E-01  7.471E-04  8.54028E-04  6.736E-05  0.00000E+00  0.000E+00
   1.62000E+02  9.00000E+01  1.04505E-01  7.449E-04  8.14182E-04  6.577E-05  0.00000E+00  0.000E+00
   1.62000E+02  1.10000E+02  1.04662E-01  7.454E-04  7.99572E-04  6.518E-05  0.00000E+00  0.000E+00
   1.62000E+02  1.30000E+02  1.04452E-01  7.447E-04  7.92931E-04  6.490E-05  0.00000E+00  0.000E+00
   1.62000E+02  1.50000E+02  1.05292E-01  7.476E-04  8.07541E-04  6.550E-05  0.00000E+00  0.000E+00
   1.62000E+02  1.70000E+02  1.04527E-01  7.450E-04  8.97858E-04  6.907E-05  0.00000E+00  0.000E+00
   1.62000E+02  1.90000E+02  1.04846E-01  7.461E-04  8.36761E-04  6.667E-05  0.00000E+00  0.000E+00
   1.62000E+02  2.10000E+02  1.04288E-01  7.441E-04  8.47387E-04  6.710E-05  0.00000E+00  0.000E+00
   1.62000E+02  2.30000E+02  1.04501E-01  7.448E-04  8.23480E-04  6.614E-05  0.00000E+00  0.000E+00
   1.62000E+02  2.50000E+02  1.04911E-01  7.463E-04  8.11526E-04  6.566E-05  0.00000E+00  0.000E+00
   1.62000E+02  2.70000E+02  1.04739E-01  7.457E-04  7.98244E-04  6.512E-05  0.00000E+00  0.000E+00
   1.62000E+02  2.90000E+02  1.04372E-01  7.444E-04  8.26136E-04  6.625E-05  0.00000E+00  0.000E+00
   1.62000E+02  3.10000E+02  1.04401E-01  7.445E-04  7.83634E-04  6.452E-05  0.00000E+00  0.000E+00
   1.62000E+02  3.30000E+02  1.05016E-01  7.467E-04  7.87618E-04  6.469E-05  0.00000E+00  0.000E+00
   1.62000E+02  3.50000E+02  1.04194E-01  7.438E-04  8.03557E-04  6.534E-05  0.00000E+00  0.000E+00

   1.66000E+02  1.00000E+01  1.06646E-01  8.505E-04  8.36402E-04  7.534E-05  0.00000E+00  0.000E+00
   1.66000E+02  3.00000E+01  1.07149E-01  8.525E-04  8.43189E-04  7.564E-05  0.00000E+00  0.000E+00
   1.66000E+02  5.00000E+01  1.07051E-01  8.521E-04  8.21133E-04  7.465E-05  0.00000E+00  0.000E+00
   1.66000E+02  7.00000E+01  1.06567E-01  8.502E-04  8.24526E-04  7.480E-05  0.00000E+00  0.000E+00
   1.66000E+02  9.00000E+01  1.07302E-01  8.531E-04  8.29616E-04  7.503E-05  0.00000E+00  0.000E+00
   1.66000E+02  1.10000E+02  1.06820E-01  8.512E-04  8.73727E-04  7.700E-05  0.00000E+00  0.000E+00
   1.66000E+02  1.30000E+02  1.07270E-01  8.530E-04  8.10954E-04  7.418E-05  0.00000E+00  0.000E+00
   1.66000E+02  1.50000E+02  1.06522E-01  8.500E-04  8.21133E-04  7.465E-05  0.00000E+00  0.000E+00
   1.66000E+02  1.70000E+02  1.06408E-01  8.495E-04  7.73630E-04  7.246E-05  0.00000E+00  0.000E+00
   1.66000E+02  1.90000E+02  1.06909E-01  8.515E-04  8.07561E-04  7.403E-05  0.00000E+00  0.000E+00
   1.66000E+02  2.10000E+02  1.06837E-01  8.512E-04  7.92292E-04  7.333E-05  0.00000E+00  0.000E+00
   1.66000E+02  2.30000E+02  1.06964E-01  8.517E-04  8.29616E-04  7.503E-05  0.00000E+00  0.000E+00
   1.66000E+02  2.50000E+02  1.07345E-01  8.533E-04  7.82112E-04  7.285E-05  0.00000E+00  0.000E+00
   1.66000E+02  2.70000E+02  1.06875E-01  8.514E-04  8.48278E-04  7.587E-05  0.00000E+00  0.000E+00
   1.66000E+02  2.90000E+02  1.06944E-01  8.517E-04  8.38099E-04  7.542E-05  0.00000E+00  0.000E+00
   1.66000E+02  3.10000E+02  1.07477E-01  8.538E-04  7.92292E-04  7.333E-05  0.00000E+00  0.000E+00
   1.66000E+02  3.30000E+02  1.06897E-01  8.515E-04  7.63450E-04  7.198E-05  0.00000E+00  0.000E+00
   1.66000E+02  3.50000E+02  1.06953E-01  8.517E-04  7.70237E-04  7.230E-05  0.00000E+00  0.000E+00

   1.70000E+02  1.00000E+01  1.09361E-01  1.017E-03  9.07621E-04  9.263E-05  0.00000E+00  0.000E+00
   1.70000E+02  3.00000E+01  1.07577E-01  1.008E-03  8.17804E-04  8.793E-05  0.00000E+00  0.000E+00
   1.70000E+02  5.00000E+01  1.08182E-01  1.011E-03  7.75259E-04  8.561E-05  0.00000E+00  0.000E+00
   1.70000E+02  7.00000E+01  1.08673E-01  1.013E-03  9.02894E-04  9.239E-05  0.00000E+00  0.000E+00
   1.70000E+02  9.00000E+01  1.08548E-01  1.013E-03  8.36713E-04  8.894E-05  0.00000E+00  0.000E+00
   1.70000E+02  1.10000E+02  1.08205E-01  1.011E-03  8.91076E-04  9.179E-05  0.00000E+00  0.000E+00
   1.70000E+02  1.30000E+02  1.08969E-01  1.015E-03  7.96532E-04  8.678E-05  0.00000E+00  0.000E+00
   1.70000E+02  1.50000E+02  1.08733E-01  1.014E-03  7.84714E-04  8.613E-05  0.00000E+00  0.000E+00
   1.70000E+02  1.70000E+02  1.08619E-01  1.013E-03  8.41440E-04  8.919E-05  0.00000E+00  0.000E+00
   1.70000E+02  1.90000E+02  1.09054E-01  1.015E-03  8.20168E-04  8.806E-05  0.00000E+00  0.000E+00
   1.70000E+02  2.10000E+02  1.08279E-01  1.012E-03  7.77623E-04  8.574E-05  0.00000E+00  0.000E+00
   1.70000E+02  2.30000E+02  1.09491E-01  1.017E-03  8.41440E-04  8.919E-05  0.00000E+00  0.000E+00
   1.70000E+02  2.50000E+02  1.08851E-01  1.014E-03  8.31986E-04  8.869E-05  0.00000E+00  0.000E+00
   1.70000E+02  2.70000E+02  1.08522E-01  1.013E-03  8.29622E-04  8.856E-05  0.00000E+00  0.000E+00
   1.70000E+02  2.90000E+02  1.08454E-01  1.012E-03  8.27259E-04  8.844E-05  0.00000E+00  0.000E+00
   1.70000E+02  3.10000E+02  1.08468E-01  1.012E-03  8.48531E-04  8.957E-05  0.00000E+00  0.000E+00
   1.70000E+02  3.30000E+02  1.08052E-01  1.011E-03  8.36713E-04  8.894E-05  0.00000E+00  0.000E+00
   1.70000E+02  3.50000E+02  1.08146E-01  1.011E-03  8.22531E-04  8.818E-05  0.00000E+00  0.000E+00

   1.74000E+02  1.00000E+01  1.09955E-01  1.314E-03  9.65926E-04  1.232E-04  0.00000E+00  0.000E+00
   1.74000E+02  3.00000E+01  1.09197E-01  1.309E-03  8.52057E-04  1.157E-04  0.00000E+00  0.000E+00
   1.74000E+02  5.00000E+01  1.10053E-01  1.315E-03  8.75616E-04  1.173E-04  0.00000E+00  0.000E+00
   1.74000E+02  7.00000E+01  1.10261E-01  1.316E-03  8.71690E-04  1.170E-04  0.00000E+00  0.000E+00
   1.74000E+02  9.00000E+01  1.10516E-01  1.317E-03  9.42367E-04  1.217E-04  0.00000E+00  0.000E+00
   1.74000E+02  1.10000E+02  1.08926E-01  1.308E-03  8.20645E-04  1.135E-04  0.00000E+00  0.000E+00
   1.74000E+02  1.30000E+02  1.09110E-01  1.309E-03  8.08865E-04  1.127E-04  0.00000E+00  0.000E+00
   1.74000E+02  1.50000E+02  1.10017E-01  1.314E-03  8.63837E-04  1.165E-04  0.00000E+00  0.000E+00
   1.74000E+02  1.70000E+02  1.09853E-01  1.313E-03  8.71690E-04  1.170E-04  0.00000E+00  0.000E+00
   1.74000E+02  1.90000E+02  1.09853E-01  1.313E-03  8.52057E-04  1.157E-04  0.00000E+00  0.000E+00
   1.74000E+02  2.10000E+02  1.09664E-01  1.312E-03  9.18808E-04  1.201E-04  0.00000E+00  0.000E+00
   1.74000E+02  2.30000E+02  1.09798E-01  1.313E-03  8.32424E-04  1.143E-04  0.00000E+00  0.000E+00
   1.74000E+02  2.50000E+02  1.10976E-01  1.320E-03  8.79543E-04  1.175E-04  0.00000E+00  0.000E+00
   1.74000E+02  2.70000E+02  1.09350E-01  1.310E-03  8.87396E-04  1.181E-04  0.00000E+00  0.000E+00
   1.74000E+02  2.90000E+02  1.10740E-01  1.319E-03  8.36351E-04  1.146E-04  0.00000E+00  0.000E+00
   1.74000E+02  3.10000E+02  1.09483E-01  1.311E-03  8.52057E-04  1.157E-04  0.00000E+00  0.000E+00
   1.74000E+02  3.30000E+02  1.09224E-01  1.310E-03  8.04939E-04  1.124E-04  0.00000E+00  0.000E+00
   1.74000E+02  3.50000E+02  1.09283E-01  1.310E-03  8.91322E-04  1.183E-04  0.00000E+00  0.000E+00

   1.78000E+02  1.00000E+01  1.10113E-01  2.276E-03  8.70274E-04  2.023E-04  0.00000E+00  0.000E+00
   1.78000E+02  3.00000E+01  1.10795E-01  2.283E-03  9.52597E-04  2.117E-04  0.00000E+00  0.000E+00
   1.78000E+02  5.00000E+01  1.10866E-01  2.284E-03  7.64430E-04  1.896E-04  0.00000E+00  0.000E+00
   1.78000E+02  7.00000E+01  1.11913E-01  2.294E-03  8.46753E-04  1.996E-04  0.00000E+00  0.000E+00
   1.78000E+02  9.00000E+01  1.11642E-01  2.292E-03  8.46753E-04  1.996E-04  0.00000E+00  0.000E+00
   1.78000E+02  1.10000E+02  1.07549E-01  2.249E-03  8.58514E-04  2.010E-04  0.00000E+00  0.000E+00
   1.78000E+02  1.30000E+02  1.10243E-01  2.277E-03  8.46753E-04  1.996E-04  0.00000E+00  0.000E+00
   1.78000E+02  1.50000E+02  1.11136E-01  2.286E-03  8.11472E-04  1.954E-04  0.00000E+00  0.000E+00
   1.78000E+02  1.70000E+02  1.10290E-01  2.278E-03  8.82035E-04  2.037E-04  0.00000E+00  0.000E+00
   1.78000E+02  1.90000E+02  1.11219E-01  2.287E-03  8.23232E-04  1.968E-04  0.00000E+00  0.000E+00
   1.78000E+02  2.10000E+02  1.10819E-01  2.283E-03  7.99711E-04  1.940E-04  0.00000E+00  0.000E+00
   1.78000E+02  2.30000E+02  1.10243E-01  2.277E-03  7.29149E-04  1.852E-04  0.00000E+00  0.000E+00
   1.78000E+02  2.50000E+02  1.12148E-01  2.297E-03  1.03492E-03  2.206E-04  0.00000E+00  0.000E+00
   1.78000E+02  2.70000E+02  1.12230E-01  2.298E-03  8.34993E-04  1.982E-04  0.00000E+00  0.000E+00
   1.78000E+02  2.90000E+02  1.08749E-01  2.262E-03  7.64430E-04  1.896E-04  0.00000E+00  0.000E+00
   1.78000E+02  3.10000E+02  1.11501E-01  2.290E-03  7.52669E-04  1.882E-04  0.00000E+00  0.000E+00
   1.78000E+02  3.30000E+02  1.10878E-01  2.284E-03  8.23232E-04  1.968E-04  0.00000E+00  0.000E+00
   1.78000E+02  3.50000E+02  1.09678E-01  2.271E-03  8.34993E-04  1.982E-04  0.00000E+00  0.000E+00

