#>>>>>>>>>>>>>>>>>>>>>>>>>>>>>>>>>>>>>>>>>>>>>>>>>>>>>>>>>>>>
# [SECTION REPORT EMERGING UPBOUND PARTICLES DISTRIBUTION]
# Units are particles/(eV history)
# Energy window (eV), energy bins:
#  0.00000E+00  4.05000E+04   200
#
# Energy (eV) :     e-     : +-2sigma :   photons  : +-2sigma :     e+     : +-2sigma :
   1.01250E+02  0.00000E+00  0.000E+00  0.00000E+00  0.000E+00  0.00000E+00  0.000E+00
   3.03750E+02  0.00000E+00  0.000E+00  0.00000E+00  0.000E+00  0.00000E+00  0.000E+00
   5.06250E+02  0.00000E+00  0.000E+00  0.00000E+00  0.000E+00  0.00000E+00  0.000E+00
   7.08750E+02  0.00000E+00  0.000E+00  0.00000E+00  0.000E+00  0.00000E+00  0.000E+00
   9.11250E+02  0.00000E+00  0.000E+00  0.00000E+00  0.000E+00  0.00000E+00  0.000E+00
   1.11375E+03  4.93827E-11  9.877E-11  0.00000E+00  0.000E+00  0.00000E+00  0.000E+00
   1.31625E+03  4.93827E-11  9.877E-11  0.00000E+00  0.000E+00  0.00000E+00  0.000E+00
   1.51875E+03  4.93827E-11  9.877E-11  0.00000E+00  0.000E+00  0.00000E+00  0.000E+00
   1.72125E+03  0.00000E+00  0.000E+00  0.00000E+00  0.000E+00  0.00000E+00  0.000E+00
   1.92375E+03  0.00000E+00  0.000E+00  0.00000E+00  0.000E+00  0.00000E+00  0.000E+00
   2.12625E+03  0.00000E+00  0.000E+00  0.00000E+00  0.000E+00  0.00000E+00  0.000E+00
   2.32875E+03  4.93827E-11  9.877E-11  0.00000E+00  0.000E+00  0.00000E+00  0.000E+00
   2.53125E+03  0.00000E+00  0.000E+00  0.00000E+00  0.000E+00  0.00000E+00  0.000E+00
   2.73375E+03  0.00000E+00  0.000E+00  0.00000E+00  0.000E+00  0.00000E+00  0.000E+00
   2.93625E+03  1.48148E-10  1.711E-10  0.00000E+00  0.000E+00  0.00000E+00  0.000E+00
   3.13875E+03  4.93827E-11  9.877E-11  0.00000E+00  0.000E+00  0.00000E+00  0.000E+00
   3.34125E+03  0.00000E+00  0.000E+00  0.00000E+00  0.000E+00  0.00000E+00  0.000E+00
   3.54375E+03  0.00000E+00  0.000E+00  0.00000E+00  0.000E+00  0.00000E+00  0.000E+00
   3.74625E+03  4.93827E-11  9.877E-11  0.00000E+00  0.000E+00  0.00000E+00  0.000E+00
   3.94875E+03  9.87654E-11  1.397E-10  0.00000E+00  0.000E+00  0.00000E+00  0.000E+00
   4.15125E+03  9.87654E-11  1.397E-10  0.00000E+00  0.000E+00  0.00000E+00  0.000E+00
   4.35375E+03  0.00000E+00  0.000E+00  0.00000E+00  0.000E+00  0.00000E+00  0.000E+00
   4.55625E+03  9.87654E-11  1.397E-10  0.00000E+00  0.000E+00  0.00000E+00  0.000E+00
   4.75875E+03  4.93827E-11  9.877E-11  0.00000E+00  0.000E+00  0.00000E+00  0.000E+00
   4.96125E+03  9.87654E-11  1.397E-10  4.93827E-11  9.877E-11  0.00000E+00  0.000E+00
   5.16375E+03  4.93827E-11  9.877E-11  0.00000E+00  0.000E+00  0.00000E+00  0.000E+00
   5.36625E+03  9.87654E-11  1.397E-10  9.87654E-11  1.397E-10  0.00000E+00  0.000E+00
   5.56875E+03  0.00000E+00  0.000E+00  4.93827E-11  9.877E-11  0.00000E+00  0.000E+00
   5.77125E+03  4.93827E-11  9.877E-11  2.46914E-10  2.208E-10  0.00000E+00  0.000E+00
   5.97375E+03  9.87654E-11  1.397E-10  9.87654E-11  1.397E-10  0.00000E+00  0.000E+00
   6.17625E+03  1.48148E-10  1.711E-10  4.93827E-10  3.123E-10  0.00000E+00  0.000E+00
   6.37875E+03  9.87654E-11  1.397E-10  4.93827E-10  3.123E-10  0.00000E+00  0.000E+00
   6.58125E+03  9.87654E-11  1.397E-10  7.40741E-10  3.825E-10  0.00000E+00  0.000E+00
   6.78375E+03  9.87654E-11  1.397E-10  1.33333E-09  5.132E-10  0.00000E+00  0.000E+00
   6.98625E+03  2.96296E-10  2.419E-10  1.67901E-09  5.759E-10  0.00000E+00  0.000E+00
   7.18875E+03  1.48148E-10  1.711E-10  2.02469E-09  6.324E-10  0.00000E+00  0.000E+00
   7.39125E+03  9.87654E-11  1.397E-10  3.40741E-09  8.204E-10  0.00000E+00  0.000E+00
   7.59375E+03  4.93827E-11  9.877E-11  3.85185E-09  8.723E-10  0.00000E+00  0.000E+00
   7.79625E+03  9.87654E-11  1.397E-10  5.18519E-09  1.012E-09  0.00000E+00  0.000E+00
   7.99875E+03  4.93827E-11  9.877E-11  5.34963E-07  1.028E-08  0.00000E+00  0.000E+00
   8.20125E+03  9.87654E-11  1.397E-10  7.06173E-09  1.181E-09  0.00000E+00  0.000E+00
   8.40375E+03  0.00000E+00  0.000E+00  8.39506E-09  1.288E-09  0.00000E+00  0.000E+00
   8.60625E+03  0.00000E+00  0.000E+00  8.98765E-09  1.332E-09  0.00000E+00  0.000E+00
   8.80875E+03  9.87654E-11  1.397E-10  1.46963E-07  5.388E-09  0.00000E+00  0.000E+00
   9.01125E+03  0.00000E+00  0.000E+00  3.80247E-09  8.667E-10  0.00000E+00  0.000E+00
   9.21375E+03  0.00000E+00  0.000E+00  0.00000E+00  0.000E+00  0.00000E+00  0.000E+00
   9.41625E+03  0.00000E+00  0.000E+00  0.00000E+00  0.000E+00  0.00000E+00  0.000E+00
   9.61875E+03  4.93827E-11  9.877E-11  0.00000E+00  0.000E+00  0.00000E+00  0.000E+00
   9.82125E+03  4.93827E-11  9.877E-11  0.00000E+00  0.000E+00  0.00000E+00  0.000E+00
   1.00238E+04  4.93827E-11  9.877E-11  0.00000E+00  0.000E+00  0.00000E+00  0.000E+00
   1.02262E+04  0.00000E+00  0.000E+00  0.00000E+00  0.000E+00  0.00000E+00  0.000E+00
   1.04288E+04  4.93827E-11  9.877E-11  4.93827E-11  9.877E-11  0.00000E+00  0.000E+00
   1.06312E+04  0.00000E+00  0.000E+00  0.00000E+00  0.000E+00  0.00000E+00  0.000E+00
   1.08338E+04  0.00000E+00  0.000E+00  0.00000E+00  0.000E+00  0.00000E+00  0.000E+00
   1.10362E+04  0.00000E+00  0.000E+00  0.00000E+00  0.000E+00  0.00000E+00  0.000E+00
   1.12388E+04  0.00000E+00  0.000E+00  0.00000E+00  0.000E+00  0.00000E+00  0.000E+00
   1.14412E+04  0.00000E+00  0.000E+00  0.00000E+00  0.000E+00  0.00000E+00  0.000E+00
   1.16438E+04  0.00000E+00  0.000E+00  0.00000E+00  0.000E+00  0.00000E+00  0.000E+00
   1.18462E+04  0.00000E+00  0.000E+00  4.93827E-11  9.877E-11  0.00000E+00  0.000E+00
   1.20488E+04  4.93827E-11  9.877E-11  1.48148E-10  1.711E-10  0.00000E+00  0.000E+00
   1.22512E+04  4.93827E-11  9.877E-11  4.93827E-11  9.877E-11  0.00000E+00  0.000E+00
   1.24538E+04  0.00000E+00  0.000E+00  9.87654E-11  1.397E-10  0.00000E+00  0.000E+00
   1.26562E+04  0.00000E+00  0.000E+00  4.93827E-11  9.877E-11  0.00000E+00  0.000E+00
   1.28588E+04  4.93827E-11  9.877E-11  0.00000E+00  0.000E+00  0.00000E+00  0.000E+00
   1.30612E+04  0.00000E+00  0.000E+00  1.97531E-10  1.975E-10  0.00000E+00  0.000E+00
   1.32638E+04  0.00000E+00  0.000E+00  9.87654E-11  1.397E-10  0.00000E+00  0.000E+00
   1.34662E+04  4.93827E-11  9.877E-11  1.97531E-10  1.975E-10  0.00000E+00  0.000E+00
   1.36688E+04  4.93827E-11  9.877E-11  2.96296E-10  2.419E-10  0.00000E+00  0.000E+00
   1.38712E+04  0.00000E+00  0.000E+00  1.97531E-10  1.975E-10  0.00000E+00  0.000E+00
   1.40738E+04  0.00000E+00  0.000E+00  2.46914E-10  2.208E-10  0.00000E+00  0.000E+00
   1.42762E+04  4.93827E-11  9.877E-11  4.93827E-10  3.123E-10  0.00000E+00  0.000E+00
   1.44788E+04  0.00000E+00  0.000E+00  3.95062E-10  2.794E-10  0.00000E+00  0.000E+00
   1.46812E+04  0.00000E+00  0.000E+00  5.43210E-10  3.276E-10  0.00000E+00  0.000E+00
   1.48838E+04  4.93827E-11  9.877E-11  4.44444E-10  2.963E-10  0.00000E+00  0.000E+00
   1.50862E+04  9.87654E-11  1.397E-10  3.45679E-10  2.613E-10  0.00000E+00  0.000E+00
   1.52888E+04  0.00000E+00  0.000E+00  4.93827E-10  3.123E-10  0.00000E+00  0.000E+00
   1.54912E+04  4.93827E-11  9.877E-11  6.41975E-10  3.561E-10  0.00000E+00  0.000E+00
   1.56938E+04  0.00000E+00  0.000E+00  6.41975E-10  3.561E-10  0.00000E+00  0.000E+00
   1.58962E+04  4.93827E-11  9.877E-11  5.92593E-10  3.421E-10  0.00000E+00  0.000E+00
   1.60988E+04  0.00000E+00  0.000E+00  1.18519E-09  4.838E-10  0.00000E+00  0.000E+00
   1.63012E+04  0.00000E+00  0.000E+00  8.39506E-10  4.072E-10  0.00000E+00  0.000E+00
   1.65038E+04  4.93827E-11  9.877E-11  9.38272E-10  4.305E-10  0.00000E+00  0.000E+00
   1.67062E+04  9.87654E-11  1.397E-10  1.58025E-09  5.587E-10  0.00000E+00  0.000E+00
   1.69088E+04  0.00000E+00  0.000E+00  1.18519E-09  4.838E-10  0.00000E+00  0.000E+00
   1.71112E+04  0.00000E+00  0.000E+00  2.07407E-09  6.401E-10  0.00000E+00  0.000E+00
   1.73138E+04  0.00000E+00  0.000E+00  1.82716E-09  6.008E-10  0.00000E+00  0.000E+00
   1.75162E+04  0.00000E+00  0.000E+00  1.62963E-09  5.674E-10  0.00000E+00  0.000E+00
   1.77188E+04  0.00000E+00  0.000E+00  2.12346E-09  6.476E-10  0.00000E+00  0.000E+00
   1.79212E+04  0.00000E+00  0.000E+00  1.87654E-09  6.088E-10  0.00000E+00  0.000E+00
   1.81238E+04  4.93827E-11  9.877E-11  2.37037E-09  6.843E-10  0.00000E+00  0.000E+00
   1.83262E+04  0.00000E+00  0.000E+00  2.02469E-09  6.324E-10  0.00000E+00  0.000E+00
   1.85288E+04  0.00000E+00  0.000E+00  2.81481E-09  7.457E-10  0.00000E+00  0.000E+00
   1.87312E+04  0.00000E+00  0.000E+00  2.86420E-09  7.522E-10  0.00000E+00  0.000E+00
   1.89338E+04  0.00000E+00  0.000E+00  3.01235E-09  7.714E-10  0.00000E+00  0.000E+00
   1.91362E+04  0.00000E+00  0.000E+00  2.61728E-09  7.190E-10  0.00000E+00  0.000E+00
   1.93388E+04  0.00000E+00  0.000E+00  3.25926E-09  8.024E-10  0.00000E+00  0.000E+00
   1.95412E+04  0.00000E+00  0.000E+00  3.20988E-09  7.963E-10  0.00000E+00  0.000E+00
   1.97438E+04  4.93827E-11  9.877E-11  3.35802E-09  8.144E-10  0.00000E+00  0.000E+00
   1.99462E+04  0.00000E+00  0.000E+00  3.35802E-09  8.144E-10  0.00000E+00  0.000E+00
   2.01488E+04  4.93827E-11  9.877E-11  3.35802E-09  8.144E-10  0.00000E+00  0.000E+00
   2.03512E+04  0.00000E+00  0.000E+00  3.30864E-09  8.084E-10  0.00000E+00  0.000E+00
   2.05538E+04  4.93827E-11  9.877E-11  4.83951E-09  9.777E-10  0.00000E+00  0.000E+00
   2.07562E+04  0.00000E+00  0.000E+00  3.55556E-09  8.381E-10  0.00000E+00  0.000E+00
   2.09588E+04  4.93827E-11  9.877E-11  3.45679E-09  8.263E-10  0.00000E+00  0.000E+00
   2.11612E+04  0.00000E+00  0.000E+00  4.19753E-09  9.106E-10  0.00000E+00  0.000E+00
   2.13638E+04  0.00000E+00  0.000E+00  4.49383E-09  9.422E-10  0.00000E+00  0.000E+00
   2.15662E+04  0.00000E+00  0.000E+00  4.83951E-09  9.777E-10  0.00000E+00  0.000E+00
   2.17688E+04  0.00000E+00  0.000E+00  4.24691E-09  9.159E-10  0.00000E+00  0.000E+00
   2.19712E+04  0.00000E+00  0.000E+00  5.03704E-09  9.975E-10  0.00000E+00  0.000E+00
   2.21738E+04  0.00000E+00  0.000E+00  4.74074E-09  9.677E-10  0.00000E+00  0.000E+00
   2.23762E+04  4.93827E-11  9.877E-11  4.44444E-09  9.370E-10  0.00000E+00  0.000E+00
   2.25788E+04  4.93827E-11  9.877E-11  5.33333E-09  1.026E-09  0.00000E+00  0.000E+00
   2.27812E+04  0.00000E+00  0.000E+00  5.43210E-09  1.036E-09  0.00000E+00  0.000E+00
   2.29838E+04  0.00000E+00  0.000E+00  5.48148E-09  1.041E-09  0.00000E+00  0.000E+00
   2.31862E+04  0.00000E+00  0.000E+00  5.08642E-09  1.002E-09  0.00000E+00  0.000E+00
   2.33888E+04  4.93827E-11  9.877E-11  5.43210E-09  1.036E-09  0.00000E+00  0.000E+00
   2.35912E+04  0.00000E+00  0.000E+00  5.82716E-09  1.073E-09  0.00000E+00  0.000E+00
   2.37938E+04  0.00000E+00  0.000E+00  5.43210E-09  1.036E-09  0.00000E+00  0.000E+00
   2.39962E+04  4.93827E-11  9.877E-11  5.72840E-09  1.064E-09  0.00000E+00  0.000E+00
   2.41988E+04  0.00000E+00  0.000E+00  5.28395E-09  1.022E-09  0.00000E+00  0.000E+00
   2.44012E+04  0.00000E+00  0.000E+00  6.51852E-09  1.135E-09  0.00000E+00  0.000E+00
   2.46038E+04  0.00000E+00  0.000E+00  5.53086E-09  1.045E-09  0.00000E+00  0.000E+00
   2.48062E+04  0.00000E+00  0.000E+00  6.46914E-09  1.130E-09  0.00000E+00  0.000E+00
   2.50088E+04  0.00000E+00  0.000E+00  6.66667E-09  1.148E-09  0.00000E+00  0.000E+00
   2.52112E+04  0.00000E+00  0.000E+00  6.02469E-09  1.091E-09  0.00000E+00  0.000E+00
   2.54138E+04  0.00000E+00  0.000E+00  5.67901E-09  1.059E-09  0.00000E+00  0.000E+00
   2.56162E+04  0.00000E+00  0.000E+00  5.77778E-09  1.068E-09  0.00000E+00  0.000E+00
   2.58188E+04  0.00000E+00  0.000E+00  5.87654E-09  1.077E-09  0.00000E+00  0.000E+00
   2.60212E+04  0.00000E+00  0.000E+00  6.66667E-09  1.148E-09  0.00000E+00  0.000E+00
   2.62238E+04  0.00000E+00  0.000E+00  6.76543E-09  1.156E-09  0.00000E+00  0.000E+00
   2.64262E+04  0.00000E+00  0.000E+00  6.12346E-09  1.100E-09  0.00000E+00  0.000E+00
   2.66288E+04  0.00000E+00  0.000E+00  5.87654E-09  1.077E-09  0.00000E+00  0.000E+00
   2.68312E+04  0.00000E+00  0.000E+00  5.03704E-09  9.975E-10  0.00000E+00  0.000E+00
   2.70338E+04  0.00000E+00  0.000E+00  5.62963E-09  1.055E-09  0.00000E+00  0.000E+00
   2.72362E+04  4.93827E-11  9.877E-11  6.22222E-09  1.109E-09  0.00000E+00  0.000E+00
   2.74388E+04  0.00000E+00  0.000E+00  6.71605E-09  1.152E-09  0.00000E+00  0.000E+00
   2.76412E+04  0.00000E+00  0.000E+00  5.28395E-09  1.022E-09  0.00000E+00  0.000E+00
   2.78438E+04  4.93827E-11  9.877E-11  6.17284E-09  1.104E-09  0.00000E+00  0.000E+00
   2.80462E+04  0.00000E+00  0.000E+00  5.82716E-09  1.073E-09  0.00000E+00  0.000E+00
   2.82488E+04  0.00000E+00  0.000E+00  5.53086E-09  1.045E-09  0.00000E+00  0.000E+00
   2.84512E+04  0.00000E+00  0.000E+00  5.53086E-09  1.045E-09  0.00000E+00  0.000E+00
   2.86538E+04  0.00000E+00  0.000E+00  6.76543E-09  1.156E-09  0.00000E+00  0.000E+00
   2.88562E+04  0.00000E+00  0.000E+00  6.71605E-09  1.152E-09  0.00000E+00  0.000E+00
   2.90588E+04  0.00000E+00  0.000E+00  6.07407E-09  1.095E-09  0.00000E+00  0.000E+00
   2.92612E+04  0.00000E+00  0.000E+00  5.82716E-09  1.073E-09  0.00000E+00  0.000E+00
   2.94638E+04  0.00000E+00  0.000E+00  6.71605E-09  1.152E-09  0.00000E+00  0.000E+00
   2.96662E+04  0.00000E+00  0.000E+00  6.91358E-09  1.169E-09  0.00000E+00  0.000E+00
   2.98688E+04  4.93827E-11  9.877E-11  6.27160E-09  1.113E-09  0.00000E+00  0.000E+00
   3.00712E+04  9.87654E-11  1.397E-10  7.20988E-09  1.193E-09  0.00000E+00  0.000E+00
   3.02738E+04  0.00000E+00  0.000E+00  5.38272E-09  1.031E-09  0.00000E+00  0.000E+00
   3.04762E+04  0.00000E+00  0.000E+00  5.18519E-09  1.012E-09  0.00000E+00  0.000E+00
   3.06788E+04  0.00000E+00  0.000E+00  6.12346E-09  1.100E-09  0.00000E+00  0.000E+00
   3.08812E+04  0.00000E+00  0.000E+00  4.88889E-09  9.827E-10  0.00000E+00  0.000E+00
   3.10838E+04  0.00000E+00  0.000E+00  4.83951E-09  9.777E-10  0.00000E+00  0.000E+00
   3.12862E+04  0.00000E+00  0.000E+00  5.87654E-09  1.077E-09  0.00000E+00  0.000E+00
   3.14888E+04  0.00000E+00  0.000E+00  5.72840E-09  1.064E-09  0.00000E+00  0.000E+00
   3.16912E+04  0.00000E+00  0.000E+00  5.13580E-09  1.007E-09  0.00000E+00  0.000E+00
   3.18938E+04  0.00000E+00  0.000E+00  5.23457E-09  1.017E-09  0.00000E+00  0.000E+00
   3.20962E+04  0.00000E+00  0.000E+00  5.62963E-09  1.055E-09  0.00000E+00  0.000E+00
   3.22988E+04  0.00000E+00  0.000E+00  5.03704E-09  9.975E-10  0.00000E+00  0.000E+00
   3.25012E+04  0.00000E+00  0.000E+00  5.13580E-09  1.007E-09  0.00000E+00  0.000E+00
   3.27038E+04  0.00000E+00  0.000E+00  5.28395E-09  1.022E-09  0.00000E+00  0.000E+00
   3.29062E+04  0.00000E+00  0.000E+00  5.92593E-09  1.082E-09  0.00000E+00  0.000E+00
   3.31088E+04  0.00000E+00  0.000E+00  4.04938E-09  8.944E-10  0.00000E+00  0.000E+00
   3.33112E+04  0.00000E+00  0.000E+00  4.74074E-09  9.677E-10  0.00000E+00  0.000E+00
   3.35138E+04  0.00000E+00  0.000E+00  4.59259E-09  9.525E-10  0.00000E+00  0.000E+00
   3.37162E+04  0.00000E+00  0.000E+00  4.44444E-09  9.370E-10  0.00000E+00  0.000E+00
   3.39188E+04  0.00000E+00  0.000E+00  5.13580E-09  1.007E-09  0.00000E+00  0.000E+00
   3.41212E+04  0.00000E+00  0.000E+00  5.82716E-09  1.073E-09  0.00000E+00  0.000E+00
   3.43238E+04  0.00000E+00  0.000E+00  4.64198E-09  9.576E-10  0.00000E+00  0.000E+00
   3.45262E+04  0.00000E+00  0.000E+00  4.00000E-09  8.889E-10  0.00000E+00  0.000E+00
   3.47288E+04  0.00000E+00  0.000E+00  4.34568E-09  9.265E-10  0.00000E+00  0.000E+00
   3.49312E+04  0.00000E+00  0.000E+00  3.20988E-09  7.963E-10  0.00000E+00  0.000E+00
   3.51338E+04  0.00000E+00  0.000E+00  3.95062E-09  8.834E-10  0.00000E+00  0.000E+00
   3.53362E+04  0.00000E+00  0.000E+00  3.20988E-09  7.963E-10  0.00000E+00  0.000E+00
   3.55388E+04  0.00000E+00  0.000E+00  3.45679E-09  8.263E-10  0.00000E+00  0.000E+00
   3.57412E+04  0.00000E+00  0.000E+00  3.40741E-09  8.204E-10  0.00000E+00  0.000E+00
   3.59438E+04  0.00000E+00  0.000E+00  2.71605E-09  7.325E-10  0.00000E+00  0.000E+00
   3.61462E+04  0.00000E+00  0.000E+00  3.55556E-09  8.381E-10  0.00000E+00  0.000E+00
   3.63488E+04  0.00000E+00  0.000E+00  3.30864E-09  8.084E-10  0.00000E+00  0.000E+00
   3.65512E+04  0.00000E+00  0.000E+00  2.91358E-09  7.586E-10  0.00000E+00  0.000E+00
   3.67538E+04  0.00000E+00  0.000E+00  2.27160E-09  6.699E-10  0.00000E+00  0.000E+00
   3.69562E+04  0.00000E+00  0.000E+00  2.56790E-09  7.122E-10  0.00000E+00  0.000E+00
   3.71588E+04  0.00000E+00  0.000E+00  2.27160E-09  6.699E-10  0.00000E+00  0.000E+00
   3.73612E+04  0.00000E+00  0.000E+00  2.76543E-09  7.391E-10  0.00000E+00  0.000E+00
   3.75638E+04  0.00000E+00  0.000E+00  1.53086E-09  5.499E-10  0.00000E+00  0.000E+00
   3.77662E+04  0.00000E+00  0.000E+00  1.38272E-09  5.226E-10  0.00000E+00  0.000E+00
   3.79688E+04  0.00000E+00  0.000E+00  2.61728E-09  7.190E-10  0.00000E+00  0.000E+00
   3.81712E+04  0.00000E+00  0.000E+00  1.77778E-09  5.926E-10  0.00000E+00  0.000E+00
   3.83738E+04  0.00000E+00  0.000E+00  1.72840E-09  5.843E-10  0.00000E+00  0.000E+00
   3.85762E+04  0.00000E+00  0.000E+00  1.23457E-09  4.938E-10  0.00000E+00  0.000E+00
   3.87788E+04  0.00000E+00  0.000E+00  1.13580E-09  4.737E-10  0.00000E+00  0.000E+00
   3.89812E+04  0.00000E+00  0.000E+00  1.38272E-09  5.226E-10  0.00000E+00  0.000E+00
   3.91838E+04  0.00000E+00  0.000E+00  7.90123E-10  3.951E-10  0.00000E+00  0.000E+00
   3.93862E+04  0.00000E+00  0.000E+00  8.39506E-10  4.072E-10  0.00000E+00  0.000E+00
   3.95888E+04  0.00000E+00  0.000E+00  6.41975E-10  3.561E-10  0.00000E+00  0.000E+00
   3.97912E+04  0.00000E+00  0.000E+00  3.45679E-10  2.613E-10  0.00000E+00  0.000E+00
   3.99938E+04  0.00000E+00  0.000E+00  4.93827E-11  9.877E-11  0.00000E+00  0.000E+00
   4.01962E+04  0.00000E+00  0.000E+00  0.00000E+00  0.000E+00  0.00000E+00  0.000E+00
   4.03988E+04  0.00000E+00  0.000E+00  0.00000E+00  0.000E+00  0.00000E+00  0.000E+00
