#>>>>>>>>>>>>>>>>>>>>>>>>>>>>>>>>>>>>>>>>>>>>>>>>>>>>>>>>>>>>
# [SECTION REPORT IMPACT DETECTOR - ENERGY SPECTRUM]
# detector number:  1
# Units are 1/(eV*history)
#
# Linear scale
# Energy     min    ,    max    , number of bins
#        0.00000e+00 4.05000e+04    200
#
#             |      Total spectrum     |            electron     |               gamma     |            positron     |
#             |                         |                         |                         |                         |
# Energy (eV) |     prob    : +-2sigma  |     prob    : +-2sigma  |     prob    : +-2sigma  |     prob    : +-2sigma  |
  1.01250E+02   0.00000E+00   0.000E+00   0.00000E+00   0.000E+00   0.00000E+00   0.000E+00   0.00000E+00   0.000E+00 
  3.03750E+02   0.00000E+00   0.000E+00   0.00000E+00   0.000E+00   0.00000E+00   0.000E+00   0.00000E+00   0.000E+00 
  5.06250E+02   0.00000E+00   0.000E+00   0.00000E+00   0.000E+00   0.00000E+00   0.000E+00   0.00000E+00   0.000E+00 
  7.08750E+02   0.00000E+00   0.000E+00   0.00000E+00   0.000E+00   0.00000E+00   0.000E+00   0.00000E+00   0.000E+00 
  9.11250E+02   0.00000E+00   0.000E+00   0.00000E+00   0.000E+00   0.00000E+00   0.000E+00   0.00000E+00   0.000E+00 
  1.11375E+03   0.00000E+00   0.000E+00   0.00000E+00   0.000E+00   0.00000E+00   0.000E+00   0.00000E+00   0.000E+00 
  1.31625E+03   0.00000E+00   0.000E+00   0.00000E+00   0.000E+00   0.00000E+00   0.000E+00   0.00000E+00   0.000E+00 
  1.51875E+03   0.00000E+00   0.000E+00   0.00000E+00   0.000E+00   0.00000E+00   0.000E+00   0.00000E+00   0.000E+00 
  1.72125E+03   0.00000E+00   0.000E+00   0.00000E+00   0.000E+00   0.00000E+00   0.000E+00   0.00000E+00   0.000E+00 
  1.92375E+03   0.00000E+00   0.000E+00   0.00000E+00   0.000E+00   0.00000E+00   0.000E+00   0.00000E+00   0.000E+00 
  2.12625E+03   0.00000E+00   0.000E+00   0.00000E+00   0.000E+00   0.00000E+00   0.000E+00   0.00000E+00   0.000E+00 
  2.32875E+03   0.00000E+00   0.000E+00   0.00000E+00   0.000E+00   0.00000E+00   0.000E+00   0.00000E+00   0.000E+00 
  2.53125E+03   0.00000E+00   0.000E+00   0.00000E+00   0.000E+00   0.00000E+00   0.000E+00   0.00000E+00   0.000E+00 
  2.73375E+03   0.00000E+00   0.000E+00   0.00000E+00   0.000E+00   0.00000E+00   0.000E+00   0.00000E+00   0.000E+00 
  2.93625E+03   0.00000E+00   0.000E+00   0.00000E+00   0.000E+00   0.00000E+00   0.000E+00   0.00000E+00   0.000E+00 
  3.13875E+03   0.00000E+00   0.000E+00   0.00000E+00   0.000E+00   0.00000E+00   0.000E+00   0.00000E+00   0.000E+00 
  3.34125E+03   0.00000E+00   0.000E+00   0.00000E+00   0.000E+00   0.00000E+00   0.000E+00   0.00000E+00   0.000E+00 
  3.54375E+03   0.00000E+00   0.000E+00   0.00000E+00   0.000E+00   0.00000E+00   0.000E+00   0.00000E+00   0.000E+00 
  3.74625E+03   0.00000E+00   0.000E+00   0.00000E+00   0.000E+00   0.00000E+00   0.000E+00   0.00000E+00   0.000E+00 
  3.94875E+03   0.00000E+00   0.000E+00   0.00000E+00   0.000E+00   0.00000E+00   0.000E+00   0.00000E+00   0.000E+00 
  4.15125E+03   0.00000E+00   0.000E+00   0.00000E+00   0.000E+00   0.00000E+00   0.000E+00   0.00000E+00   0.000E+00 
  4.35375E+03   0.00000E+00   0.000E+00   0.00000E+00   0.000E+00   0.00000E+00   0.000E+00   0.00000E+00   0.000E+00 
  4.55625E+03   0.00000E+00   0.000E+00   0.00000E+00   0.000E+00   0.00000E+00   0.000E+00   0.00000E+00   0.000E+00 
  4.75875E+03   0.00000E+00   0.000E+00   0.00000E+00   0.000E+00   0.00000E+00   0.000E+00   0.00000E+00   0.000E+00 
  4.96125E+03   0.00000E+00   0.000E+00   0.00000E+00   0.000E+00   0.00000E+00   0.000E+00   0.00000E+00   0.000E+00 
  5.16375E+03   0.00000E+00   0.000E+00   0.00000E+00   0.000E+00   0.00000E+00   0.000E+00   0.00000E+00   0.000E+00 
  5.36625E+03   0.00000E+00   0.000E+00   0.00000E+00   0.000E+00   0.00000E+00   0.000E+00   0.00000E+00   0.000E+00 
  5.56875E+03   0.00000E+00   0.000E+00   0.00000E+00   0.000E+00   0.00000E+00   0.000E+00   0.00000E+00   0.000E+00 
  5.77125E+03   0.00000E+00   0.000E+00   0.00000E+00   0.000E+00   0.00000E+00   0.000E+00   0.00000E+00   0.000E+00 
  5.97375E+03   0.00000E+00   0.000E+00   0.00000E+00   0.000E+00   0.00000E+00   0.000E+00   0.00000E+00   0.000E+00 
  6.17625E+03   0.00000E+00   0.000E+00   0.00000E+00   0.000E+00   0.00000E+00   0.000E+00   0.00000E+00   0.000E+00 
  6.37875E+03   0.00000E+00   0.000E+00   0.00000E+00   0.000E+00   0.00000E+00   0.000E+00   0.00000E+00   0.000E+00 
  6.58125E+03   0.00000E+00   0.000E+00   0.00000E+00   0.000E+00   0.00000E+00   0.000E+00   0.00000E+00   0.000E+00 
  6.78375E+03   0.00000E+00   0.000E+00   0.00000E+00   0.000E+00   0.00000E+00   0.000E+00   0.00000E+00   0.000E+00 
  6.98625E+03   0.00000E+00   0.000E+00   0.00000E+00   0.000E+00   0.00000E+00   0.000E+00   0.00000E+00   0.000E+00 
  7.18875E+03   0.00000E+00   0.000E+00   0.00000E+00   0.000E+00   0.00000E+00   0.000E+00   0.00000E+00   0.000E+00 
  7.39125E+03   0.00000E+00   0.000E+00   0.00000E+00   0.000E+00   0.00000E+00   0.000E+00   0.00000E+00   0.000E+00 
  7.59375E+03   0.00000E+00   0.000E+00   0.00000E+00   0.000E+00   0.00000E+00   0.000E+00   0.00000E+00   0.000E+00 
  7.79625E+03   0.00000E+00   0.000E+00   0.00000E+00   0.000E+00   0.00000E+00   0.000E+00   0.00000E+00   0.000E+00 
  7.99875E+03   0.00000E+00   0.000E+00   0.00000E+00   0.000E+00   0.00000E+00   0.000E+00   0.00000E+00   0.000E+00 
  8.20125E+03   0.00000E+00   0.000E+00   0.00000E+00   0.000E+00   0.00000E+00   0.000E+00   0.00000E+00   0.000E+00 
  8.40375E+03   0.00000E+00   0.000E+00   0.00000E+00   0.000E+00   0.00000E+00   0.000E+00   0.00000E+00   0.000E+00 
  8.60625E+03   0.00000E+00   0.000E+00   0.00000E+00   0.000E+00   0.00000E+00   0.000E+00   0.00000E+00   0.000E+00 
  8.80875E+03   0.00000E+00   0.000E+00   0.00000E+00   0.000E+00   0.00000E+00   0.000E+00   0.00000E+00   0.000E+00 
  9.01125E+03   0.00000E+00   0.000E+00   0.00000E+00   0.000E+00   0.00000E+00   0.000E+00   0.00000E+00   0.000E+00 
  9.21375E+03   0.00000E+00   0.000E+00   0.00000E+00   0.000E+00   0.00000E+00   0.000E+00   0.00000E+00   0.000E+00 
  9.41625E+03   0.00000E+00   0.000E+00   0.00000E+00   0.000E+00   0.00000E+00   0.000E+00   0.00000E+00   0.000E+00 
  9.61875E+03   0.00000E+00   0.000E+00   0.00000E+00   0.000E+00   0.00000E+00   0.000E+00   0.00000E+00   0.000E+00 
  9.82125E+03   0.00000E+00   0.000E+00   0.00000E+00   0.000E+00   0.00000E+00   0.000E+00   0.00000E+00   0.000E+00 
  1.00238E+04   0.00000E+00   0.000E+00   0.00000E+00   0.000E+00   0.00000E+00   0.000E+00   0.00000E+00   0.000E+00 
  1.02262E+04   0.00000E+00   0.000E+00   0.00000E+00   0.000E+00   0.00000E+00   0.000E+00   0.00000E+00   0.000E+00 
  1.04288E+04   0.00000E+00   0.000E+00   0.00000E+00   0.000E+00   0.00000E+00   0.000E+00   0.00000E+00   0.000E+00 
  1.06312E+04   0.00000E+00   0.000E+00   0.00000E+00   0.000E+00   0.00000E+00   0.000E+00   0.00000E+00   0.000E+00 
  1.08338E+04   0.00000E+00   0.000E+00   0.00000E+00   0.000E+00   0.00000E+00   0.000E+00   0.00000E+00   0.000E+00 
  1.10362E+04   0.00000E+00   0.000E+00   0.00000E+00   0.000E+00   0.00000E+00   0.000E+00   0.00000E+00   0.000E+00 
  1.12388E+04   0.00000E+00   0.000E+00   0.00000E+00   0.000E+00   0.00000E+00   0.000E+00   0.00000E+00   0.000E+00 
  1.14412E+04   0.00000E+00   0.000E+00   0.00000E+00   0.000E+00   0.00000E+00   0.000E+00   0.00000E+00   0.000E+00 
  1.16438E+04   0.00000E+00   0.000E+00   0.00000E+00   0.000E+00   0.00000E+00   0.000E+00   0.00000E+00   0.000E+00 
  1.18462E+04   0.00000E+00   0.000E+00   0.00000E+00   0.000E+00   0.00000E+00   0.000E+00   0.00000E+00   0.000E+00 
  1.20488E+04   0.00000E+00   0.000E+00   0.00000E+00   0.000E+00   0.00000E+00   0.000E+00   0.00000E+00   0.000E+00 
  1.22512E+04   0.00000E+00   0.000E+00   0.00000E+00   0.000E+00   0.00000E+00   0.000E+00   0.00000E+00   0.000E+00 
  1.24538E+04   0.00000E+00   0.000E+00   0.00000E+00   0.000E+00   0.00000E+00   0.000E+00   0.00000E+00   0.000E+00 
  1.26562E+04   0.00000E+00   0.000E+00   0.00000E+00   0.000E+00   0.00000E+00   0.000E+00   0.00000E+00   0.000E+00 
  1.28588E+04   0.00000E+00   0.000E+00   0.00000E+00   0.000E+00   0.00000E+00   0.000E+00   0.00000E+00   0.000E+00 
  1.30612E+04   0.00000E+00   0.000E+00   0.00000E+00   0.000E+00   0.00000E+00   0.000E+00   0.00000E+00   0.000E+00 
  1.32638E+04   0.00000E+00   0.000E+00   0.00000E+00   0.000E+00   0.00000E+00   0.000E+00   0.00000E+00   0.000E+00 
  1.34662E+04   0.00000E+00   0.000E+00   0.00000E+00   0.000E+00   0.00000E+00   0.000E+00   0.00000E+00   0.000E+00 
  1.36688E+04   0.00000E+00   0.000E+00   0.00000E+00   0.000E+00   0.00000E+00   0.000E+00   0.00000E+00   0.000E+00 
  1.38712E+04   0.00000E+00   0.000E+00   0.00000E+00   0.000E+00   0.00000E+00   0.000E+00   0.00000E+00   0.000E+00 
  1.40738E+04   0.00000E+00   0.000E+00   0.00000E+00   0.000E+00   0.00000E+00   0.000E+00   0.00000E+00   0.000E+00 
  1.42762E+04   0.00000E+00   0.000E+00   0.00000E+00   0.000E+00   0.00000E+00   0.000E+00   0.00000E+00   0.000E+00 
  1.44788E+04   0.00000E+00   0.000E+00   0.00000E+00   0.000E+00   0.00000E+00   0.000E+00   0.00000E+00   0.000E+00 
  1.46812E+04   0.00000E+00   0.000E+00   0.00000E+00   0.000E+00   0.00000E+00   0.000E+00   0.00000E+00   0.000E+00 
  1.48838E+04   0.00000E+00   0.000E+00   0.00000E+00   0.000E+00   0.00000E+00   0.000E+00   0.00000E+00   0.000E+00 
  1.50862E+04   0.00000E+00   0.000E+00   0.00000E+00   0.000E+00   0.00000E+00   0.000E+00   0.00000E+00   0.000E+00 
  1.52888E+04   0.00000E+00   0.000E+00   0.00000E+00   0.000E+00   0.00000E+00   0.000E+00   0.00000E+00   0.000E+00 
  1.54912E+04   0.00000E+00   0.000E+00   0.00000E+00   0.000E+00   0.00000E+00   0.000E+00   0.00000E+00   0.000E+00 
  1.56938E+04   0.00000E+00   0.000E+00   0.00000E+00   0.000E+00   0.00000E+00   0.000E+00   0.00000E+00   0.000E+00 
  1.58962E+04   0.00000E+00   0.000E+00   0.00000E+00   0.000E+00   0.00000E+00   0.000E+00   0.00000E+00   0.000E+00 
  1.60988E+04   0.00000E+00   0.000E+00   0.00000E+00   0.000E+00   0.00000E+00   0.000E+00   0.00000E+00   0.000E+00 
  1.63012E+04   0.00000E+00   0.000E+00   0.00000E+00   0.000E+00   0.00000E+00   0.000E+00   0.00000E+00   0.000E+00 
  1.65038E+04   0.00000E+00   0.000E+00   0.00000E+00   0.000E+00   0.00000E+00   0.000E+00   0.00000E+00   0.000E+00 
  1.67062E+04   0.00000E+00   0.000E+00   0.00000E+00   0.000E+00   0.00000E+00   0.000E+00   0.00000E+00   0.000E+00 
  1.69088E+04   0.00000E+00   0.000E+00   0.00000E+00   0.000E+00   0.00000E+00   0.000E+00   0.00000E+00   0.000E+00 
  1.71112E+04   0.00000E+00   0.000E+00   0.00000E+00   0.000E+00   0.00000E+00   0.000E+00   0.00000E+00   0.000E+00 
  1.73138E+04   0.00000E+00   0.000E+00   0.00000E+00   0.000E+00   0.00000E+00   0.000E+00   0.00000E+00   0.000E+00 
  1.75162E+04   0.00000E+00   0.000E+00   0.00000E+00   0.000E+00   0.00000E+00   0.000E+00   0.00000E+00   0.000E+00 
  1.77188E+04   0.00000E+00   0.000E+00   0.00000E+00   0.000E+00   0.00000E+00   0.000E+00   0.00000E+00   0.000E+00 
  1.79212E+04   0.00000E+00   0.000E+00   0.00000E+00   0.000E+00   0.00000E+00   0.000E+00   0.00000E+00   0.000E+00 
  1.81238E+04   0.00000E+00   0.000E+00   0.00000E+00   0.000E+00   0.00000E+00   0.000E+00   0.00000E+00   0.000E+00 
  1.83262E+04   0.00000E+00   0.000E+00   0.00000E+00   0.000E+00   0.00000E+00   0.000E+00   0.00000E+00   0.000E+00 
  1.85288E+04   0.00000E+00   0.000E+00   0.00000E+00   0.000E+00   0.00000E+00   0.000E+00   0.00000E+00   0.000E+00 
  1.87312E+04   0.00000E+00   0.000E+00   0.00000E+00   0.000E+00   0.00000E+00   0.000E+00   0.00000E+00   0.000E+00 
  1.89338E+04   0.00000E+00   0.000E+00   0.00000E+00   0.000E+00   0.00000E+00   0.000E+00   0.00000E+00   0.000E+00 
  1.91362E+04   0.00000E+00   0.000E+00   0.00000E+00   0.000E+00   0.00000E+00   0.000E+00   0.00000E+00   0.000E+00 
  1.93388E+04   0.00000E+00   0.000E+00   0.00000E+00   0.000E+00   0.00000E+00   0.000E+00   0.00000E+00   0.000E+00 
  1.95412E+04   0.00000E+00   0.000E+00   0.00000E+00   0.000E+00   0.00000E+00   0.000E+00   0.00000E+00   0.000E+00 
  1.97438E+04   0.00000E+00   0.000E+00   0.00000E+00   0.000E+00   0.00000E+00   0.000E+00   0.00000E+00   0.000E+00 
  1.99462E+04   0.00000E+00   0.000E+00   0.00000E+00   0.000E+00   0.00000E+00   0.000E+00   0.00000E+00   0.000E+00 
  2.01488E+04   0.00000E+00   0.000E+00   0.00000E+00   0.000E+00   0.00000E+00   0.000E+00   0.00000E+00   0.000E+00 
  2.03512E+04   0.00000E+00   0.000E+00   0.00000E+00   0.000E+00   0.00000E+00   0.000E+00   0.00000E+00   0.000E+00 
  2.05538E+04   0.00000E+00   0.000E+00   0.00000E+00   0.000E+00   0.00000E+00   0.000E+00   0.00000E+00   0.000E+00 
  2.07562E+04   0.00000E+00   0.000E+00   0.00000E+00   0.000E+00   0.00000E+00   0.000E+00   0.00000E+00   0.000E+00 
  2.09588E+04   0.00000E+00   0.000E+00   0.00000E+00   0.000E+00   0.00000E+00   0.000E+00   0.00000E+00   0.000E+00 
  2.11612E+04   0.00000E+00   0.000E+00   0.00000E+00   0.000E+00   0.00000E+00   0.000E+00   0.00000E+00   0.000E+00 
  2.13638E+04   0.00000E+00   0.000E+00   0.00000E+00   0.000E+00   0.00000E+00   0.000E+00   0.00000E+00   0.000E+00 
  2.15662E+04   0.00000E+00   0.000E+00   0.00000E+00   0.000E+00   0.00000E+00   0.000E+00   0.00000E+00   0.000E+00 
  2.17688E+04   0.00000E+00   0.000E+00   0.00000E+00   0.000E+00   0.00000E+00   0.000E+00   0.00000E+00   0.000E+00 
  2.19712E+04   0.00000E+00   0.000E+00   0.00000E+00   0.000E+00   0.00000E+00   0.000E+00   0.00000E+00   0.000E+00 
  2.21738E+04   0.00000E+00   0.000E+00   0.00000E+00   0.000E+00   0.00000E+00   0.000E+00   0.00000E+00   0.000E+00 
  2.23762E+04   0.00000E+00   0.000E+00   0.00000E+00   0.000E+00   0.00000E+00   0.000E+00   0.00000E+00   0.000E+00 
  2.25788E+04   0.00000E+00   0.000E+00   0.00000E+00   0.000E+00   0.00000E+00   0.000E+00   0.00000E+00   0.000E+00 
  2.27812E+04   0.00000E+00   0.000E+00   0.00000E+00   0.000E+00   0.00000E+00   0.000E+00   0.00000E+00   0.000E+00 
  2.29838E+04   0.00000E+00   0.000E+00   0.00000E+00   0.000E+00   0.00000E+00   0.000E+00   0.00000E+00   0.000E+00 
  2.31862E+04   0.00000E+00   0.000E+00   0.00000E+00   0.000E+00   0.00000E+00   0.000E+00   0.00000E+00   0.000E+00 
  2.33888E+04   0.00000E+00   0.000E+00   0.00000E+00   0.000E+00   0.00000E+00   0.000E+00   0.00000E+00   0.000E+00 
  2.35912E+04   0.00000E+00   0.000E+00   0.00000E+00   0.000E+00   0.00000E+00   0.000E+00   0.00000E+00   0.000E+00 
  2.37938E+04   0.00000E+00   0.000E+00   0.00000E+00   0.000E+00   0.00000E+00   0.000E+00   0.00000E+00   0.000E+00 
  2.39962E+04   0.00000E+00   0.000E+00   0.00000E+00   0.000E+00   0.00000E+00   0.000E+00   0.00000E+00   0.000E+00 
  2.41988E+04   0.00000E+00   0.000E+00   0.00000E+00   0.000E+00   0.00000E+00   0.000E+00   0.00000E+00   0.000E+00 
  2.44012E+04   0.00000E+00   0.000E+00   0.00000E+00   0.000E+00   0.00000E+00   0.000E+00   0.00000E+00   0.000E+00 
  2.46038E+04   0.00000E+00   0.000E+00   0.00000E+00   0.000E+00   0.00000E+00   0.000E+00   0.00000E+00   0.000E+00 
  2.48062E+04   0.00000E+00   0.000E+00   0.00000E+00   0.000E+00   0.00000E+00   0.000E+00   0.00000E+00   0.000E+00 
  2.50088E+04   0.00000E+00   0.000E+00   0.00000E+00   0.000E+00   0.00000E+00   0.000E+00   0.00000E+00   0.000E+00 
  2.52112E+04   0.00000E+00   0.000E+00   0.00000E+00   0.000E+00   0.00000E+00   0.000E+00   0.00000E+00   0.000E+00 
  2.54138E+04   0.00000E+00   0.000E+00   0.00000E+00   0.000E+00   0.00000E+00   0.000E+00   0.00000E+00   0.000E+00 
  2.56162E+04   0.00000E+00   0.000E+00   0.00000E+00   0.000E+00   0.00000E+00   0.000E+00   0.00000E+00   0.000E+00 
  2.58188E+04   0.00000E+00   0.000E+00   0.00000E+00   0.000E+00   0.00000E+00   0.000E+00   0.00000E+00   0.000E+00 
  2.60212E+04   0.00000E+00   0.000E+00   0.00000E+00   0.000E+00   0.00000E+00   0.000E+00   0.00000E+00   0.000E+00 
  2.62238E+04   0.00000E+00   0.000E+00   0.00000E+00   0.000E+00   0.00000E+00   0.000E+00   0.00000E+00   0.000E+00 
  2.64262E+04   0.00000E+00   0.000E+00   0.00000E+00   0.000E+00   0.00000E+00   0.000E+00   0.00000E+00   0.000E+00 
  2.66288E+04   0.00000E+00   0.000E+00   0.00000E+00   0.000E+00   0.00000E+00   0.000E+00   0.00000E+00   0.000E+00 
  2.68312E+04   0.00000E+00   0.000E+00   0.00000E+00   0.000E+00   0.00000E+00   0.000E+00   0.00000E+00   0.000E+00 
  2.70338E+04   0.00000E+00   0.000E+00   0.00000E+00   0.000E+00   0.00000E+00   0.000E+00   0.00000E+00   0.000E+00 
  2.72362E+04   0.00000E+00   0.000E+00   0.00000E+00   0.000E+00   0.00000E+00   0.000E+00   0.00000E+00   0.000E+00 
  2.74388E+04   0.00000E+00   0.000E+00   0.00000E+00   0.000E+00   0.00000E+00   0.000E+00   0.00000E+00   0.000E+00 
  2.76412E+04   0.00000E+00   0.000E+00   0.00000E+00   0.000E+00   0.00000E+00   0.000E+00   0.00000E+00   0.000E+00 
  2.78438E+04   0.00000E+00   0.000E+00   0.00000E+00   0.000E+00   0.00000E+00   0.000E+00   0.00000E+00   0.000E+00 
  2.80462E+04   0.00000E+00   0.000E+00   0.00000E+00   0.000E+00   0.00000E+00   0.000E+00   0.00000E+00   0.000E+00 
  2.82488E+04   0.00000E+00   0.000E+00   0.00000E+00   0.000E+00   0.00000E+00   0.000E+00   0.00000E+00   0.000E+00 
  2.84512E+04   0.00000E+00   0.000E+00   0.00000E+00   0.000E+00   0.00000E+00   0.000E+00   0.00000E+00   0.000E+00 
  2.86538E+04   0.00000E+00   0.000E+00   0.00000E+00   0.000E+00   0.00000E+00   0.000E+00   0.00000E+00   0.000E+00 
  2.88562E+04   0.00000E+00   0.000E+00   0.00000E+00   0.000E+00   0.00000E+00   0.000E+00   0.00000E+00   0.000E+00 
  2.90588E+04   0.00000E+00   0.000E+00   0.00000E+00   0.000E+00   0.00000E+00   0.000E+00   0.00000E+00   0.000E+00 
  2.92612E+04   0.00000E+00   0.000E+00   0.00000E+00   0.000E+00   0.00000E+00   0.000E+00   0.00000E+00   0.000E+00 
  2.94638E+04   0.00000E+00   0.000E+00   0.00000E+00   0.000E+00   0.00000E+00   0.000E+00   0.00000E+00   0.000E+00 
  2.96662E+04   0.00000E+00   0.000E+00   0.00000E+00   0.000E+00   0.00000E+00   0.000E+00   0.00000E+00   0.000E+00 
  2.98688E+04   0.00000E+00   0.000E+00   0.00000E+00   0.000E+00   0.00000E+00   0.000E+00   0.00000E+00   0.000E+00 
  3.00712E+04   0.00000E+00   0.000E+00   0.00000E+00   0.000E+00   0.00000E+00   0.000E+00   0.00000E+00   0.000E+00 
  3.02738E+04   0.00000E+00   0.000E+00   0.00000E+00   0.000E+00   0.00000E+00   0.000E+00   0.00000E+00   0.000E+00 
  3.04762E+04   0.00000E+00   0.000E+00   0.00000E+00   0.000E+00   0.00000E+00   0.000E+00   0.00000E+00   0.000E+00 
  3.06788E+04   0.00000E+00   0.000E+00   0.00000E+00   0.000E+00   0.00000E+00   0.000E+00   0.00000E+00   0.000E+00 
  3.08812E+04   0.00000E+00   0.000E+00   0.00000E+00   0.000E+00   0.00000E+00   0.000E+00   0.00000E+00   0.000E+00 
  3.10838E+04   0.00000E+00   0.000E+00   0.00000E+00   0.000E+00   0.00000E+00   0.000E+00   0.00000E+00   0.000E+00 
  3.12862E+04   0.00000E+00   0.000E+00   0.00000E+00   0.000E+00   0.00000E+00   0.000E+00   0.00000E+00   0.000E+00 
  3.14888E+04   0.00000E+00   0.000E+00   0.00000E+00   0.000E+00   0.00000E+00   0.000E+00   0.00000E+00   0.000E+00 
  3.16912E+04   0.00000E+00   0.000E+00   0.00000E+00   0.000E+00   0.00000E+00   0.000E+00   0.00000E+00   0.000E+00 
  3.18938E+04   0.00000E+00   0.000E+00   0.00000E+00   0.000E+00   0.00000E+00   0.000E+00   0.00000E+00   0.000E+00 
  3.20962E+04   0.00000E+00   0.000E+00   0.00000E+00   0.000E+00   0.00000E+00   0.000E+00   0.00000E+00   0.000E+00 
  3.22988E+04   0.00000E+00   0.000E+00   0.00000E+00   0.000E+00   0.00000E+00   0.000E+00   0.00000E+00   0.000E+00 
  3.25012E+04   0.00000E+00   0.000E+00   0.00000E+00   0.000E+00   0.00000E+00   0.000E+00   0.00000E+00   0.000E+00 
  3.27038E+04   0.00000E+00   0.000E+00   0.00000E+00   0.000E+00   0.00000E+00   0.000E+00   0.00000E+00   0.000E+00 
  3.29062E+04   0.00000E+00   0.000E+00   0.00000E+00   0.000E+00   0.00000E+00   0.000E+00   0.00000E+00   0.000E+00 
  3.31088E+04   0.00000E+00   0.000E+00   0.00000E+00   0.000E+00   0.00000E+00   0.000E+00   0.00000E+00   0.000E+00 
  3.33112E+04   0.00000E+00   0.000E+00   0.00000E+00   0.000E+00   0.00000E+00   0.000E+00   0.00000E+00   0.000E+00 
  3.35138E+04   0.00000E+00   0.000E+00   0.00000E+00   0.000E+00   0.00000E+00   0.000E+00   0.00000E+00   0.000E+00 
  3.37162E+04   0.00000E+00   0.000E+00   0.00000E+00   0.000E+00   0.00000E+00   0.000E+00   0.00000E+00   0.000E+00 
  3.39188E+04   0.00000E+00   0.000E+00   0.00000E+00   0.000E+00   0.00000E+00   0.000E+00   0.00000E+00   0.000E+00 
  3.41212E+04   0.00000E+00   0.000E+00   0.00000E+00   0.000E+00   0.00000E+00   0.000E+00   0.00000E+00   0.000E+00 
  3.43238E+04   0.00000E+00   0.000E+00   0.00000E+00   0.000E+00   0.00000E+00   0.000E+00   0.00000E+00   0.000E+00 
  3.45262E+04   0.00000E+00   0.000E+00   0.00000E+00   0.000E+00   0.00000E+00   0.000E+00   0.00000E+00   0.000E+00 
  3.47288E+04   0.00000E+00   0.000E+00   0.00000E+00   0.000E+00   0.00000E+00   0.000E+00   0.00000E+00   0.000E+00 
  3.49312E+04   0.00000E+00   0.000E+00   0.00000E+00   0.000E+00   0.00000E+00   0.000E+00   0.00000E+00   0.000E+00 
  3.51338E+04   0.00000E+00   0.000E+00   0.00000E+00   0.000E+00   0.00000E+00   0.000E+00   0.00000E+00   0.000E+00 
  3.53362E+04   0.00000E+00   0.000E+00   0.00000E+00   0.000E+00   0.00000E+00   0.000E+00   0.00000E+00   0.000E+00 
  3.55388E+04   0.00000E+00   0.000E+00   0.00000E+00   0.000E+00   0.00000E+00   0.000E+00   0.00000E+00   0.000E+00 
  3.57412E+04   0.00000E+00   0.000E+00   0.00000E+00   0.000E+00   0.00000E+00   0.000E+00   0.00000E+00   0.000E+00 
  3.59438E+04   0.00000E+00   0.000E+00   0.00000E+00   0.000E+00   0.00000E+00   0.000E+00   0.00000E+00   0.000E+00 
  3.61462E+04   0.00000E+00   0.000E+00   0.00000E+00   0.000E+00   0.00000E+00   0.000E+00   0.00000E+00   0.000E+00 
  3.63488E+04   0.00000E+00   0.000E+00   0.00000E+00   0.000E+00   0.00000E+00   0.000E+00   0.00000E+00   0.000E+00 
  3.65512E+04   0.00000E+00   0.000E+00   0.00000E+00   0.000E+00   0.00000E+00   0.000E+00   0.00000E+00   0.000E+00 
  3.67538E+04   0.00000E+00   0.000E+00   0.00000E+00   0.000E+00   0.00000E+00   0.000E+00   0.00000E+00   0.000E+00 
  3.69562E+04   0.00000E+00   0.000E+00   0.00000E+00   0.000E+00   0.00000E+00   0.000E+00   0.00000E+00   0.000E+00 
  3.71588E+04   0.00000E+00   0.000E+00   0.00000E+00   0.000E+00   0.00000E+00   0.000E+00   0.00000E+00   0.000E+00 
  3.73612E+04   0.00000E+00   0.000E+00   0.00000E+00   0.000E+00   0.00000E+00   0.000E+00   0.00000E+00   0.000E+00 
  3.75638E+04   0.00000E+00   0.000E+00   0.00000E+00   0.000E+00   0.00000E+00   0.000E+00   0.00000E+00   0.000E+00 
  3.77662E+04   0.00000E+00   0.000E+00   0.00000E+00   0.000E+00   0.00000E+00   0.000E+00   0.00000E+00   0.000E+00 
  3.79688E+04   0.00000E+00   0.000E+00   0.00000E+00   0.000E+00   0.00000E+00   0.000E+00   0.00000E+00   0.000E+00 
  3.81712E+04   0.00000E+00   0.000E+00   0.00000E+00   0.000E+00   0.00000E+00   0.000E+00   0.00000E+00   0.000E+00 
  3.83738E+04   0.00000E+00   0.000E+00   0.00000E+00   0.000E+00   0.00000E+00   0.000E+00   0.00000E+00   0.000E+00 
  3.85762E+04   0.00000E+00   0.000E+00   0.00000E+00   0.000E+00   0.00000E+00   0.000E+00   0.00000E+00   0.000E+00 
  3.87788E+04   0.00000E+00   0.000E+00   0.00000E+00   0.000E+00   0.00000E+00   0.000E+00   0.00000E+00   0.000E+00 
  3.89812E+04   0.00000E+00   0.000E+00   0.00000E+00   0.000E+00   0.00000E+00   0.000E+00   0.00000E+00   0.000E+00 
  3.91838E+04   0.00000E+00   0.000E+00   0.00000E+00   0.000E+00   0.00000E+00   0.000E+00   0.00000E+00   0.000E+00 
  3.93862E+04   0.00000E+00   0.000E+00   0.00000E+00   0.000E+00   0.00000E+00   0.000E+00   0.00000E+00   0.000E+00 
  3.95888E+04   0.00000E+00   0.000E+00   0.00000E+00   0.000E+00   0.00000E+00   0.000E+00   0.00000E+00   0.000E+00 
  3.97912E+04   0.00000E+00   0.000E+00   0.00000E+00   0.000E+00   0.00000E+00   0.000E+00   0.00000E+00   0.000E+00 
  3.99938E+04   4.93827E-03   4.518E-15   4.93827E-03   4.518E-15   0.00000E+00   0.000E+00   0.00000E+00   0.000E+00 
  4.01962E+04   0.00000E+00   0.000E+00   0.00000E+00   0.000E+00   0.00000E+00   0.000E+00   0.00000E+00   0.000E+00 
  4.03988E+04   0.00000E+00   0.000E+00   0.00000E+00   0.000E+00   0.00000E+00   0.000E+00   0.00000E+00   0.000E+00 
