#>>>>>>>>>>>>>>>>>>>>>>>>>>>>>>>>>>>>>>>>>>>>>>>>>>>>>>>>>>>>
# [SECTION REPORT FLUENCE SPECTRUM]
#
# The spectral fluence is integrated over the detector volume, its units are cm^3/(cm^2*eV)=cm/eV.
#
# Detection body:
#  1
# Number of energy bins:
#  200
# Linear energy scale, bin width (eV):
#   2.02500E+02
#
# For plotting purposes, two energies per bin are given, namely, the low end and the middle point of each bin.
#
#                                 |        Total fluence      |             electron      |                gamma      |             positron      |
#                                 |                           |                           |                           |                           |
# nbin :  Elow(eV)  : Emiddle(eV) | fluence(cm/eV) : +-2sigma | fluence(cm/eV) : +-2sigma | fluence(cm/eV) : +-2sigma | fluence(cm/eV) : +-2sigma | 
     0   0.00000E+00  1.01250E+02     0.00000E+00     0.0E+00     0.00000E+00     0.0E+00     0.00000E+00     0.0E+00     0.00000E+00     0.0E+00   
     1   2.02500E+02  3.03750E+02     0.00000E+00     0.0E+00     0.00000E+00     0.0E+00     0.00000E+00     0.0E+00     0.00000E+00     0.0E+00   
     2   4.05000E+02  5.06250E+02     6.62343E-14     5.5E-16     6.62343E-14     5.5E-16     0.00000E+00     0.0E+00     0.00000E+00     0.0E+00   
     3   6.07500E+02  7.08750E+02     2.30060E-11     1.8E-14     2.30060E-11     1.8E-14     0.00000E+00     0.0E+00     0.00000E+00     0.0E+00   
     4   8.10000E+02  9.11250E+02     9.10237E-10     2.2E-13     9.07812E-10     2.0E-13     2.42518E-12     1.0E-13     0.00000E+00     0.0E+00   
     5   1.01250E+03  1.11375E+03     6.92275E-09     1.2E-12     6.83898E-09     1.0E-12     8.37614E-11     6.5E-13     0.00000E+00     0.0E+00   
     6   1.21500E+03  1.31625E+03     6.83240E-09     1.2E-12     6.78384E-09     1.0E-12     4.85621E-11     6.0E-13     0.00000E+00     0.0E+00   
     7   1.41750E+03  1.51875E+03     6.51906E-09     1.3E-12     6.46123E-09     1.1E-12     5.78216E-11     7.8E-13     0.00000E+00     0.0E+00   
     8   1.62000E+03  1.72125E+03     6.26256E-09     1.5E-12     6.19581E-09     1.1E-12     6.67517E-11     9.6E-13     0.00000E+00     0.0E+00   
     9   1.82250E+03  1.92375E+03     6.13978E-09     1.6E-12     6.06165E-09     1.1E-12     7.81214E-11     1.2E-12     0.00000E+00     0.0E+00   
    10   2.02500E+03  2.12625E+03     6.05984E-09     1.8E-12     5.97157E-09     1.1E-12     8.82650E-11     1.4E-12     0.00000E+00     0.0E+00   
    11   2.22750E+03  2.32875E+03     5.91978E-09     2.1E-12     5.82095E-09     1.2E-12     9.88257E-11     1.7E-12     0.00000E+00     0.0E+00   
    12   2.43000E+03  2.53125E+03     5.79498E-09     2.3E-12     5.68458E-09     1.2E-12     1.10401E-10     2.0E-12     0.00000E+00     0.0E+00   
    13   2.63250E+03  2.73375E+03     5.68209E-09     2.6E-12     5.56100E-09     1.2E-12     1.21089E-10     2.3E-12     0.00000E+00     0.0E+00   
    14   2.83500E+03  2.93625E+03     5.58263E-09     2.9E-12     5.45048E-09     1.2E-12     1.32145E-10     2.6E-12     0.00000E+00     0.0E+00   
    15   3.03750E+03  3.13875E+03     5.49402E-09     3.2E-12     5.35072E-09     1.2E-12     1.43297E-10     2.9E-12     0.00000E+00     0.0E+00   
    16   3.24000E+03  3.34125E+03     5.41513E-09     3.5E-12     5.26055E-09     1.2E-12     1.54581E-10     3.3E-12     0.00000E+00     0.0E+00   
    17   3.44250E+03  3.54375E+03     5.34283E-09     3.9E-12     5.18102E-09     1.2E-12     1.61810E-10     3.7E-12     0.00000E+00     0.0E+00   
    18   3.64500E+03  3.74625E+03     5.28258E-09     4.3E-12     5.10981E-09     1.3E-12     1.72761E-10     4.1E-12     0.00000E+00     0.0E+00   
    19   3.84750E+03  3.94875E+03     5.23068E-09     4.7E-12     5.04728E-09     1.3E-12     1.83397E-10     4.5E-12     0.00000E+00     0.0E+00   
    20   4.05000E+03  4.15125E+03     5.17911E-09     4.9E-12     4.99294E-09     1.3E-12     1.86169E-10     4.8E-12     0.00000E+00     0.0E+00   
    21   4.25250E+03  4.35375E+03     5.15406E-09     5.5E-12     4.94859E-09     1.3E-12     2.05467E-10     5.4E-12     0.00000E+00     0.0E+00   
    22   4.45500E+03  4.55625E+03     5.12552E-09     6.0E-12     4.91378E-09     1.3E-12     2.11739E-10     5.8E-12     0.00000E+00     0.0E+00   
    23   4.65750E+03  4.75875E+03     5.11668E-09     6.5E-12     4.89166E-09     1.3E-12     2.25018E-10     6.4E-12     0.00000E+00     0.0E+00   
    24   4.86000E+03  4.96125E+03     5.11845E-09     7.2E-12     4.87973E-09     1.3E-12     2.38716E-10     7.0E-12     0.00000E+00     0.0E+00   
    25   5.06250E+03  5.16375E+03     5.13199E-09     7.7E-12     4.88066E-09     1.4E-12     2.51335E-10     7.6E-12     0.00000E+00     0.0E+00   
    26   5.26500E+03  5.36625E+03     5.14716E-09     8.1E-12     4.89495E-09     1.4E-12     2.52218E-10     7.9E-12     0.00000E+00     0.0E+00   
    27   5.46750E+03  5.56875E+03     5.19064E-09     8.8E-12     4.92548E-09     1.4E-12     2.65159E-10     8.6E-12     0.00000E+00     0.0E+00   
    28   5.67000E+03  5.77125E+03     5.23990E-09     9.3E-12     4.96845E-09     1.4E-12     2.71454E-10     9.2E-12     0.00000E+00     0.0E+00   
    29   5.87250E+03  5.97375E+03     5.30859E-09     1.0E-11     5.01520E-09     1.5E-12     2.93392E-10     1.0E-11     0.00000E+00     0.0E+00   
    30   6.07500E+03  6.17625E+03     5.36720E-09     1.1E-11     5.06813E-09     1.5E-12     2.99068E-10     1.1E-11     0.00000E+00     0.0E+00   
    31   6.27750E+03  6.37875E+03     5.42922E-09     1.1E-11     5.12412E-09     1.5E-12     3.05101E-10     1.1E-11     0.00000E+00     0.0E+00   
    32   6.48000E+03  6.58125E+03     5.50477E-09     1.2E-11     5.18188E-09     1.5E-12     3.22891E-10     1.2E-11     0.00000E+00     0.0E+00   
    33   6.68250E+03  6.78375E+03     5.57007E-09     1.3E-11     5.23414E-09     1.6E-12     3.35937E-10     1.3E-11     0.00000E+00     0.0E+00   
    34   6.88500E+03  6.98625E+03     5.63750E-09     1.3E-11     5.29320E-09     1.6E-12     3.44306E-10     1.3E-11     0.00000E+00     0.0E+00   
    35   7.08750E+03  7.18875E+03     5.62957E-09     1.4E-11     5.28686E-09     1.6E-12     3.42709E-10     1.4E-11     0.00000E+00     0.0E+00   
    36   7.29000E+03  7.39125E+03     5.71207E-09     1.5E-11     5.34383E-09     1.6E-12     3.68245E-10     1.5E-11     0.00000E+00     0.0E+00   
    37   7.49250E+03  7.59375E+03     5.77445E-09     1.5E-11     5.40254E-09     1.7E-12     3.71913E-10     1.5E-11     0.00000E+00     0.0E+00   
    38   7.69500E+03  7.79625E+03     5.87625E-09     1.7E-11     5.46078E-09     1.7E-12     4.15471E-10     1.7E-11     0.00000E+00     0.0E+00   
    39   7.89750E+03  7.99875E+03     4.27577E-08     1.6E-10     5.51291E-09     1.7E-12     3.72448E-08     1.6E-10     0.00000E+00     0.0E+00   
    40   8.10000E+03  8.20125E+03     5.96436E-09     1.8E-11     5.54742E-09     1.7E-12     4.16940E-10     1.8E-11     0.00000E+00     0.0E+00   
    41   8.30250E+03  8.40375E+03     6.03625E-09     1.9E-11     5.60729E-09     1.7E-12     4.28956E-10     1.9E-11     0.00000E+00     0.0E+00   
    42   8.50500E+03  8.60625E+03     6.10863E-09     1.9E-11     5.66699E-09     1.8E-12     4.41643E-10     1.9E-11     0.00000E+00     0.0E+00   
    43   8.70750E+03  8.80875E+03     1.17814E-08     7.4E-11     5.72931E-09     1.8E-12     6.05206E-09     7.4E-11     0.00000E+00     0.0E+00   
    44   8.91000E+03  9.01125E+03     6.00090E-09     1.2E-11     5.78881E-09     1.8E-12     2.12095E-10     1.2E-11     0.00000E+00     0.0E+00   
    45   9.11250E+03  9.21375E+03     5.92611E-09     3.7E-12     5.85009E-09     1.8E-12     7.60156E-11     3.2E-12     0.00000E+00     0.0E+00   
    46   9.31500E+03  9.41625E+03     5.98907E-09     3.8E-12     5.91189E-09     1.9E-12     7.71807E-11     3.4E-12     0.00000E+00     0.0E+00   
    47   9.51750E+03  9.61875E+03     6.05826E-09     4.0E-12     5.97782E-09     1.9E-12     8.04432E-11     3.6E-12     0.00000E+00     0.0E+00   
    48   9.72000E+03  9.82125E+03     6.12162E-09     4.1E-12     6.04265E-09     1.9E-12     7.89666E-11     3.6E-12     0.00000E+00     0.0E+00   
    49   9.92250E+03  1.00238E+04     6.19362E-09     4.4E-12     6.10966E-09     1.9E-12     8.39645E-11     3.9E-12     0.00000E+00     0.0E+00   
    50   1.01250E+04  1.02262E+04     6.25757E-09     4.4E-12     6.17481E-09     2.0E-12     8.27545E-11     3.9E-12     0.00000E+00     0.0E+00   
    51   1.03275E+04  1.04288E+04     6.32437E-09     4.5E-12     6.24154E-09     2.0E-12     8.28292E-11     4.1E-12     0.00000E+00     0.0E+00   
    52   1.05300E+04  1.06312E+04     6.39710E-09     4.7E-12     6.31065E-09     2.0E-12     8.64505E-11     4.2E-12     0.00000E+00     0.0E+00   
    53   1.07325E+04  1.08338E+04     6.46272E-09     4.8E-12     6.37637E-09     2.0E-12     8.63480E-11     4.4E-12     0.00000E+00     0.0E+00   
    54   1.09350E+04  1.10362E+04     6.53344E-09     4.9E-12     6.44618E-09     2.1E-12     8.72604E-11     4.5E-12     0.00000E+00     0.0E+00   
    55   1.11375E+04  1.12388E+04     6.60149E-09     5.1E-12     6.51304E-09     2.1E-12     8.84459E-11     4.7E-12     0.00000E+00     0.0E+00   
    56   1.13400E+04  1.14412E+04     6.66880E-09     5.0E-12     6.58202E-09     2.1E-12     8.67793E-11     4.6E-12     0.00000E+00     0.0E+00   
    57   1.15425E+04  1.16438E+04     6.74101E-09     5.3E-12     6.65177E-09     2.1E-12     8.92460E-11     4.8E-12     0.00000E+00     0.0E+00   
    58   1.17450E+04  1.18462E+04     6.81364E-09     5.5E-12     6.72068E-09     2.2E-12     9.29618E-11     5.0E-12     0.00000E+00     0.0E+00   
    59   1.19475E+04  1.20488E+04     6.88092E-09     5.6E-12     6.78994E-09     2.2E-12     9.09839E-11     5.2E-12     0.00000E+00     0.0E+00   
    60   1.21500E+04  1.22512E+04     6.96195E-09     6.2E-12     6.86210E-09     2.2E-12     9.98588E-11     5.7E-12     0.00000E+00     0.0E+00   
    61   1.23525E+04  1.24538E+04     7.02357E-09     6.0E-12     6.93036E-09     2.2E-12     9.32088E-11     5.5E-12     0.00000E+00     0.0E+00   
    62   1.25550E+04  1.26562E+04     7.10008E-09     6.2E-12     7.00220E-09     2.3E-12     9.78809E-11     5.8E-12     0.00000E+00     0.0E+00   
    63   1.27575E+04  1.28588E+04     7.17433E-09     6.4E-12     7.07440E-09     2.3E-12     9.99369E-11     5.9E-12     0.00000E+00     0.0E+00   
    64   1.29600E+04  1.30612E+04     7.23892E-09     6.3E-12     7.14586E-09     2.3E-12     9.30602E-11     5.8E-12     0.00000E+00     0.0E+00   
    65   1.31625E+04  1.32638E+04     7.32155E-09     6.7E-12     7.21766E-09     2.3E-12     1.03889E-10     6.2E-12     0.00000E+00     0.0E+00   
    66   1.33650E+04  1.34662E+04     7.39475E-09     6.8E-12     7.29141E-09     2.4E-12     1.03334E-10     6.4E-12     0.00000E+00     0.0E+00   
    67   1.35675E+04  1.36688E+04     7.46510E-09     6.9E-12     7.36251E-09     2.4E-12     1.02593E-10     6.5E-12     0.00000E+00     0.0E+00   
    68   1.37700E+04  1.38712E+04     7.54967E-09     7.5E-12     7.43768E-09     2.4E-12     1.11986E-10     7.1E-12     0.00000E+00     0.0E+00   
    69   1.39725E+04  1.40738E+04     7.62048E-09     7.4E-12     7.51262E-09     2.5E-12     1.07860E-10     7.0E-12     0.00000E+00     0.0E+00   
    70   1.41750E+04  1.42762E+04     7.69339E-09     7.5E-12     7.58456E-09     2.5E-12     1.08830E-10     7.1E-12     0.00000E+00     0.0E+00   
    71   1.43775E+04  1.44788E+04     7.76691E-09     7.7E-12     7.65930E-09     2.5E-12     1.07610E-10     7.3E-12     0.00000E+00     0.0E+00   
    72   1.45800E+04  1.46812E+04     7.84336E-09     7.9E-12     7.73330E-09     2.5E-12     1.10057E-10     7.5E-12     0.00000E+00     0.0E+00   
    73   1.47825E+04  1.48838E+04     7.91739E-09     7.9E-12     7.80729E-09     2.6E-12     1.10095E-10     7.5E-12     0.00000E+00     0.0E+00   
    74   1.49850E+04  1.50862E+04     7.99528E-09     8.1E-12     7.88393E-09     2.6E-12     1.11356E-10     7.7E-12     0.00000E+00     0.0E+00   
    75   1.51875E+04  1.52888E+04     8.07561E-09     8.4E-12     7.96063E-09     2.6E-12     1.14982E-10     8.0E-12     0.00000E+00     0.0E+00   
    76   1.53900E+04  1.54912E+04     8.15258E-09     8.5E-12     8.03726E-09     2.6E-12     1.15322E-10     8.1E-12     0.00000E+00     0.0E+00   
    77   1.55925E+04  1.56938E+04     8.22400E-09     8.5E-12     8.11387E-09     2.7E-12     1.10130E-10     8.1E-12     0.00000E+00     0.0E+00   
    78   1.57950E+04  1.58962E+04     8.30025E-09     8.4E-12     8.19274E-09     2.7E-12     1.07509E-10     7.9E-12     0.00000E+00     0.0E+00   
    79   1.59975E+04  1.60988E+04     8.38302E-09     8.7E-12     8.26813E-09     2.7E-12     1.14890E-10     8.3E-12     0.00000E+00     0.0E+00   
    80   1.62000E+04  1.63012E+04     8.46094E-09     8.9E-12     8.34651E-09     2.7E-12     1.14427E-10     8.5E-12     0.00000E+00     0.0E+00   
    81   1.64025E+04  1.65038E+04     8.54252E-09     9.0E-12     8.42591E-09     2.8E-12     1.16609E-10     8.6E-12     0.00000E+00     0.0E+00   
    82   1.66050E+04  1.67062E+04     8.61800E-09     9.0E-12     8.50500E-09     2.8E-12     1.12998E-10     8.6E-12     0.00000E+00     0.0E+00   
    83   1.68075E+04  1.69088E+04     8.69924E-09     9.5E-12     8.58244E-09     2.8E-12     1.16806E-10     9.1E-12     0.00000E+00     0.0E+00   
    84   1.70100E+04  1.71112E+04     8.79013E-09     1.0E-11     8.66734E-09     2.8E-12     1.22792E-10     9.6E-12     0.00000E+00     0.0E+00   
    85   1.72125E+04  1.73138E+04     8.86811E-09     1.0E-11     8.74605E-09     2.9E-12     1.22054E-10     9.7E-12     0.00000E+00     0.0E+00   
    86   1.74150E+04  1.75162E+04     8.94655E-09     9.7E-12     8.82827E-09     2.9E-12     1.18277E-10     9.3E-12     0.00000E+00     0.0E+00   
    87   1.76175E+04  1.77188E+04     9.03066E-09     1.0E-11     8.90777E-09     2.9E-12     1.22886E-10     9.6E-12     0.00000E+00     0.0E+00   
    88   1.78200E+04  1.79212E+04     9.10418E-09     9.8E-12     8.98979E-09     2.9E-12     1.14394E-10     9.3E-12     0.00000E+00     0.0E+00   
    89   1.80225E+04  1.81238E+04     9.19047E-09     1.0E-11     9.07207E-09     3.0E-12     1.18392E-10     9.8E-12     0.00000E+00     0.0E+00   
    90   1.82250E+04  1.83262E+04     9.27437E-09     1.0E-11     9.15697E-09     3.0E-12     1.17403E-10     9.6E-12     0.00000E+00     0.0E+00   
    91   1.84275E+04  1.85288E+04     9.35756E-09     1.1E-11     9.23828E-09     3.0E-12     1.19277E-10     1.0E-11     0.00000E+00     0.0E+00   
    92   1.86300E+04  1.87312E+04     9.45097E-09     1.1E-11     9.32108E-09     3.0E-12     1.29889E-10     1.1E-11     0.00000E+00     0.0E+00   
    93   1.88325E+04  1.89338E+04     9.52479E-09     1.1E-11     9.40520E-09     3.1E-12     1.19586E-10     1.0E-11     0.00000E+00     0.0E+00   
    94   1.90350E+04  1.91362E+04     9.60758E-09     1.0E-11     9.49126E-09     3.1E-12     1.16316E-10     9.9E-12     0.00000E+00     0.0E+00   
    95   1.92375E+04  1.93388E+04     9.70625E-09     1.1E-11     9.57630E-09     3.1E-12     1.29950E-10     1.1E-11     0.00000E+00     0.0E+00   
    96   1.94400E+04  1.95412E+04     9.78625E-09     1.1E-11     9.66078E-09     3.1E-12     1.25478E-10     1.1E-11     0.00000E+00     0.0E+00   
    97   1.96425E+04  1.97438E+04     9.86962E-09     1.1E-11     9.74776E-09     3.2E-12     1.21863E-10     1.1E-11     0.00000E+00     0.0E+00   
    98   1.98450E+04  1.99462E+04     9.95221E-09     1.1E-11     9.83481E-09     3.2E-12     1.17402E-10     1.1E-11     0.00000E+00     0.0E+00   
    99   2.00475E+04  2.01488E+04     1.00496E-08     1.2E-11     9.92348E-09     3.2E-12     1.26146E-10     1.1E-11     0.00000E+00     0.0E+00   
   100   2.02500E+04  2.03512E+04     1.01322E-08     1.1E-11     1.00086E-08     3.3E-12     1.23600E-10     1.1E-11     0.00000E+00     0.0E+00   
   101   2.04525E+04  2.05538E+04     1.02357E-08     1.2E-11     1.01007E-08     3.3E-12     1.34928E-10     1.2E-11     0.00000E+00     0.0E+00   
   102   2.06550E+04  2.07562E+04     1.03048E-08     1.1E-11     1.01905E-08     3.3E-12     1.14333E-10     1.0E-11     0.00000E+00     0.0E+00   
   103   2.08575E+04  2.09588E+04     1.04098E-08     1.2E-11     1.02827E-08     3.3E-12     1.27091E-10     1.2E-11     0.00000E+00     0.0E+00   
   104   2.10600E+04  2.11612E+04     1.04999E-08     1.2E-11     1.03757E-08     3.4E-12     1.24230E-10     1.2E-11     0.00000E+00     0.0E+00   
   105   2.12625E+04  2.13638E+04     1.05936E-08     1.2E-11     1.04681E-08     3.4E-12     1.25495E-10     1.2E-11     0.00000E+00     0.0E+00   
   106   2.14650E+04  2.15662E+04     1.06782E-08     1.2E-11     1.05596E-08     3.4E-12     1.18596E-10     1.1E-11     0.00000E+00     0.0E+00   
   107   2.16675E+04  2.17688E+04     1.07737E-08     1.2E-11     1.06516E-08     3.4E-12     1.22134E-10     1.1E-11     0.00000E+00     0.0E+00   
   108   2.18700E+04  2.19712E+04     1.08630E-08     1.2E-11     1.07471E-08     3.5E-12     1.15902E-10     1.1E-11     0.00000E+00     0.0E+00   
   109   2.20725E+04  2.21738E+04     1.09662E-08     1.2E-11     1.08433E-08     3.5E-12     1.22840E-10     1.2E-11     0.00000E+00     0.0E+00   
   110   2.22750E+04  2.23762E+04     1.10602E-08     1.2E-11     1.09376E-08     3.5E-12     1.22569E-10     1.2E-11     0.00000E+00     0.0E+00   
   111   2.24775E+04  2.25788E+04     1.11570E-08     1.2E-11     1.10349E-08     3.5E-12     1.22175E-10     1.2E-11     0.00000E+00     0.0E+00   
   112   2.26800E+04  2.27812E+04     1.12524E-08     1.2E-11     1.11341E-08     3.6E-12     1.18362E-10     1.2E-11     0.00000E+00     0.0E+00   
   113   2.28825E+04  2.29838E+04     1.13486E-08     1.2E-11     1.12291E-08     3.6E-12     1.19454E-10     1.2E-11     0.00000E+00     0.0E+00   
   114   2.30850E+04  2.31862E+04     1.14465E-08     1.2E-11     1.13297E-08     3.6E-12     1.16870E-10     1.2E-11     0.00000E+00     0.0E+00   
   115   2.32875E+04  2.33888E+04     1.15483E-08     1.3E-11     1.14257E-08     3.7E-12     1.22555E-10     1.2E-11     0.00000E+00     0.0E+00   
   116   2.34900E+04  2.35912E+04     1.16397E-08     1.2E-11     1.15281E-08     3.7E-12     1.11644E-10     1.1E-11     0.00000E+00     0.0E+00   
   117   2.36925E+04  2.37938E+04     1.17440E-08     1.2E-11     1.16267E-08     3.7E-12     1.17381E-10     1.2E-11     0.00000E+00     0.0E+00   
   118   2.38950E+04  2.39962E+04     1.18421E-08     1.2E-11     1.17304E-08     3.7E-12     1.11766E-10     1.2E-11     0.00000E+00     0.0E+00   
   119   2.40975E+04  2.41988E+04     1.19478E-08     1.2E-11     1.18346E-08     3.8E-12     1.13193E-10     1.2E-11     0.00000E+00     0.0E+00   
   120   2.43000E+04  2.44012E+04     1.20574E-08     1.3E-11     1.19387E-08     3.8E-12     1.18662E-10     1.2E-11     0.00000E+00     0.0E+00   
   121   2.45025E+04  2.46038E+04     1.21508E-08     1.2E-11     1.20457E-08     3.8E-12     1.05083E-10     1.1E-11     0.00000E+00     0.0E+00   
   122   2.47050E+04  2.48062E+04     1.22637E-08     1.3E-11     1.21502E-08     3.8E-12     1.13463E-10     1.2E-11     0.00000E+00     0.0E+00   
   123   2.49075E+04  2.50088E+04     1.23720E-08     1.3E-11     1.22608E-08     3.9E-12     1.11253E-10     1.2E-11     0.00000E+00     0.0E+00   
   124   2.51100E+04  2.52112E+04     1.24706E-08     1.2E-11     1.23689E-08     3.9E-12     1.01737E-10     1.1E-11     0.00000E+00     0.0E+00   
   125   2.53125E+04  2.54138E+04     1.25807E-08     1.2E-11     1.24775E-08     3.9E-12     1.03246E-10     1.2E-11     0.00000E+00     0.0E+00   
   126   2.55150E+04  2.56162E+04     1.26860E-08     1.2E-11     1.25863E-08     3.9E-12     9.96926E-11     1.1E-11     0.00000E+00     0.0E+00   
   127   2.57175E+04  2.58188E+04     1.28056E-08     1.2E-11     1.27012E-08     4.0E-12     1.04400E-10     1.2E-11     0.00000E+00     0.0E+00   
   128   2.59200E+04  2.60212E+04     1.29213E-08     1.3E-11     1.28101E-08     4.0E-12     1.11235E-10     1.2E-11     0.00000E+00     0.0E+00   
   129   2.61225E+04  2.62238E+04     1.30391E-08     1.3E-11     1.29255E-08     4.0E-12     1.13575E-10     1.2E-11     0.00000E+00     0.0E+00   
   130   2.63250E+04  2.64262E+04     1.31379E-08     1.2E-11     1.30422E-08     4.1E-12     9.56961E-11     1.1E-11     0.00000E+00     0.0E+00   
   131   2.65275E+04  2.66288E+04     1.32567E-08     1.2E-11     1.31601E-08     4.1E-12     9.66053E-11     1.1E-11     0.00000E+00     0.0E+00   
   132   2.67300E+04  2.68312E+04     1.33701E-08     1.1E-11     1.32823E-08     4.1E-12     8.78701E-11     1.1E-11     0.00000E+00     0.0E+00   
   133   2.69325E+04  2.70338E+04     1.34928E-08     1.2E-11     1.33988E-08     4.1E-12     9.40478E-11     1.1E-11     0.00000E+00     0.0E+00   
   134   2.71350E+04  2.72362E+04     1.36108E-08     1.2E-11     1.35196E-08     4.2E-12     9.11348E-11     1.1E-11     0.00000E+00     0.0E+00   
   135   2.73375E+04  2.74388E+04     1.37417E-08     1.2E-11     1.36433E-08     4.2E-12     9.83650E-11     1.2E-11     0.00000E+00     0.0E+00   
   136   2.75400E+04  2.76412E+04     1.38550E-08     1.1E-11     1.37678E-08     4.2E-12     8.71898E-11     1.1E-11     0.00000E+00     0.0E+00   
   137   2.77425E+04  2.78438E+04     1.39817E-08     1.2E-11     1.38935E-08     4.2E-12     8.82291E-11     1.1E-11     0.00000E+00     0.0E+00   
   138   2.79450E+04  2.80462E+04     1.41123E-08     1.2E-11     1.40218E-08     4.3E-12     9.05311E-11     1.1E-11     0.00000E+00     0.0E+00   
   139   2.81475E+04  2.82488E+04     1.42357E-08     1.2E-11     1.41478E-08     4.3E-12     8.78968E-11     1.1E-11     0.00000E+00     0.0E+00   
   140   2.83500E+04  2.84512E+04     1.43615E-08     1.2E-11     1.42755E-08     4.3E-12     8.59118E-11     1.1E-11     0.00000E+00     0.0E+00   
   141   2.85525E+04  2.86538E+04     1.45121E-08     1.3E-11     1.44096E-08     4.4E-12     1.02426E-10     1.2E-11     0.00000E+00     0.0E+00   
   142   2.87550E+04  2.88562E+04     1.46326E-08     1.2E-11     1.45391E-08     4.4E-12     9.35731E-11     1.2E-11     0.00000E+00     0.0E+00   
   143   2.89575E+04  2.90588E+04     1.47554E-08     1.2E-11     1.46704E-08     4.4E-12     8.49945E-11     1.1E-11     0.00000E+00     0.0E+00   
   144   2.91600E+04  2.92612E+04     1.48864E-08     1.1E-11     1.48085E-08     4.4E-12     7.79328E-11     1.0E-11     0.00000E+00     0.0E+00   
   145   2.93625E+04  2.94638E+04     1.50386E-08     1.2E-11     1.49491E-08     4.5E-12     8.95119E-11     1.1E-11     0.00000E+00     0.0E+00   
   146   2.95650E+04  2.96662E+04     1.51784E-08     1.2E-11     1.50900E-08     4.5E-12     8.83671E-11     1.1E-11     0.00000E+00     0.0E+00   
   147   2.97675E+04  2.98688E+04     1.53153E-08     1.2E-11     1.52301E-08     4.5E-12     8.51564E-11     1.1E-11     0.00000E+00     0.0E+00   
   148   2.99700E+04  3.00712E+04     1.54667E-08     1.2E-11     1.53759E-08     4.5E-12     9.07348E-11     1.2E-11     0.00000E+00     0.0E+00   
   149   3.01725E+04  3.02738E+04     1.55965E-08     1.2E-11     1.55173E-08     4.6E-12     7.92343E-11     1.1E-11     0.00000E+00     0.0E+00   
   150   3.03750E+04  3.04762E+04     1.57370E-08     1.1E-11     1.56658E-08     4.6E-12     7.12688E-11     1.0E-11     0.00000E+00     0.0E+00   
   151   3.05775E+04  3.06788E+04     1.58944E-08     1.2E-11     1.58158E-08     4.6E-12     7.86146E-11     1.1E-11     0.00000E+00     0.0E+00   
   152   3.07800E+04  3.08812E+04     1.60317E-08     1.1E-11     1.59636E-08     4.7E-12     6.80075E-11     1.0E-11     0.00000E+00     0.0E+00   
   153   3.09825E+04  3.10838E+04     1.61929E-08     1.1E-11     1.61228E-08     4.7E-12     7.01102E-11     1.0E-11     0.00000E+00     0.0E+00   
   154   3.11850E+04  3.12862E+04     1.63459E-08     1.1E-11     1.62735E-08     4.7E-12     7.24646E-11     1.0E-11     0.00000E+00     0.0E+00   
   155   3.13875E+04  3.14888E+04     1.65032E-08     1.1E-11     1.64313E-08     4.7E-12     7.18037E-11     1.0E-11     0.00000E+00     0.0E+00   
   156   3.15900E+04  3.16912E+04     1.66530E-08     1.1E-11     1.65913E-08     4.8E-12     6.17214E-11     9.4E-12     0.00000E+00     0.0E+00   
   157   3.17925E+04  3.18938E+04     1.68215E-08     1.1E-11     1.67528E-08     4.8E-12     6.87223E-11     1.0E-11     0.00000E+00     0.0E+00   
   158   3.19950E+04  3.20962E+04     1.69889E-08     1.1E-11     1.69199E-08     4.8E-12     6.89636E-11     1.0E-11     0.00000E+00     0.0E+00   
   159   3.21975E+04  3.22988E+04     1.71428E-08     1.1E-11     1.70813E-08     4.9E-12     6.14353E-11     9.7E-12     0.00000E+00     0.0E+00   
   160   3.24000E+04  3.25012E+04     1.73141E-08     1.1E-11     1.72521E-08     4.9E-12     6.20359E-11     9.7E-12     0.00000E+00     0.0E+00   
   161   3.26025E+04  3.27038E+04     1.74816E-08     1.1E-11     1.74177E-08     4.9E-12     6.39588E-11     9.9E-12     0.00000E+00     0.0E+00   
   162   3.28050E+04  3.29062E+04     1.76605E-08     1.1E-11     1.75953E-08     4.9E-12     6.52465E-11     1.0E-11     0.00000E+00     0.0E+00   
   163   3.30075E+04  3.31088E+04     1.78206E-08     1.0E-11     1.77675E-08     5.0E-12     5.30861E-11     8.9E-12     0.00000E+00     0.0E+00   
   164   3.32100E+04  3.33112E+04     1.79993E-08     1.1E-11     1.79418E-08     5.0E-12     5.74856E-11     9.5E-12     0.00000E+00     0.0E+00   
   165   3.34125E+04  3.35138E+04     1.81783E-08     1.1E-11     1.81208E-08     5.0E-12     5.75420E-11     9.5E-12     0.00000E+00     0.0E+00   
   166   3.36150E+04  3.37162E+04     1.83503E-08     1.0E-11     1.82981E-08     5.1E-12     5.22346E-11     8.8E-12     0.00000E+00     0.0E+00   
   167   3.38175E+04  3.39188E+04     1.85292E-08     1.1E-11     1.84726E-08     5.1E-12     5.65071E-11     9.6E-12     0.00000E+00     0.0E+00   
   168   3.40200E+04  3.41212E+04     1.87230E-08     1.1E-11     1.86550E-08     5.1E-12     6.79263E-11     1.0E-11     0.00000E+00     0.0E+00   
   169   3.42225E+04  3.43238E+04     1.88892E-08     1.0E-11     1.88394E-08     5.1E-12     4.97926E-11     9.0E-12     0.00000E+00     0.0E+00   
   170   3.44250E+04  3.45262E+04     1.90689E-08     1.0E-11     1.90209E-08     5.2E-12     4.79769E-11     8.7E-12     0.00000E+00     0.0E+00   
   171   3.46275E+04  3.47288E+04     1.92695E-08     1.0E-11     1.92183E-08     5.2E-12     5.11440E-11     8.9E-12     0.00000E+00     0.0E+00   
   172   3.48300E+04  3.49312E+04     1.94509E-08     9.3E-12     1.94128E-08     5.2E-12     3.80430E-11     7.7E-12     0.00000E+00     0.0E+00   
   173   3.50325E+04  3.51338E+04     1.96613E-08     9.7E-12     1.96194E-08     5.3E-12     4.19191E-11     8.2E-12     0.00000E+00     0.0E+00   
   174   3.52350E+04  3.53362E+04     1.98645E-08     8.9E-12     1.98299E-08     5.3E-12     3.45743E-11     7.2E-12     0.00000E+00     0.0E+00   
   175   3.54375E+04  3.55388E+04     2.00868E-08     9.5E-12     2.00475E-08     5.3E-12     3.93544E-11     7.8E-12     0.00000E+00     0.0E+00   
   176   3.56400E+04  3.57412E+04     2.03212E-08     9.2E-12     2.02838E-08     5.3E-12     3.74321E-11     7.5E-12     0.00000E+00     0.0E+00   
   177   3.58425E+04  3.59438E+04     2.05601E-08     9.1E-12     2.05263E-08     5.4E-12     3.38047E-11     7.4E-12     0.00000E+00     0.0E+00   
   178   3.60450E+04  3.61462E+04     2.08156E-08     9.6E-12     2.07778E-08     5.4E-12     3.77704E-11     7.9E-12     0.00000E+00     0.0E+00   
   179   3.62475E+04  3.63488E+04     2.10857E-08     9.3E-12     2.10504E-08     5.4E-12     3.53558E-11     7.5E-12     0.00000E+00     0.0E+00   
   180   3.64500E+04  3.65512E+04     2.13743E-08     9.0E-12     2.13429E-08     5.5E-12     3.14749E-11     7.2E-12     0.00000E+00     0.0E+00   
   181   3.66525E+04  3.67538E+04     2.16796E-08     8.7E-12     2.16524E-08     5.5E-12     2.71903E-11     6.7E-12     0.00000E+00     0.0E+00   
   182   3.68550E+04  3.69562E+04     2.20126E-08     8.7E-12     2.19838E-08     5.5E-12     2.87775E-11     6.7E-12     0.00000E+00     0.0E+00   
   183   3.70575E+04  3.71588E+04     2.23728E-08     8.5E-12     2.23469E-08     5.6E-12     2.59181E-11     6.4E-12     0.00000E+00     0.0E+00   
   184   3.72600E+04  3.73612E+04     2.27670E-08     9.1E-12     2.27361E-08     5.6E-12     3.09230E-11     7.2E-12     0.00000E+00     0.0E+00   
   185   3.74625E+04  3.75638E+04     2.31832E-08     7.8E-12     2.31642E-08     5.6E-12     1.89767E-11     5.4E-12     0.00000E+00     0.0E+00   
   186   3.76650E+04  3.77662E+04     2.36529E-08     7.5E-12     2.36375E-08     5.7E-12     1.54411E-11     4.9E-12     0.00000E+00     0.0E+00   
   187   3.78675E+04  3.79688E+04     2.41856E-08     8.6E-12     2.41604E-08     5.7E-12     2.52031E-11     6.4E-12     0.00000E+00     0.0E+00   
   188   3.80700E+04  3.81712E+04     2.47668E-08     8.1E-12     2.47464E-08     5.7E-12     2.04138E-11     5.8E-12     0.00000E+00     0.0E+00   
   189   3.82725E+04  3.83738E+04     2.54341E-08     8.2E-12     2.54146E-08     5.8E-12     1.95188E-11     5.8E-12     0.00000E+00     0.0E+00   
   190   3.84750E+04  3.85762E+04     2.61975E-08     7.4E-12     2.61839E-08     5.8E-12     1.35876E-11     4.5E-12     0.00000E+00     0.0E+00   
   191   3.86775E+04  3.87788E+04     2.71027E-08     7.3E-12     2.70903E-08     5.9E-12     1.23672E-11     4.4E-12     0.00000E+00     0.0E+00   
   192   3.88800E+04  3.89812E+04     2.81889E-08     7.6E-12     2.81751E-08     5.9E-12     1.37389E-11     4.7E-12     0.00000E+00     0.0E+00   
   193   3.90825E+04  3.91838E+04     2.94487E-08     6.9E-12     2.94412E-08     5.9E-12     7.50507E-12     3.5E-12     0.00000E+00     0.0E+00   
   194   3.92850E+04  3.93862E+04     3.08706E-08     7.3E-12     3.08606E-08     5.9E-12     1.00021E-11     4.2E-12     0.00000E+00     0.0E+00   
   195   3.94875E+04  3.95888E+04     3.23841E-08     6.9E-12     3.23770E-08     5.9E-12     7.07388E-12     3.5E-12     0.00000E+00     0.0E+00   
   196   3.96900E+04  3.97912E+04     3.27038E-08     6.2E-12     3.27001E-08     5.8E-12     3.68287E-12     2.4E-12     0.00000E+00     0.0E+00   
   197   3.98925E+04  3.99938E+04     3.44363E-08     6.6E-12     3.44357E-08     6.5E-12     6.16847E-13     1.1E-12     0.00000E+00     0.0E+00   
   198   4.00950E+04  4.01962E+04     0.00000E+00     0.0E+00     0.00000E+00     0.0E+00     0.00000E+00     0.0E+00     0.00000E+00     0.0E+00   
   199   4.02975E+04  4.03988E+04     0.00000E+00     0.0E+00     0.00000E+00     0.0E+00     0.00000E+00     0.0E+00     0.00000E+00     0.0E+00   
