#>>>>>>>>>>>>>>>>>>>>>>>>>>>>>>>>>>>>>>>>>>>>>>>>>>>>>>>>>>>>
# [SECTION REPORT DEPTH DOSE DISTRIB]
# Dose units are: eV/(g/cm^2) per history
#
# No. of Z bins:
#  100
# Min value for z(cm):
#   0.00000E+00
# Bin widths for z(cm):
#   5.00000E-05
#
#
# zBinIndex : zLow(cm) : zMiddle(cm) : dose : +-2sigma
     0  0.00000E+00  2.50000E-05  1.48915E+07 3.2E+03
     1  5.00000E-05  7.50000E-05  1.84449E+07 4.0E+03
     2  1.00000E-04  1.25000E-04  1.53700E+07 3.9E+03
     3  1.50000E-04  1.75000E-04  1.06387E+07 3.5E+03
     4  2.00000E-04  2.25000E-04  6.15771E+06 2.8E+03
     5  2.50000E-04  2.75000E-04  2.92017E+06 2.0E+03
     6  3.00000E-04  3.25000E-04  1.10804E+06 1.2E+03
     7  3.50000E-04  3.75000E-04  3.29206E+05 6.6E+02
     8  4.00000E-04  4.25000E-04  7.61845E+04 3.1E+02
     9  4.50000E-04  4.75000E-04  1.51303E+04 1.3E+02
    10  5.00000E-04  5.25000E-04  4.36331E+03 6.2E+01
    11  5.50000E-04  5.75000E-04  2.83727E+03 4.7E+01
    12  6.00000E-04  6.25000E-04  2.47871E+03 4.4E+01
    13  6.50000E-04  6.75000E-04  2.34109E+03 4.3E+01
    14  7.00000E-04  7.25000E-04  2.16841E+03 4.1E+01
    15  7.50000E-04  7.75000E-04  1.99949E+03 4.0E+01
    16  8.00000E-04  8.25000E-04  1.89032E+03 3.9E+01
    17  8.50000E-04  8.75000E-04  1.79676E+03 3.8E+01
    18  9.00000E-04  9.25000E-04  1.66040E+03 3.7E+01
    19  9.50000E-04  9.75000E-04  1.58034E+03 3.6E+01
    20  1.00000E-03  1.02500E-03  1.48437E+03 3.5E+01
    21  1.05000E-03  1.07500E-03  1.40041E+03 3.4E+01
    22  1.10000E-03  1.12500E-03  1.34150E+03 3.3E+01
    23  1.15000E-03  1.17500E-03  1.25867E+03 3.2E+01
    24  1.20000E-03  1.22500E-03  1.20888E+03 3.2E+01
    25  1.25000E-03  1.27500E-03  1.14929E+03 3.1E+01
    26  1.30000E-03  1.32500E-03  1.09120E+03 3.0E+01
    27  1.35000E-03  1.37500E-03  1.03868E+03 2.9E+01
    28  1.40000E-03  1.42500E-03  9.74224E+02 2.9E+01
    29  1.45000E-03  1.47500E-03  9.44451E+02 2.8E+01
    30  1.50000E-03  1.52500E-03  8.98680E+02 2.7E+01
    31  1.55000E-03  1.57500E-03  8.69244E+02 2.7E+01
    32  1.60000E-03  1.62500E-03  8.58161E+02 2.7E+01
    33  1.65000E-03  1.67500E-03  8.20764E+02 2.6E+01
    34  1.70000E-03  1.72500E-03  7.55172E+02 2.5E+01
    35  1.75000E-03  1.77500E-03  7.49523E+02 2.5E+01
    36  1.80000E-03  1.82500E-03  7.06931E+02 2.4E+01
    37  1.85000E-03  1.87500E-03  6.84357E+02 2.4E+01
    38  1.90000E-03  1.92500E-03  6.44677E+02 2.3E+01
    39  1.95000E-03  1.97500E-03  6.23140E+02 2.3E+01
    40  2.00000E-03  2.02500E-03  6.16893E+02 2.3E+01
    41  2.05000E-03  2.07500E-03  5.88534E+02 2.2E+01
    42  2.10000E-03  2.12500E-03  5.56649E+02 2.2E+01
    43  2.15000E-03  2.17500E-03  5.38010E+02 2.1E+01
    44  2.20000E-03  2.22500E-03  5.31602E+02 2.1E+01
    45  2.25000E-03  2.27500E-03  5.01906E+02 2.1E+01
    46  2.30000E-03  2.32500E-03  4.90174E+02 2.0E+01
    47  2.35000E-03  2.37500E-03  4.75399E+02 2.0E+01
    48  2.40000E-03  2.42500E-03  4.50402E+02 2.0E+01
    49  2.45000E-03  2.47500E-03  4.44279E+02 2.0E+01
    50  2.50000E-03  2.52500E-03  4.20602E+02 1.9E+01
    51  2.55000E-03  2.57500E-03  4.09120E+02 1.9E+01
    52  2.60000E-03  2.62500E-03  4.05638E+02 1.9E+01
    53  2.65000E-03  2.67500E-03  3.84859E+02 1.8E+01
    54  2.70000E-03  2.72500E-03  3.71569E+02 1.8E+01
    55  2.75000E-03  2.77500E-03  3.67262E+02 1.8E+01
    56  2.80000E-03  2.82500E-03  3.42748E+02 1.7E+01
    57  2.85000E-03  2.87500E-03  3.46137E+02 1.7E+01
    58  2.90000E-03  2.92500E-03  3.35175E+02 1.7E+01
    59  2.95000E-03  2.97500E-03  3.24134E+02 1.7E+01
    60  3.00000E-03  3.02500E-03  2.93508E+02 1.6E+01
    61  3.05000E-03  3.07500E-03  2.99048E+02 1.7E+01
    62  3.10000E-03  3.12500E-03  2.88946E+02 1.6E+01
    63  3.15000E-03  3.17500E-03  2.83846E+02 1.6E+01
    64  3.20000E-03  3.22500E-03  2.86083E+02 1.6E+01
    65  3.25000E-03  3.27500E-03  2.54242E+02 1.5E+01
    66  3.30000E-03  3.32500E-03  2.53433E+02 1.5E+01
    67  3.35000E-03  3.37500E-03  2.39332E+02 1.5E+01
    68  3.40000E-03  3.42500E-03  2.38968E+02 1.5E+01
    69  3.45000E-03  3.47500E-03  2.37452E+02 1.5E+01
    70  3.50000E-03  3.52500E-03  2.19826E+02 1.4E+01
    71  3.55000E-03  3.57500E-03  2.21006E+02 1.4E+01
    72  3.60000E-03  3.62500E-03  2.07337E+02 1.4E+01
    73  3.65000E-03  3.67500E-03  1.97727E+02 1.3E+01
    74  3.70000E-03  3.72500E-03  1.92403E+02 1.3E+01
    75  3.75000E-03  3.77500E-03  1.97222E+02 1.4E+01
    76  3.80000E-03  3.82500E-03  1.90180E+02 1.3E+01
    77  3.85000E-03  3.87500E-03  1.86611E+02 1.3E+01
    78  3.90000E-03  3.92500E-03  1.83438E+02 1.3E+01
    79  3.95000E-03  3.97500E-03  1.72369E+02 1.3E+01
    80  4.00000E-03  4.02500E-03  1.79662E+02 1.3E+01
    81  4.05000E-03  4.07500E-03  1.71654E+02 1.3E+01
    82  4.10000E-03  4.12500E-03  1.55858E+02 1.2E+01
    83  4.15000E-03  4.17500E-03  1.55377E+02 1.2E+01
    84  4.20000E-03  4.22500E-03  1.57906E+02 1.2E+01
    85  4.25000E-03  4.27500E-03  1.44693E+02 1.2E+01
    86  4.30000E-03  4.32500E-03  1.51797E+02 1.2E+01
    87  4.35000E-03  4.37500E-03  1.39706E+02 1.2E+01
    88  4.40000E-03  4.42500E-03  1.34081E+02 1.1E+01
    89  4.45000E-03  4.47500E-03  1.34907E+02 1.2E+01
    90  4.50000E-03  4.52500E-03  1.28736E+02 1.1E+01
    91  4.55000E-03  4.57500E-03  1.27570E+02 1.1E+01
    92  4.60000E-03  4.62500E-03  1.26994E+02 1.1E+01
    93  4.65000E-03  4.67500E-03  1.15347E+02 1.0E+01
    94  4.70000E-03  4.72500E-03  1.11847E+02 1.0E+01
    95  4.75000E-03  4.77500E-03  1.18180E+02 1.1E+01
    96  4.80000E-03  4.82500E-03  1.00304E+02 9.5E+00
    97  4.85000E-03  4.87500E-03  1.05822E+02 1.0E+01
    98  4.90000E-03  4.92500E-03  1.05301E+02 1.0E+01
    99  4.95000E-03  4.97500E-03  9.55668E+01 9.6E+00
