#>>>>>>>>>>>>>>>>>>>>>>>>>>>>>>>>>>>>>>>>>>>>>>>>>>>>>>>>>>>>
# [SECTION REPORT EMERGING UPBOUND PARTICLES DISTRIBUTION]
# Units are particles/(eV history)
# Energy window (eV), energy bins:
#  0.00000E+00  6.10000E+06   120
#
# Energy (eV) :     e-     : +-2sigma :   photons  : +-2sigma :     e+     : +-2sigma :
   2.54167E+04  0.00000E+00  0.000E+00  1.11190E-11  2.758E-12  0.00000E+00  0.000E+00
   7.62500E+04  3.42124E-13  4.838E-13  2.39316E-10  1.280E-11  0.00000E+00  0.000E+00
   1.27083E+05  1.33428E-11  3.022E-12  2.46329E-11  4.105E-12  5.13186E-13  5.926E-13
   1.77917E+05  2.12117E-11  3.810E-12  7.16750E-11  7.002E-12  1.71062E-13  3.421E-13
   2.28750E+05  2.36066E-11  4.019E-12  2.59501E-10  1.341E-11  1.71062E-13  3.421E-13
   2.79583E+05  2.32644E-11  3.990E-12  1.03475E-09  2.673E-11  1.71062E-13  3.421E-13
   3.30417E+05  2.13828E-11  3.825E-12  2.52847E-09  4.224E-11  6.84248E-13  6.842E-13
   3.81250E+05  2.13828E-11  3.825E-12  4.14295E-09  5.443E-11  5.13186E-13  5.926E-13
   4.32083E+05  1.64220E-11  3.352E-12  5.49195E-09  6.358E-11  1.02637E-12  8.380E-13
   4.82917E+05  1.98432E-11  3.685E-12  6.38027E-09  6.943E-11  6.84248E-13  6.842E-13
   5.33750E+05  1.74483E-11  3.455E-12  8.44927E-09  8.000E-11  6.84248E-13  6.842E-13
   5.84583E+05  2.06985E-11  3.763E-12  6.79304E-09  7.372E-11  8.55310E-13  7.650E-13
   6.35417E+05  1.35139E-11  3.041E-12  6.85103E-09  7.472E-11  5.13186E-13  5.926E-13
   6.86250E+05  1.18033E-11  2.842E-12  6.68579E-09  7.471E-11  5.13186E-13  5.926E-13
   7.37083E+05  1.21454E-11  2.883E-12  6.52636E-09  7.471E-11  1.19743E-12  9.052E-13
   7.87917E+05  1.18033E-11  2.842E-12  6.26994E-09  7.378E-11  8.55310E-13  7.650E-13
   8.38750E+05  1.02637E-11  2.650E-12  5.96493E-09  7.259E-11  1.02637E-12  8.380E-13
   8.89583E+05  1.00927E-11  2.628E-12  5.74153E-09  7.182E-11  1.19743E-12  9.052E-13
   9.40417E+05  1.02637E-11  2.650E-12  5.43036E-09  7.030E-11  1.02637E-12  8.380E-13
   9.91250E+05  8.89522E-12  2.467E-12  5.17240E-09  6.898E-11  1.71062E-13  3.421E-13
   1.04208E+06  8.72416E-12  2.443E-12  4.99176E-09  6.838E-11  1.02637E-12  8.380E-13
   1.09292E+06  8.55310E-12  2.419E-12  4.73705E-09  6.675E-11  3.42124E-13  4.838E-13
   1.14375E+06  6.84248E-12  2.164E-12  4.47721E-09  6.519E-11  6.84248E-13  6.842E-13
   1.19458E+06  5.81611E-12  1.995E-12  4.23447E-09  6.390E-11  6.84248E-13  6.842E-13
   1.24542E+06  8.55310E-12  2.419E-12  4.06187E-09  6.271E-11  5.13186E-13  5.926E-13
   1.29625E+06  6.50036E-12  2.109E-12  3.90432E-09  6.189E-11  1.02637E-12  8.380E-13
   1.34708E+06  5.30292E-12  1.905E-12  3.66774E-09  6.000E-11  1.71062E-13  3.421E-13
   1.39792E+06  4.61867E-12  1.778E-12  3.52388E-09  5.943E-11  3.42124E-13  4.838E-13
   1.44875E+06  6.84248E-12  2.164E-12  3.32168E-09  5.777E-11  5.13186E-13  5.926E-13
   1.49958E+06  6.32929E-12  2.081E-12  3.12907E-09  5.585E-11  3.42124E-13  4.838E-13
   1.55042E+06  4.96080E-12  1.842E-12  2.97853E-09  5.495E-11  3.42124E-13  4.838E-13
   1.60125E+06  3.59230E-12  1.568E-12  2.84716E-09  5.383E-11  3.42124E-13  4.838E-13
   1.65208E+06  4.10549E-12  1.676E-12  2.69525E-09  5.250E-11  3.42124E-13  4.838E-13
   1.70292E+06  2.22381E-12  1.234E-12  2.54780E-09  5.104E-11  1.71062E-13  3.421E-13
   1.75375E+06  3.07912E-12  1.452E-12  2.43883E-09  5.041E-11  1.71062E-13  3.421E-13
   1.80458E+06  2.90805E-12  1.411E-12  2.30540E-09  4.920E-11  1.71062E-13  3.421E-13
   1.85542E+06  3.07912E-12  1.452E-12  2.19969E-09  4.808E-11  8.55310E-13  7.650E-13
   1.90625E+06  3.59230E-12  1.568E-12  2.04984E-09  4.613E-11  3.42124E-13  4.838E-13
   1.95708E+06  3.25018E-12  1.491E-12  1.97406E-09  4.573E-11  1.71062E-13  3.421E-13
   2.00792E+06  2.90805E-12  1.411E-12  1.88100E-09  4.468E-11  1.71062E-13  3.421E-13
   2.05875E+06  2.56593E-12  1.325E-12  1.80043E-09  4.400E-11  3.42124E-13  4.838E-13
   2.10958E+06  3.42124E-12  1.530E-12  1.69676E-09  4.261E-11  1.71062E-13  3.421E-13
   2.16042E+06  1.53956E-12  1.026E-12  1.62629E-09  4.178E-11  5.13186E-13  5.926E-13
   2.21125E+06  1.88168E-12  1.135E-12  1.55170E-09  4.075E-11  5.13186E-13  5.926E-13
   2.26208E+06  2.22381E-12  1.234E-12  1.47627E-09  4.018E-11  0.00000E+00  0.000E+00
   2.31292E+06  2.05274E-12  1.185E-12  1.40442E-09  3.918E-11  3.42124E-13  4.838E-13
   2.36375E+06  3.42124E-13  4.838E-13  1.31512E-09  3.791E-11  0.00000E+00  0.000E+00
   2.41458E+06  2.05274E-12  1.185E-12  1.23182E-09  3.651E-11  0.00000E+00  0.000E+00
   2.46542E+06  1.88168E-12  1.135E-12  1.18939E-09  3.619E-11  0.00000E+00  0.000E+00
   2.51625E+06  1.02637E-12  8.380E-13  1.15073E-09  3.556E-11  1.71062E-13  3.421E-13
   2.56708E+06  2.05274E-12  1.185E-12  1.07495E-09  3.464E-11  1.71062E-13  3.421E-13
   2.61792E+06  2.22381E-12  1.234E-12  1.02261E-09  3.349E-11  3.42124E-13  4.838E-13
   2.66875E+06  1.36850E-12  9.677E-13  9.95923E-10  3.331E-11  0.00000E+00  0.000E+00
   2.71958E+06  1.19743E-12  9.052E-13  9.18945E-10  3.159E-11  0.00000E+00  0.000E+00
   2.77042E+06  1.19743E-12  9.052E-13  8.71903E-10  3.104E-11  0.00000E+00  0.000E+00
   2.82125E+06  8.55310E-13  7.650E-13  8.68140E-10  3.085E-11  0.00000E+00  0.000E+00
   2.87208E+06  8.55310E-13  7.650E-13  7.93899E-10  2.998E-11  0.00000E+00  0.000E+00
   2.92292E+06  6.84248E-13  6.842E-13  7.46857E-10  2.898E-11  0.00000E+00  0.000E+00
   2.97375E+06  1.53956E-12  1.026E-12  7.11105E-10  2.834E-11  1.71062E-13  3.421E-13
   3.02458E+06  0.00000E+00  0.000E+00  6.62352E-10  2.723E-11  0.00000E+00  0.000E+00
   3.07542E+06  1.02637E-12  8.380E-13  6.57220E-10  2.767E-11  1.71062E-13  3.421E-13
   3.12625E+06  1.02637E-12  8.380E-13  6.31903E-10  2.683E-11  0.00000E+00  0.000E+00
   3.17708E+06  0.00000E+00  0.000E+00  5.69808E-10  2.511E-11  1.71062E-13  3.421E-13
   3.22792E+06  1.71062E-13  3.421E-13  5.48254E-10  2.473E-11  0.00000E+00  0.000E+00
   3.27875E+06  1.02637E-12  8.380E-13  5.61254E-10  2.572E-11  0.00000E+00  0.000E+00
   3.32958E+06  3.42124E-13  4.838E-13  4.93856E-10  2.383E-11  0.00000E+00  0.000E+00
   3.38042E+06  6.84248E-13  6.842E-13  4.80513E-10  2.343E-11  0.00000E+00  0.000E+00
   3.43125E+06  0.00000E+00  0.000E+00  4.76750E-10  2.350E-11  0.00000E+00  0.000E+00
   3.48208E+06  1.71062E-13  3.421E-13  4.39971E-10  2.246E-11  0.00000E+00  0.000E+00
   3.53292E+06  3.42124E-13  4.838E-13  3.89679E-10  2.107E-11  0.00000E+00  0.000E+00
   3.58375E+06  5.13186E-13  5.926E-13  3.91219E-10  2.110E-11  0.00000E+00  0.000E+00
   3.63458E+06  1.71062E-13  3.421E-13  3.79073E-10  2.109E-11  0.00000E+00  0.000E+00
   3.68542E+06  1.71062E-13  3.421E-13  3.34939E-10  1.997E-11  0.00000E+00  0.000E+00
   3.73625E+06  3.42124E-13  4.838E-13  3.38874E-10  2.000E-11  0.00000E+00  0.000E+00
   3.78708E+06  1.71062E-13  3.421E-13  3.20912E-10  1.941E-11  0.00000E+00  0.000E+00
   3.83792E+06  3.42124E-13  4.838E-13  2.93371E-10  1.844E-11  0.00000E+00  0.000E+00
   3.88875E+06  5.13186E-13  5.926E-13  2.89779E-10  1.863E-11  0.00000E+00  0.000E+00
   3.93958E+06  1.71062E-13  3.421E-13  2.81397E-10  1.843E-11  0.00000E+00  0.000E+00
   3.99042E+06  3.42124E-13  4.838E-13  2.35895E-10  1.668E-11  0.00000E+00  0.000E+00
   4.04125E+06  1.71062E-13  3.421E-13  2.34184E-10  1.696E-11  0.00000E+00  0.000E+00
   4.09208E+06  3.42124E-13  4.838E-13  2.01511E-10  1.502E-11  0.00000E+00  0.000E+00
   4.14292E+06  1.71062E-13  3.421E-13  2.06130E-10  1.557E-11  0.00000E+00  0.000E+00
   4.19375E+06  1.71062E-13  3.421E-13  1.92103E-10  1.519E-11  0.00000E+00  0.000E+00
   4.24458E+06  3.42124E-13  4.838E-13  1.78418E-10  1.449E-11  0.00000E+00  0.000E+00
   4.29542E+06  0.00000E+00  0.000E+00  1.64562E-10  1.383E-11  0.00000E+00  0.000E+00
   4.34625E+06  3.42124E-13  4.838E-13  1.49508E-10  1.360E-11  0.00000E+00  0.000E+00
   4.39708E+06  1.71062E-13  3.421E-13  1.39073E-10  1.273E-11  0.00000E+00  0.000E+00
   4.44792E+06  0.00000E+00  0.000E+00  1.25560E-10  1.226E-11  0.00000E+00  0.000E+00
   4.49875E+06  0.00000E+00  0.000E+00  1.18033E-10  1.157E-11  0.00000E+00  0.000E+00
   4.54958E+06  0.00000E+00  0.000E+00  1.02808E-10  1.102E-11  0.00000E+00  0.000E+00
   4.60042E+06  1.71062E-13  3.421E-13  1.04006E-10  1.116E-11  0.00000E+00  0.000E+00
   4.65125E+06  0.00000E+00  0.000E+00  9.42552E-11  1.075E-11  0.00000E+00  0.000E+00
   4.70208E+06  0.00000E+00  0.000E+00  7.49252E-11  9.456E-12  0.00000E+00  0.000E+00
   4.75292E+06  0.00000E+00  0.000E+00  7.42409E-11  9.192E-12  0.00000E+00  0.000E+00
   4.80375E+06  1.71062E-13  3.421E-13  6.26087E-11  8.709E-12  0.00000E+00  0.000E+00
   4.85458E+06  0.00000E+00  0.000E+00  5.40556E-11  7.861E-12  0.00000E+00  0.000E+00
   4.90542E+06  1.71062E-13  3.421E-13  5.49109E-11  7.869E-12  0.00000E+00  0.000E+00
   4.95625E+06  0.00000E+00  0.000E+00  5.25160E-11  7.703E-12  0.00000E+00  0.000E+00
   5.00708E+06  0.00000E+00  0.000E+00  4.01996E-11  7.053E-12  0.00000E+00  0.000E+00
   5.05792E+06  0.00000E+00  0.000E+00  3.96864E-11  6.687E-12  0.00000E+00  0.000E+00
   5.10875E+06  0.00000E+00  0.000E+00  2.54882E-11  5.063E-12  0.00000E+00  0.000E+00
   5.15958E+06  0.00000E+00  0.000E+00  3.13043E-11  6.091E-12  0.00000E+00  0.000E+00
   5.21042E+06  0.00000E+00  0.000E+00  2.18959E-11  4.981E-12  0.00000E+00  0.000E+00
   5.26125E+06  0.00000E+00  0.000E+00  1.81326E-11  4.487E-12  0.00000E+00  0.000E+00
   5.31208E+06  0.00000E+00  0.000E+00  2.08696E-11  5.166E-12  0.00000E+00  0.000E+00
   5.36292E+06  0.00000E+00  0.000E+00  1.45403E-11  4.062E-12  0.00000E+00  0.000E+00
   5.41375E+06  0.00000E+00  0.000E+00  1.28297E-11  4.120E-12  0.00000E+00  0.000E+00
   5.46458E+06  0.00000E+00  0.000E+00  8.72416E-12  3.191E-12  0.00000E+00  0.000E+00
   5.51542E+06  0.00000E+00  0.000E+00  7.69779E-12  2.963E-12  0.00000E+00  0.000E+00
   5.56625E+06  0.00000E+00  0.000E+00  5.64505E-12  2.295E-12  0.00000E+00  0.000E+00
   5.61708E+06  0.00000E+00  0.000E+00  4.78974E-12  2.514E-12  0.00000E+00  0.000E+00
   5.66792E+06  0.00000E+00  0.000E+00  3.42124E-12  1.995E-12  0.00000E+00  0.000E+00
   5.71875E+06  0.00000E+00  0.000E+00  1.53956E-12  1.411E-12  0.00000E+00  0.000E+00
   5.76958E+06  0.00000E+00  0.000E+00  2.73699E-12  1.935E-12  0.00000E+00  0.000E+00
   5.82042E+06  0.00000E+00  0.000E+00  0.00000E+00  0.000E+00  0.00000E+00  0.000E+00
   5.87125E+06  0.00000E+00  0.000E+00  1.71062E-13  3.421E-13  0.00000E+00  0.000E+00
   5.92208E+06  0.00000E+00  0.000E+00  0.00000E+00  0.000E+00  0.00000E+00  0.000E+00
   5.97292E+06  0.00000E+00  0.000E+00  0.00000E+00  0.000E+00  0.00000E+00  0.000E+00
   6.02375E+06  0.00000E+00  0.000E+00  0.00000E+00  0.000E+00  0.00000E+00  0.000E+00
   6.07458E+06  0.00000E+00  0.000E+00  0.00000E+00  0.000E+00  0.00000E+00  0.000E+00
