#>>>>>>>>>>>>>>>>>>>>>>>>>>>>>>>>>>>>>>>>>>>>>>>>>>>>>>>>>>>>
# [SECTION REPORT EMERGING DOWNBOUND PARTICLES DISTRIBUTION]
# Units are particles/(eV history)
# Energy minimum, maximum, energy bins:
#  0.00000E+00  6.10000E+06   120
#
# Energy (eV) :     e-     : +-2sigma :   photons  : +-2sigma :     e+     : +-2sigma :
   2.54167E+04  0.00000E+00  0.000E+00  8.76953E-08  4.303E-10  0.00000E+00  0.000E+00
   7.62500E+04  1.13072E-09  1.657E-10  9.22649E-07  1.360E-09  1.19743E-12  9.052E-13
   1.27083E+05  3.61365E-08  9.258E-10  2.60183E-07  7.482E-10  6.02138E-11  6.418E-12
   1.77917E+05  3.31126E-08  8.792E-10  4.42319E-07  9.510E-10  8.77548E-11  7.748E-12
   2.28750E+05  3.07292E-08  8.516E-10  5.46919E-07  1.043E-09  1.05203E-10  8.483E-12
   2.79583E+05  2.99336E-08  8.590E-10  5.42927E-07  1.051E-09  1.30178E-10  9.436E-12
   3.30417E+05  2.86690E-08  8.521E-10  4.91325E-07  1.016E-09  1.42153E-10  9.861E-12
   3.81250E+05  2.77514E-08  8.507E-10  4.33173E-07  9.681E-10  1.52416E-10  1.021E-11
   4.32083E+05  2.79570E-08  8.697E-10  3.80254E-07  9.174E-10  1.47455E-10  1.005E-11
   4.82917E+05  2.82080E-08  8.906E-10  3.32280E-07  8.649E-10  1.63535E-10  1.060E-11
   5.33750E+05  2.78889E-08  8.930E-10  4.39624E-07  9.007E-10  1.54811E-10  1.031E-11
   5.84583E+05  2.80595E-08  9.042E-10  2.47470E-07  7.690E-10  1.63022E-10  1.061E-11
   6.35417E+05  2.86067E-08  9.223E-10  2.18194E-07  7.271E-10  1.59088E-10  1.043E-11
   6.86250E+05  2.88369E-08  9.333E-10  1.93804E-07  6.900E-10  1.61654E-10  1.053E-11
   7.37083E+05  2.94697E-08  9.518E-10  1.73419E-07  6.567E-10  1.52758E-10  1.022E-11
   7.87917E+05  2.93922E-08  9.520E-10  1.54894E-07  6.251E-10  1.51903E-10  1.019E-11
   8.38750E+05  2.99489E-08  9.678E-10  1.39278E-07  5.957E-10  1.43179E-10  9.896E-12
   8.89583E+05  3.01156E-08  9.740E-10  1.26278E-07  5.696E-10  1.36679E-10  9.669E-12
   9.40417E+05  3.12251E-08  9.958E-10  1.14491E-07  5.452E-10  1.45061E-10  9.973E-12
   9.91250E+05  3.10265E-08  9.964E-10  1.04350E-07  5.227E-10  1.29836E-10  9.424E-12
   1.04208E+06  3.18906E-08  1.013E-09  9.52523E-08  5.011E-10  1.19059E-10  9.024E-12
   1.09292E+06  3.35193E-08  1.043E-09  8.75774E-08  4.821E-10  1.25046E-10  9.249E-12
   1.14375E+06  3.35507E-08  1.045E-09  8.02616E-08  4.627E-10  1.08111E-10  8.613E-12
   1.19458E+06  3.43303E-08  1.060E-09  7.38080E-08  4.452E-10  1.05374E-10  8.504E-12
   1.24542E+06  3.50756E-08  1.074E-09  6.82736E-08  4.294E-10  1.08453E-10  8.627E-12
   1.29625E+06  3.54478E-08  1.080E-09  6.34118E-08  4.152E-10  1.00584E-10  8.295E-12
   1.34708E+06  3.73049E-08  1.111E-09  5.86361E-08  3.999E-10  8.57021E-11  7.657E-12
   1.39792E+06  3.75962E-08  1.116E-09  5.41416E-08  3.848E-10  8.96365E-11  7.831E-12
   1.44875E+06  3.75628E-08  1.118E-09  5.06027E-08  3.731E-10  8.12545E-11  7.471E-12
   1.49958E+06  3.86456E-08  1.135E-09  4.68356E-08  3.594E-10  8.10834E-11  7.463E-12
   1.55042E+06  3.98749E-08  1.154E-09  4.39819E-08  3.492E-10  6.55167E-11  6.695E-12
   1.60125E+06  3.98284E-08  1.155E-09  4.07596E-08  3.367E-10  6.85959E-11  6.867E-12
   1.65208E+06  3.91231E-08  1.145E-09  3.80741E-08  3.258E-10  6.00428E-11  6.409E-12
   1.70292E+06  4.02974E-08  1.162E-09  3.57323E-08  3.157E-10  6.03849E-11  6.427E-12
   1.75375E+06  4.17082E-08  1.184E-09  3.34397E-08  3.061E-10  5.18318E-11  5.955E-12
   1.80458E+06  4.14820E-08  1.182E-09  3.14332E-08  2.971E-10  4.58446E-11  5.600E-12
   1.85542E+06  4.21564E-08  1.193E-09  2.96127E-08  2.889E-10  4.55025E-11  5.580E-12
   1.90625E+06  4.33350E-08  1.209E-09  2.78942E-08  2.804E-10  4.41340E-11  5.495E-12
   1.95708E+06  4.25474E-08  1.199E-09  2.58331E-08  2.702E-10  4.05417E-11  5.267E-12
   2.00792E+06  4.42031E-08  1.223E-09  2.43890E-08  2.625E-10  3.81468E-11  5.109E-12
   2.05875E+06  4.32830E-08  1.210E-09  2.30217E-08  2.555E-10  2.90805E-11  4.461E-12
   2.10958E+06  4.51585E-08  1.237E-09  2.16920E-08  2.486E-10  2.99359E-11  4.526E-12
   2.16042E+06  4.53609E-08  1.240E-09  2.06210E-08  2.421E-10  2.75410E-11  4.341E-12
   2.21125E+06  4.39308E-08  1.221E-09  1.94397E-08  2.357E-10  2.32644E-11  3.990E-12
   2.26208E+06  4.54064E-08  1.241E-09  1.81873E-08  2.277E-10  2.61725E-11  4.232E-12
   2.31292E+06  4.62018E-08  1.252E-09  1.70646E-08  2.209E-10  1.83036E-11  3.539E-12
   2.36375E+06  4.62304E-08  1.253E-09  1.60716E-08  2.144E-10  1.86458E-11  3.572E-12
   2.41458E+06  4.72401E-08  1.267E-09  1.50945E-08  2.079E-10  1.60798E-11  3.317E-12
   2.46542E+06  4.58039E-08  1.248E-09  1.42200E-08  2.020E-10  1.43692E-11  3.136E-12
   2.51625E+06  4.72203E-08  1.267E-09  1.36691E-08  1.981E-10  1.02637E-11  2.650E-12
   2.56708E+06  4.84769E-08  1.284E-09  1.27722E-08  1.920E-10  1.16322E-11  2.821E-12
   2.61792E+06  4.81933E-08  1.280E-09  1.22048E-08  1.874E-10  1.12901E-11  2.821E-12
   2.66875E+06  4.74196E-08  1.270E-09  1.14328E-08  1.814E-10  7.69779E-12  2.295E-12
   2.71958E+06  4.74088E-08  1.270E-09  1.07432E-08  1.757E-10  7.18460E-12  2.217E-12
   2.77042E+06  4.88112E-08  1.289E-09  1.02006E-08  1.713E-10  7.18460E-12  2.217E-12
   2.82125E+06  4.77569E-08  1.275E-09  9.78543E-09  1.685E-10  5.64505E-12  1.965E-12
   2.87208E+06  4.90322E-08  1.292E-09  8.92157E-09  1.606E-10  4.44761E-12  1.744E-12
   2.92292E+06  4.82246E-08  1.282E-09  8.50845E-09  1.570E-10  5.30292E-12  1.905E-12
   2.97375E+06  4.85323E-08  1.286E-09  8.09294E-09  1.531E-10  4.44761E-12  1.744E-12
   3.02458E+06  4.85447E-08  1.286E-09  7.53511E-09  1.478E-10  3.93443E-12  1.641E-12
   3.07542E+06  4.76779E-08  1.275E-09  7.14321E-09  1.439E-10  4.44761E-12  1.744E-12
   3.12625E+06  5.05213E-08  1.312E-09  6.69400E-09  1.392E-10  4.27655E-12  1.711E-12
   3.17708E+06  4.80867E-08  1.280E-09  6.40336E-09  1.362E-10  2.39487E-12  1.280E-12
   3.22792E+06  4.84497E-08  1.285E-09  6.11701E-09  1.333E-10  1.71062E-12  1.082E-12
   3.27875E+06  4.76972E-08  1.275E-09  5.62777E-09  1.275E-10  2.05274E-12  1.185E-12
   3.32958E+06  4.87465E-08  1.289E-09  5.34842E-09  1.245E-10  1.53956E-12  1.026E-12
   3.38042E+06  4.76079E-08  1.274E-09  4.96696E-09  1.199E-10  1.53956E-12  1.026E-12
   3.43125E+06  4.80650E-08  1.280E-09  4.70506E-09  1.168E-10  1.88168E-12  1.135E-12
   3.48208E+06  4.94766E-08  1.299E-09  4.39835E-09  1.128E-10  1.02637E-12  8.380E-13
   3.53292E+06  4.80611E-08  1.280E-09  4.15664E-09  1.101E-10  5.13186E-13  5.926E-13
   3.58375E+06  4.81350E-08  1.281E-09  3.96949E-09  1.072E-10  1.71062E-13  3.421E-13
   3.63458E+06  4.71344E-08  1.268E-09  3.66996E-09  1.030E-10  1.71062E-13  3.421E-13
   3.68542E+06  4.66329E-08  1.261E-09  3.35316E-09  9.836E-11  6.84248E-13  6.842E-13
   3.73625E+06  4.64377E-08  1.259E-09  3.23495E-09  9.695E-11  0.00000E+00  0.000E+00
   3.78708E+06  4.60294E-08  1.253E-09  3.00624E-09  9.317E-11  1.71062E-13  3.421E-13
   3.83792E+06  4.61671E-08  1.255E-09  2.78831E-09  9.005E-11  3.42124E-13  4.838E-13
   3.88875E+06  4.48056E-08  1.237E-09  2.54455E-09  8.568E-11  1.71062E-13  3.421E-13
   3.93958E+06  4.46670E-08  1.235E-09  2.38306E-09  8.269E-11  1.71062E-13  3.421E-13
   3.99042E+06  4.38856E-08  1.224E-09  2.21457E-09  8.007E-11  0.00000E+00  0.000E+00
   4.04125E+06  4.44600E-08  1.232E-09  2.03290E-09  7.653E-11  0.00000E+00  0.000E+00
   4.09208E+06  4.41494E-08  1.228E-09  1.91401E-09  7.430E-11  0.00000E+00  0.000E+00
   4.14292E+06  4.16791E-08  1.193E-09  1.77614E-09  7.166E-11  0.00000E+00  0.000E+00
   4.19375E+06  4.26440E-08  1.206E-09  1.66683E-09  6.922E-11  0.00000E+00  0.000E+00
   4.24458E+06  4.05463E-08  1.177E-09  1.50569E-09  6.587E-11  0.00000E+00  0.000E+00
   4.29542E+06  3.98371E-08  1.166E-09  1.40476E-09  6.362E-11  0.00000E+00  0.000E+00
   4.34625E+06  3.87748E-08  1.151E-09  1.28143E-09  6.073E-11  0.00000E+00  0.000E+00
   4.39708E+06  3.83639E-08  1.144E-09  1.16852E-09  5.782E-11  0.00000E+00  0.000E+00
   4.44792E+06  3.77387E-08  1.135E-09  1.07170E-09  5.538E-11  0.00000E+00  0.000E+00
   4.49875E+06  3.57552E-08  1.105E-09  9.66329E-10  5.260E-11  0.00000E+00  0.000E+00
   4.54958E+06  3.53173E-08  1.098E-09  8.95852E-10  5.088E-11  0.00000E+00  0.000E+00
   4.60042E+06  3.59675E-08  1.108E-09  8.00228E-10  4.787E-11  0.00000E+00  0.000E+00
   4.65125E+06  3.33497E-08  1.067E-09  7.22224E-10  4.557E-11  0.00000E+00  0.000E+00
   4.70208E+06  3.29650E-08  1.061E-09  6.43535E-10  4.329E-11  0.00000E+00  0.000E+00
   4.75292E+06  3.13303E-08  1.034E-09  5.73571E-10  4.067E-11  0.00000E+00  0.000E+00
   4.80375E+06  2.95176E-08  1.004E-09  4.92659E-10  3.753E-11  0.00000E+00  0.000E+00
   4.85458E+06  2.82511E-08  9.824E-10  4.65802E-10  3.641E-11  0.00000E+00  0.000E+00
   4.90542E+06  2.73278E-08  9.662E-10  3.93100E-10  3.321E-11  0.00000E+00  0.000E+00
   4.95625E+06  2.71313E-08  9.628E-10  3.57862E-10  3.201E-11  0.00000E+00  0.000E+00
   5.00708E+06  2.47956E-08  9.205E-10  3.07741E-10  2.979E-11  0.00000E+00  0.000E+00
   5.05792E+06  2.36409E-08  8.988E-10  2.62409E-10  2.701E-11  0.00000E+00  0.000E+00
   5.10875E+06  2.22637E-08  8.723E-10  2.04419E-10  2.390E-11  0.00000E+00  0.000E+00
   5.15958E+06  2.09038E-08  8.452E-10  1.93813E-10  2.342E-11  0.00000E+00  0.000E+00
   5.21042E+06  2.02881E-08  8.327E-10  1.62338E-10  2.149E-11  0.00000E+00  0.000E+00
   5.26125E+06  1.81415E-08  7.875E-10  1.43692E-10  2.025E-11  0.00000E+00  0.000E+00
   5.31208E+06  1.72088E-08  7.670E-10  1.05545E-10  1.720E-11  0.00000E+00  0.000E+00
   5.36292E+06  1.68154E-08  7.582E-10  1.05032E-10  1.719E-11  0.00000E+00  0.000E+00
   5.41375E+06  1.46003E-08  7.065E-10  6.51746E-11  1.366E-11  0.00000E+00  0.000E+00
   5.46458E+06  1.42067E-08  6.969E-10  4.56736E-11  1.122E-11  0.00000E+00  0.000E+00
   5.51542E+06  1.27527E-08  6.603E-10  3.81468E-11  1.041E-11  0.00000E+00  0.000E+00
   5.56625E+06  1.22224E-08  6.464E-10  3.50677E-11  9.933E-12  0.00000E+00  0.000E+00
   5.61708E+06  1.14355E-08  6.253E-10  2.99359E-11  9.084E-12  0.00000E+00  0.000E+00
   5.66792E+06  1.11532E-08  6.175E-10  1.86458E-11  7.249E-12  0.00000E+00  0.000E+00
   5.71875E+06  1.00499E-08  5.862E-10  1.02637E-11  5.143E-12  0.00000E+00  0.000E+00
   5.76958E+06  8.98931E-09  5.544E-10  9.75053E-12  5.463E-12  0.00000E+00  0.000E+00
   5.82042E+06  8.27085E-09  5.318E-10  2.05274E-12  2.467E-12  0.00000E+00  0.000E+00
   5.87125E+06  7.37277E-09  5.021E-10  2.05274E-12  2.514E-12  0.00000E+00  0.000E+00
   5.92208E+06  7.49252E-09  5.062E-10  1.02637E-12  1.744E-12  0.00000E+00  0.000E+00
   5.97292E+06  7.22737E-09  4.972E-10  0.00000E+00  0.000E+00  0.00000E+00  0.000E+00
   6.02375E+06  3.25018E-10  1.054E-10  0.00000E+00  0.000E+00  0.00000E+00  0.000E+00
   6.07458E+06  0.00000E+00  0.000E+00  0.00000E+00  0.000E+00  0.00000E+00  0.000E+00
