#>>>>>>>>>>>>>>>>>>>>>>>>>>>>>>>>>>>>>>>>>>>>>>>>>>>>>>>>>>>>
# [SECTION REPORT EMERGING POLAR PARTICLES DISTRIBUTION]
# Units are particles/(sr history)
#
# Polar angle minimum, maximum, polar bins:
#  0.00000E+00  1.80000E+02    90
#
# theta (deg) :     e-     : +-2sigma :   photons  : +-2sigma :     e+     : +-2sigma :
   1.00000E+00  0.00000E+00  0.000E+00  1.58430E-03  8.138E-05  0.00000E+00  0.000E+00
   3.00000E+00  0.00000E+00  0.000E+00  1.56752E-03  4.674E-05  0.00000E+00  0.000E+00
   5.00000E+00  0.00000E+00  0.000E+00  1.58393E-03  3.641E-05  0.00000E+00  0.000E+00
   7.00000E+00  0.00000E+00  0.000E+00  1.53878E-03  3.035E-05  0.00000E+00  0.000E+00
   9.00000E+00  0.00000E+00  0.000E+00  1.52115E-03  2.663E-05  0.00000E+00  0.000E+00
   1.10000E+01  0.00000E+00  0.000E+00  1.52651E-03  2.416E-05  0.00000E+00  0.000E+00
   1.30000E+01  0.00000E+00  0.000E+00  1.52258E-03  2.222E-05  0.00000E+00  0.000E+00
   1.50000E+01  0.00000E+00  0.000E+00  1.46533E-03  2.032E-05  0.00000E+00  0.000E+00
   1.70000E+01  0.00000E+00  0.000E+00  1.42749E-03  1.887E-05  0.00000E+00  0.000E+00
   1.90000E+01  0.00000E+00  0.000E+00  1.40815E-03  1.776E-05  0.00000E+00  0.000E+00
   2.10000E+01  0.00000E+00  0.000E+00  1.36391E-03  1.666E-05  0.00000E+00  0.000E+00
   2.30000E+01  0.00000E+00  0.000E+00  1.32926E-03  1.575E-05  0.00000E+00  0.000E+00
   2.50000E+01  0.00000E+00  0.000E+00  1.28719E-03  1.491E-05  0.00000E+00  0.000E+00
   2.70000E+01  0.00000E+00  0.000E+00  1.22467E-03  1.403E-05  0.00000E+00  0.000E+00
   2.90000E+01  0.00000E+00  0.000E+00  1.18106E-03  1.333E-05  0.00000E+00  0.000E+00
   3.10000E+01  0.00000E+00  0.000E+00  1.13061E-03  1.265E-05  0.00000E+00  0.000E+00
   3.30000E+01  0.00000E+00  0.000E+00  1.09230E-03  1.210E-05  0.00000E+00  0.000E+00
   3.50000E+01  0.00000E+00  0.000E+00  1.05376E-03  1.158E-05  0.00000E+00  0.000E+00
   3.70000E+01  0.00000E+00  0.000E+00  1.02359E-03  1.114E-05  0.00000E+00  0.000E+00
   3.90000E+01  0.00000E+00  0.000E+00  1.00268E-03  1.078E-05  0.00000E+00  0.000E+00
   4.10000E+01  0.00000E+00  0.000E+00  9.71515E-04  1.039E-05  0.00000E+00  0.000E+00
   4.30000E+01  0.00000E+00  0.000E+00  9.40019E-04  1.003E-05  0.00000E+00  0.000E+00
   4.50000E+01  0.00000E+00  0.000E+00  9.17164E-04  9.727E-06  0.00000E+00  0.000E+00
   4.70000E+01  0.00000E+00  0.000E+00  8.94638E-04  9.446E-06  0.00000E+00  0.000E+00
   4.90000E+01  0.00000E+00  0.000E+00  8.67652E-04  9.158E-06  0.00000E+00  0.000E+00
   5.10000E+01  0.00000E+00  0.000E+00  8.45677E-04  8.909E-06  0.00000E+00  0.000E+00
   5.30000E+01  0.00000E+00  0.000E+00  8.33701E-04  8.726E-06  0.00000E+00  0.000E+00
   5.50000E+01  0.00000E+00  0.000E+00  8.04248E-04  8.463E-06  0.00000E+00  0.000E+00
   5.70000E+01  0.00000E+00  0.000E+00  7.79463E-04  8.234E-06  0.00000E+00  0.000E+00
   5.90000E+01  0.00000E+00  0.000E+00  7.61239E-04  8.049E-06  0.00000E+00  0.000E+00
   6.10000E+01  0.00000E+00  0.000E+00  7.40606E-04  7.859E-06  0.00000E+00  0.000E+00
   6.30000E+01  0.00000E+00  0.000E+00  7.21766E-04  7.687E-06  0.00000E+00  0.000E+00
   6.50000E+01  0.00000E+00  0.000E+00  7.00504E-04  7.509E-06  0.00000E+00  0.000E+00
   6.70000E+01  0.00000E+00  0.000E+00  6.89581E-04  7.392E-06  0.00000E+00  0.000E+00
   6.90000E+01  0.00000E+00  0.000E+00  6.68279E-04  7.226E-06  0.00000E+00  0.000E+00
   7.10000E+01  0.00000E+00  0.000E+00  6.59475E-04  7.133E-06  0.00000E+00  0.000E+00
   7.30000E+01  0.00000E+00  0.000E+00  6.40098E-04  6.988E-06  0.00000E+00  0.000E+00
   7.50000E+01  0.00000E+00  0.000E+00  6.26452E-04  6.878E-06  0.00000E+00  0.000E+00
   7.70000E+01  0.00000E+00  0.000E+00  5.71401E-04  6.540E-06  0.00000E+00  0.000E+00
   7.90000E+01  0.00000E+00  0.000E+00  4.85350E-04  6.006E-06  0.00000E+00  0.000E+00
   8.10000E+01  0.00000E+00  0.000E+00  4.50166E-04  5.766E-06  0.00000E+00  0.000E+00
   8.30000E+01  0.00000E+00  0.000E+00  4.22641E-04  5.573E-06  0.00000E+00  0.000E+00
   8.50000E+01  0.00000E+00  0.000E+00  4.05220E-04  5.447E-06  0.00000E+00  0.000E+00
   8.70000E+01  0.00000E+00  0.000E+00  3.89877E-04  5.337E-06  0.00000E+00  0.000E+00
   8.90000E+01  0.00000E+00  0.000E+00  3.84185E-04  5.294E-06  0.00000E+00  0.000E+00
   9.10000E+01  0.00000E+00  0.000E+00  3.72820E-04  5.215E-06  0.00000E+00  0.000E+00
   9.30000E+01  0.00000E+00  0.000E+00  3.84398E-04  5.299E-06  0.00000E+00  0.000E+00
   9.50000E+01  0.00000E+00  0.000E+00  3.86729E-04  5.322E-06  0.00000E+00  0.000E+00
   9.70000E+01  0.00000E+00  0.000E+00  4.01987E-04  5.435E-06  0.00000E+00  0.000E+00
   9.90000E+01  0.00000E+00  0.000E+00  4.24831E-04  5.602E-06  0.00000E+00  0.000E+00
   1.01000E+02  0.00000E+00  0.000E+00  4.60471E-04  5.850E-06  0.00000E+00  0.000E+00
   1.03000E+02  0.00000E+00  0.000E+00  5.15414E-04  6.212E-06  0.00000E+00  0.000E+00
   1.05000E+02  0.00000E+00  0.000E+00  6.11913E-04  6.798E-06  0.00000E+00  0.000E+00
   1.07000E+02  0.00000E+00  0.000E+00  6.40212E-04  6.988E-06  0.00000E+00  0.000E+00
   1.09000E+02  0.00000E+00  0.000E+00  6.50235E-04  7.083E-06  0.00000E+00  0.000E+00
   1.11000E+02  0.00000E+00  0.000E+00  6.55522E-04  7.157E-06  0.00000E+00  0.000E+00
   1.13000E+02  0.00000E+00  0.000E+00  6.64319E-04  7.256E-06  0.00000E+00  0.000E+00
   1.15000E+02  0.00000E+00  0.000E+00  6.67702E-04  7.331E-06  0.00000E+00  0.000E+00
   1.17000E+02  0.00000E+00  0.000E+00  6.72925E-04  7.422E-06  0.00000E+00  0.000E+00
   1.19000E+02  0.00000E+00  0.000E+00  6.73250E-04  7.493E-06  0.00000E+00  0.000E+00
   1.21000E+02  0.00000E+00  0.000E+00  6.72148E-04  7.563E-06  0.00000E+00  0.000E+00
   1.23000E+02  0.00000E+00  0.000E+00  6.67443E-04  7.619E-06  0.00000E+00  0.000E+00
   1.25000E+02  0.00000E+00  0.000E+00  6.58788E-04  7.659E-06  0.00000E+00  0.000E+00
   1.27000E+02  0.00000E+00  0.000E+00  6.49130E-04  7.700E-06  0.00000E+00  0.000E+00
   1.29000E+02  0.00000E+00  0.000E+00  6.30069E-04  7.690E-06  0.00000E+00  0.000E+00
   1.31000E+02  0.00000E+00  0.000E+00  6.08707E-04  7.670E-06  0.00000E+00  0.000E+00
   1.33000E+02  0.00000E+00  0.000E+00  5.70414E-04  7.543E-06  0.00000E+00  0.000E+00
   1.35000E+02  0.00000E+00  0.000E+00  5.31732E-04  7.407E-06  0.00000E+00  0.000E+00
   1.37000E+02  0.00000E+00  0.000E+00  4.81830E-04  7.179E-06  0.00000E+00  0.000E+00
   1.39000E+02  0.00000E+00  0.000E+00  4.12559E-04  6.773E-06  0.00000E+00  0.000E+00
   1.41000E+02  0.00000E+00  0.000E+00  3.50678E-04  6.376E-06  0.00000E+00  0.000E+00
   1.43000E+02  0.00000E+00  0.000E+00  2.74453E-04  5.768E-06  0.00000E+00  0.000E+00
   1.45000E+02  0.00000E+00  0.000E+00  1.95496E-04  4.986E-06  0.00000E+00  0.000E+00
   1.47000E+02  0.00000E+00  0.000E+00  1.01836E-04  3.693E-06  0.00000E+00  0.000E+00
   1.49000E+02  0.00000E+00  0.000E+00  2.55323E-05  1.902E-06  0.00000E+00  0.000E+00
   1.51000E+02  0.00000E+00  0.000E+00  3.38584E-07  2.257E-07  0.00000E+00  0.000E+00
   1.53000E+02  0.00000E+00  0.000E+00  2.00871E-07  1.797E-07  0.00000E+00  0.000E+00
   1.55000E+02  0.00000E+00  0.000E+00  3.02096E-07  2.284E-07  0.00000E+00  0.000E+00
   1.57000E+02  0.00000E+00  0.000E+00  2.80071E-07  2.287E-07  0.00000E+00  0.000E+00
   1.59000E+02  0.00000E+00  0.000E+00  2.03576E-07  2.036E-07  0.00000E+00  0.000E+00
   1.61000E+02  0.00000E+00  0.000E+00  2.24085E-07  2.241E-07  0.00000E+00  0.000E+00
   1.63000E+02  0.00000E+00  0.000E+00  6.23820E-08  1.248E-07  0.00000E+00  0.000E+00
   1.65000E+02  0.00000E+00  0.000E+00  2.11407E-07  2.441E-07  0.00000E+00  0.000E+00
   1.67000E+02  0.00000E+00  0.000E+00  2.43236E-07  2.809E-07  0.00000E+00  0.000E+00
   1.69000E+02  0.00000E+00  0.000E+00  1.91173E-07  2.704E-07  0.00000E+00  0.000E+00
   1.71000E+02  0.00000E+00  0.000E+00  0.00000E+00  0.000E+00  0.00000E+00  0.000E+00
   1.73000E+02  0.00000E+00  0.000E+00  0.00000E+00  0.000E+00  0.00000E+00  0.000E+00
   1.75000E+02  0.00000E+00  0.000E+00  0.00000E+00  0.000E+00  0.00000E+00  0.000E+00
   1.77000E+02  0.00000E+00  0.000E+00  0.00000E+00  0.000E+00  0.00000E+00  0.000E+00
   1.79000E+02  0.00000E+00  0.000E+00  3.13517E-06  3.620E-06  0.00000E+00  0.000E+00
