#>>>>>>>>>>>>>>>>>>>>>>>>>>>>>>>>>>>>>>>>>>>>>>>>>>>>>>>>>>>>
# [SECTION REPORT EMERGING UPBOUND PARTICLES DISTRIBUTION]
# Units are particles/(eV history)
# Energy window (eV), energy bins:
#  3.00000E+04  4.01000E+04   200
#
# Energy (eV) :     e-     : +-2sigma :   photons  : +-2sigma :     e+     : +-2sigma :
   3.00252E+04  0.00000E+00  0.000E+00  2.19406E-08  2.637E-09  0.00000E+00  0.000E+00
   3.00758E+04  0.00000E+00  0.000E+00  2.46337E-08  2.794E-09  0.00000E+00  0.000E+00
   3.01262E+04  0.00000E+00  0.000E+00  2.61386E-08  2.878E-09  0.00000E+00  0.000E+00
   3.01768E+04  0.00000E+00  0.000E+00  2.41584E-08  2.767E-09  0.00000E+00  0.000E+00
   3.02272E+04  0.00000E+00  0.000E+00  2.55842E-08  2.847E-09  0.00000E+00  0.000E+00
   3.02778E+04  0.00000E+00  0.000E+00  2.41584E-08  2.767E-09  0.00000E+00  0.000E+00
   3.03282E+04  0.00000E+00  0.000E+00  2.74059E-08  2.947E-09  0.00000E+00  0.000E+00
   3.03788E+04  0.00000E+00  0.000E+00  2.64554E-08  2.895E-09  0.00000E+00  0.000E+00
   3.04292E+04  0.00000E+00  0.000E+00  2.55050E-08  2.843E-09  0.00000E+00  0.000E+00
   3.04798E+04  0.00000E+00  0.000E+00  2.89109E-08  3.027E-09  0.00000E+00  0.000E+00
   3.05302E+04  0.00000E+00  0.000E+00  3.12871E-08  3.148E-09  0.00000E+00  0.000E+00
   3.05808E+04  0.00000E+00  0.000E+00  3.00198E-08  3.084E-09  0.00000E+00  0.000E+00
   3.06312E+04  0.00000E+00  0.000E+00  3.29505E-08  3.231E-09  0.00000E+00  0.000E+00
   3.06818E+04  0.00000E+00  0.000E+00  3.52475E-08  3.342E-09  0.00000E+00  0.000E+00
   3.07322E+04  0.00000E+00  0.000E+00  3.67525E-08  3.412E-09  0.00000E+00  0.000E+00
   3.07828E+04  0.00000E+00  0.000E+00  3.40594E-08  3.285E-09  0.00000E+00  0.000E+00
   3.08332E+04  0.00000E+00  0.000E+00  3.45347E-08  3.308E-09  0.00000E+00  0.000E+00
   3.08838E+04  0.00000E+00  0.000E+00  3.54851E-08  3.353E-09  0.00000E+00  0.000E+00
   3.09342E+04  0.00000E+00  0.000E+00  3.97624E-08  3.549E-09  0.00000E+00  0.000E+00
   3.09848E+04  0.00000E+00  0.000E+00  3.70693E-08  3.427E-09  0.00000E+00  0.000E+00
   3.10352E+04  0.00000E+00  0.000E+00  3.20792E-08  3.188E-09  0.00000E+00  0.000E+00
   3.10858E+04  0.00000E+00  0.000E+00  3.35842E-08  3.262E-09  0.00000E+00  0.000E+00
   3.11362E+04  0.00000E+00  0.000E+00  2.94653E-08  3.055E-09  0.00000E+00  0.000E+00
   3.11868E+04  0.00000E+00  0.000E+00  3.17624E-08  3.172E-09  0.00000E+00  0.000E+00
   3.12372E+04  0.00000E+00  0.000E+00  3.42970E-08  3.296E-09  0.00000E+00  0.000E+00
   3.12878E+04  0.00000E+00  0.000E+00  3.37426E-08  3.270E-09  0.00000E+00  0.000E+00
   3.13382E+04  0.00000E+00  0.000E+00  3.52475E-08  3.342E-09  0.00000E+00  0.000E+00
   3.13888E+04  0.00000E+00  0.000E+00  3.58020E-08  3.368E-09  0.00000E+00  0.000E+00
   3.14392E+04  0.00000E+00  0.000E+00  3.99208E-08  3.556E-09  0.00000E+00  0.000E+00
   3.14898E+04  0.00000E+00  0.000E+00  3.65149E-08  3.401E-09  0.00000E+00  0.000E+00
   3.15402E+04  0.00000E+00  0.000E+00  4.10297E-08  3.605E-09  0.00000E+00  0.000E+00
   3.15908E+04  0.00000E+00  0.000E+00  4.37228E-08  3.722E-09  0.00000E+00  0.000E+00
   3.16412E+04  0.00000E+00  0.000E+00  4.49109E-08  3.772E-09  0.00000E+00  0.000E+00
   3.16918E+04  0.00000E+00  0.000E+00  4.99010E-08  3.976E-09  0.00000E+00  0.000E+00
   3.17422E+04  0.00000E+00  0.000E+00  4.65743E-08  3.841E-09  0.00000E+00  0.000E+00
   3.17928E+04  0.00000E+00  0.000E+00  4.88713E-08  3.935E-09  0.00000E+00  0.000E+00
   3.18432E+04  0.00000E+00  0.000E+00  5.56832E-08  4.200E-09  0.00000E+00  0.000E+00
   3.18938E+04  0.00000E+00  0.000E+00  5.18020E-08  4.051E-09  0.00000E+00  0.000E+00
   3.19442E+04  0.00000E+00  0.000E+00  5.45743E-08  4.158E-09  0.00000E+00  0.000E+00
   3.19948E+04  0.00000E+00  0.000E+00  5.95644E-08  4.344E-09  0.00000E+00  0.000E+00
   3.20452E+04  0.00000E+00  0.000E+00  6.32079E-08  4.475E-09  0.00000E+00  0.000E+00
   3.20958E+04  0.00000E+00  0.000E+00  6.47129E-08  4.528E-09  0.00000E+00  0.000E+00
   3.21462E+04  0.00000E+00  0.000E+00  6.80396E-08  4.643E-09  0.00000E+00  0.000E+00
   3.21968E+04  0.00000E+00  0.000E+00  6.91485E-08  4.681E-09  0.00000E+00  0.000E+00
   3.22472E+04  0.00000E+00  0.000E+00  7.12079E-08  4.750E-09  0.00000E+00  0.000E+00
   3.22978E+04  0.00000E+00  0.000E+00  7.62772E-08  4.916E-09  0.00000E+00  0.000E+00
   3.23482E+04  0.00000E+00  0.000E+00  7.46931E-08  4.865E-09  0.00000E+00  0.000E+00
   3.23988E+04  0.00000E+00  0.000E+00  8.11881E-08  5.072E-09  0.00000E+00  0.000E+00
   3.24492E+04  0.00000E+00  0.000E+00  8.68911E-08  5.247E-09  0.00000E+00  0.000E+00
   3.24998E+04  0.00000E+00  0.000E+00  9.11683E-08  5.374E-09  0.00000E+00  0.000E+00
   3.25502E+04  0.00000E+00  0.000E+00  9.40198E-08  5.458E-09  0.00000E+00  0.000E+00
   3.26008E+04  0.00000E+00  0.000E+00  9.99604E-08  5.628E-09  0.00000E+00  0.000E+00
   3.26512E+04  0.00000E+00  0.000E+00  1.06693E-07  5.814E-09  0.00000E+00  0.000E+00
   3.27018E+04  0.00000E+00  0.000E+00  1.15644E-07  6.053E-09  0.00000E+00  0.000E+00
   3.27522E+04  0.00000E+00  0.000E+00  1.21505E-07  6.205E-09  0.00000E+00  0.000E+00
   3.28028E+04  0.00000E+00  0.000E+00  1.26653E-07  6.335E-09  0.00000E+00  0.000E+00
   3.28532E+04  0.00000E+00  0.000E+00  1.33069E-07  6.493E-09  0.00000E+00  0.000E+00
   3.29038E+04  0.00000E+00  0.000E+00  1.41069E-07  6.685E-09  0.00000E+00  0.000E+00
   3.29542E+04  0.00000E+00  0.000E+00  1.56119E-07  7.033E-09  0.00000E+00  0.000E+00
   3.30048E+04  0.00000E+00  0.000E+00  1.56198E-07  7.035E-09  0.00000E+00  0.000E+00
   3.30552E+04  0.00000E+00  0.000E+00  1.67366E-07  7.282E-09  0.00000E+00  0.000E+00
   3.31058E+04  0.00000E+00  0.000E+00  1.74337E-07  7.432E-09  0.00000E+00  0.000E+00
   3.31562E+04  0.00000E+00  0.000E+00  1.91921E-07  7.798E-09  0.00000E+00  0.000E+00
   3.32068E+04  0.00000E+00  0.000E+00  1.99525E-07  7.951E-09  0.00000E+00  0.000E+00
   3.32572E+04  0.00000E+00  0.000E+00  2.04119E-07  8.042E-09  0.00000E+00  0.000E+00
   3.33078E+04  0.00000E+00  0.000E+00  2.13386E-07  8.222E-09  0.00000E+00  0.000E+00
   3.33582E+04  0.00000E+00  0.000E+00  2.33743E-07  8.606E-09  0.00000E+00  0.000E+00
   3.34088E+04  0.00000E+00  0.000E+00  2.51089E-07  8.919E-09  0.00000E+00  0.000E+00
   3.34592E+04  0.00000E+00  0.000E+00  2.65030E-07  9.163E-09  0.00000E+00  0.000E+00
   3.35098E+04  0.00000E+00  0.000E+00  2.79446E-07  9.409E-09  0.00000E+00  0.000E+00
   3.35602E+04  0.00000E+00  0.000E+00  3.00990E-07  9.765E-09  0.00000E+00  0.000E+00
   3.36108E+04  0.00000E+00  0.000E+00  3.19208E-07  1.006E-08  0.00000E+00  0.000E+00
   3.36612E+04  0.00000E+00  0.000E+00  3.39960E-07  1.038E-08  0.00000E+00  0.000E+00
   3.37118E+04  0.00000E+00  0.000E+00  3.57782E-07  1.065E-08  0.00000E+00  0.000E+00
   3.37622E+04  0.00000E+00  0.000E+00  3.79406E-07  1.096E-08  0.00000E+00  0.000E+00
   3.38128E+04  0.00000E+00  0.000E+00  3.91129E-07  1.113E-08  0.00000E+00  0.000E+00
   3.38632E+04  0.00000E+00  0.000E+00  4.08079E-07  1.137E-08  0.00000E+00  0.000E+00
   3.39138E+04  0.00000E+00  0.000E+00  4.39762E-07  1.180E-08  0.00000E+00  0.000E+00
   3.39642E+04  0.00000E+00  0.000E+00  4.71525E-07  1.222E-08  0.00000E+00  0.000E+00
   3.40148E+04  0.00000E+00  0.000E+00  4.98218E-07  1.256E-08  0.00000E+00  0.000E+00
   3.40652E+04  0.00000E+00  0.000E+00  5.23406E-07  1.288E-08  0.00000E+00  0.000E+00
   3.41158E+04  0.00000E+00  0.000E+00  5.54693E-07  1.326E-08  0.00000E+00  0.000E+00
   3.41662E+04  0.00000E+00  0.000E+00  5.76396E-07  1.351E-08  0.00000E+00  0.000E+00
   3.42168E+04  0.00000E+00  0.000E+00  5.95168E-07  1.373E-08  0.00000E+00  0.000E+00
   3.42672E+04  0.00000E+00  0.000E+00  6.28990E-07  1.412E-08  0.00000E+00  0.000E+00
   3.43178E+04  0.00000E+00  0.000E+00  6.65663E-07  1.452E-08  0.00000E+00  0.000E+00
   3.43682E+04  0.00000E+00  0.000E+00  7.01228E-07  1.491E-08  0.00000E+00  0.000E+00
   3.44188E+04  0.00000E+00  0.000E+00  7.30297E-07  1.521E-08  0.00000E+00  0.000E+00
   3.44692E+04  0.00000E+00  0.000E+00  7.75129E-07  1.567E-08  0.00000E+00  0.000E+00
   3.45198E+04  0.00000E+00  0.000E+00  8.04040E-07  1.596E-08  0.00000E+00  0.000E+00
   3.45702E+04  0.00000E+00  0.000E+00  8.36356E-07  1.628E-08  0.00000E+00  0.000E+00
   3.46208E+04  0.00000E+00  0.000E+00  8.93861E-07  1.683E-08  0.00000E+00  0.000E+00
   3.46712E+04  0.00000E+00  0.000E+00  9.37584E-07  1.723E-08  0.00000E+00  0.000E+00
   3.47218E+04  0.00000E+00  0.000E+00  9.58653E-07  1.743E-08  0.00000E+00  0.000E+00
   3.47722E+04  0.00000E+00  0.000E+00  9.88990E-07  1.770E-08  0.00000E+00  0.000E+00
   3.48228E+04  0.00000E+00  0.000E+00  1.02091E-06  1.798E-08  0.00000E+00  0.000E+00
   3.48732E+04  0.00000E+00  0.000E+00  1.03406E-06  1.810E-08  0.00000E+00  0.000E+00
   3.49238E+04  0.00000E+00  0.000E+00  1.07699E-06  1.847E-08  0.00000E+00  0.000E+00
   3.49742E+04  0.00000E+00  0.000E+00  1.06970E-06  1.841E-08  0.00000E+00  0.000E+00
   3.50248E+04  0.00000E+00  0.000E+00  1.09014E-06  1.858E-08  0.00000E+00  0.000E+00
   3.50752E+04  0.00000E+00  0.000E+00  1.08871E-06  1.857E-08  0.00000E+00  0.000E+00
   3.51258E+04  0.00000E+00  0.000E+00  1.13030E-06  1.892E-08  0.00000E+00  0.000E+00
   3.51762E+04  0.00000E+00  0.000E+00  1.11073E-06  1.876E-08  0.00000E+00  0.000E+00
   3.52268E+04  0.00000E+00  0.000E+00  1.13537E-06  1.897E-08  0.00000E+00  0.000E+00
   3.52772E+04  0.00000E+00  0.000E+00  1.12966E-06  1.892E-08  0.00000E+00  0.000E+00
   3.53278E+04  0.00000E+00  0.000E+00  1.13465E-06  1.896E-08  0.00000E+00  0.000E+00
   3.53782E+04  0.00000E+00  0.000E+00  1.13331E-06  1.895E-08  0.00000E+00  0.000E+00
   3.54288E+04  0.00000E+00  0.000E+00  1.16103E-06  1.918E-08  0.00000E+00  0.000E+00
   3.54792E+04  0.00000E+00  0.000E+00  1.16127E-06  1.918E-08  0.00000E+00  0.000E+00
   3.55298E+04  0.00000E+00  0.000E+00  1.15343E-06  1.912E-08  0.00000E+00  0.000E+00
   3.55802E+04  0.00000E+00  0.000E+00  1.15620E-06  1.914E-08  0.00000E+00  0.000E+00
   3.56308E+04  0.00000E+00  0.000E+00  1.17180E-06  1.927E-08  0.00000E+00  0.000E+00
   3.56812E+04  0.00000E+00  0.000E+00  1.13838E-06  1.899E-08  0.00000E+00  0.000E+00
   3.57318E+04  0.00000E+00  0.000E+00  1.14337E-06  1.903E-08  0.00000E+00  0.000E+00
   3.57822E+04  0.00000E+00  0.000E+00  1.14432E-06  1.904E-08  0.00000E+00  0.000E+00
   3.58328E+04  0.00000E+00  0.000E+00  1.13291E-06  1.895E-08  0.00000E+00  0.000E+00
   3.58832E+04  0.00000E+00  0.000E+00  1.11683E-06  1.881E-08  0.00000E+00  0.000E+00
   3.59338E+04  0.00000E+00  0.000E+00  1.09695E-06  1.864E-08  0.00000E+00  0.000E+00
   3.59842E+04  0.00000E+00  0.000E+00  1.08523E-06  1.854E-08  0.00000E+00  0.000E+00
   3.60348E+04  0.00000E+00  0.000E+00  1.07857E-06  1.849E-08  0.00000E+00  0.000E+00
   3.60852E+04  0.00000E+00  0.000E+00  1.07572E-06  1.846E-08  0.00000E+00  0.000E+00
   3.61358E+04  0.00000E+00  0.000E+00  1.03335E-06  1.809E-08  0.00000E+00  0.000E+00
   3.61862E+04  0.00000E+00  0.000E+00  1.03446E-06  1.810E-08  0.00000E+00  0.000E+00
   3.62368E+04  0.00000E+00  0.000E+00  1.01109E-06  1.790E-08  0.00000E+00  0.000E+00
   3.62872E+04  0.00000E+00  0.000E+00  9.88594E-07  1.770E-08  0.00000E+00  0.000E+00
   3.63378E+04  0.00000E+00  0.000E+00  9.76396E-07  1.759E-08  0.00000E+00  0.000E+00
   3.63882E+04  0.00000E+00  0.000E+00  9.62218E-07  1.746E-08  0.00000E+00  0.000E+00
   3.64388E+04  0.00000E+00  0.000E+00  9.32356E-07  1.719E-08  0.00000E+00  0.000E+00
   3.64892E+04  0.00000E+00  0.000E+00  8.98931E-07  1.688E-08  0.00000E+00  0.000E+00
   3.65398E+04  0.00000E+00  0.000E+00  8.88475E-07  1.678E-08  0.00000E+00  0.000E+00
   3.65902E+04  0.00000E+00  0.000E+00  8.51089E-07  1.642E-08  0.00000E+00  0.000E+00
   3.66408E+04  0.00000E+00  0.000E+00  8.24079E-07  1.616E-08  0.00000E+00  0.000E+00
   3.66912E+04  0.00000E+00  0.000E+00  7.94297E-07  1.586E-08  0.00000E+00  0.000E+00
   3.67418E+04  0.00000E+00  0.000E+00  7.86218E-07  1.578E-08  0.00000E+00  0.000E+00
   3.67922E+04  0.00000E+00  0.000E+00  7.47327E-07  1.539E-08  0.00000E+00  0.000E+00
   3.68428E+04  0.00000E+00  0.000E+00  7.42178E-07  1.533E-08  0.00000E+00  0.000E+00
   3.68932E+04  0.00000E+00  0.000E+00  6.90218E-07  1.479E-08  0.00000E+00  0.000E+00
   3.69438E+04  0.00000E+00  0.000E+00  6.76515E-07  1.464E-08  0.00000E+00  0.000E+00
   3.69942E+04  0.00000E+00  0.000E+00  6.52198E-07  1.437E-08  0.00000E+00  0.000E+00
   3.70448E+04  0.00000E+00  0.000E+00  6.16475E-07  1.398E-08  0.00000E+00  0.000E+00
   3.70952E+04  0.00000E+00  0.000E+00  5.85743E-07  1.362E-08  0.00000E+00  0.000E+00
   3.71458E+04  0.00000E+00  0.000E+00  5.61584E-07  1.334E-08  0.00000E+00  0.000E+00
   3.71962E+04  0.00000E+00  0.000E+00  5.44475E-07  1.313E-08  0.00000E+00  0.000E+00
   3.72468E+04  0.00000E+00  0.000E+00  5.00040E-07  1.259E-08  0.00000E+00  0.000E+00
   3.72972E+04  0.00000E+00  0.000E+00  4.97188E-07  1.255E-08  0.00000E+00  0.000E+00
   3.73478E+04  0.00000E+00  0.000E+00  4.67960E-07  1.218E-08  0.00000E+00  0.000E+00
   3.73982E+04  0.00000E+00  0.000E+00  4.40317E-07  1.181E-08  0.00000E+00  0.000E+00
   3.74488E+04  0.00000E+00  0.000E+00  4.18535E-07  1.152E-08  0.00000E+00  0.000E+00
   3.74992E+04  0.00000E+00  0.000E+00  4.07287E-07  1.136E-08  0.00000E+00  0.000E+00
   3.75498E+04  0.00000E+00  0.000E+00  3.86218E-07  1.106E-08  0.00000E+00  0.000E+00
   3.76002E+04  0.00000E+00  0.000E+00  3.65861E-07  1.077E-08  0.00000E+00  0.000E+00
   3.76508E+04  0.00000E+00  0.000E+00  3.40040E-07  1.038E-08  0.00000E+00  0.000E+00
   3.77012E+04  0.00000E+00  0.000E+00  3.33624E-07  1.028E-08  0.00000E+00  0.000E+00
   3.77518E+04  0.00000E+00  0.000E+00  3.10812E-07  9.923E-09  0.00000E+00  0.000E+00
   3.78022E+04  0.00000E+00  0.000E+00  2.98139E-07  9.719E-09  0.00000E+00  0.000E+00
   3.78528E+04  0.00000E+00  0.000E+00  2.83248E-07  9.473E-09  0.00000E+00  0.000E+00
   3.79032E+04  0.00000E+00  0.000E+00  2.66376E-07  9.187E-09  0.00000E+00  0.000E+00
   3.79538E+04  0.00000E+00  0.000E+00  2.57505E-07  9.032E-09  0.00000E+00  0.000E+00
   3.80042E+04  0.00000E+00  0.000E+00  2.43564E-07  8.785E-09  0.00000E+00  0.000E+00
   3.80548E+04  0.00000E+00  0.000E+00  2.32079E-07  8.575E-09  0.00000E+00  0.000E+00
   3.81052E+04  0.00000E+00  0.000E+00  2.20752E-07  8.363E-09  0.00000E+00  0.000E+00
   3.81558E+04  0.00000E+00  0.000E+00  2.16871E-07  8.289E-09  0.00000E+00  0.000E+00
   3.82062E+04  0.00000E+00  0.000E+00  2.05149E-07  8.062E-09  0.00000E+00  0.000E+00
   3.82568E+04  0.00000E+00  0.000E+00  1.92634E-07  7.812E-09  0.00000E+00  0.000E+00
   3.83072E+04  0.00000E+00  0.000E+00  1.88752E-07  7.733E-09  0.00000E+00  0.000E+00
   3.83578E+04  0.00000E+00  0.000E+00  1.76158E-07  7.471E-09  0.00000E+00  0.000E+00
   3.84082E+04  0.00000E+00  0.000E+00  1.71485E-07  7.371E-09  0.00000E+00  0.000E+00
   3.84588E+04  0.00000E+00  0.000E+00  1.55485E-07  7.019E-09  0.00000E+00  0.000E+00
   3.85092E+04  0.00000E+00  0.000E+00  1.55327E-07  7.015E-09  0.00000E+00  0.000E+00
   3.85598E+04  0.00000E+00  0.000E+00  1.47010E-07  6.825E-09  0.00000E+00  0.000E+00
   3.86102E+04  0.00000E+00  0.000E+00  1.48515E-07  6.860E-09  0.00000E+00  0.000E+00
   3.86608E+04  0.00000E+00  0.000E+00  1.38931E-07  6.635E-09  0.00000E+00  0.000E+00
   3.87112E+04  0.00000E+00  0.000E+00  1.36079E-07  6.566E-09  0.00000E+00  0.000E+00
   3.87618E+04  0.00000E+00  0.000E+00  1.28554E-07  6.382E-09  0.00000E+00  0.000E+00
   3.88122E+04  0.00000E+00  0.000E+00  1.29426E-07  6.404E-09  0.00000E+00  0.000E+00
   3.88628E+04  0.00000E+00  0.000E+00  1.23327E-07  6.251E-09  0.00000E+00  0.000E+00
   3.89132E+04  0.00000E+00  0.000E+00  1.02574E-07  5.701E-09  0.00000E+00  0.000E+00
   3.89638E+04  0.00000E+00  0.000E+00  1.02020E-07  5.685E-09  0.00000E+00  0.000E+00
   3.90142E+04  0.00000E+00  0.000E+00  9.51287E-08  5.490E-09  0.00000E+00  0.000E+00
   3.90648E+04  0.00000E+00  0.000E+00  4.53069E-08  3.789E-09  0.00000E+00  0.000E+00
   3.91152E+04  0.00000E+00  0.000E+00  1.76634E-08  2.366E-09  0.00000E+00  0.000E+00
   3.91658E+04  0.00000E+00  0.000E+00  1.90891E-08  2.459E-09  0.00000E+00  0.000E+00
   3.92162E+04  0.00000E+00  0.000E+00  1.56832E-08  2.229E-09  0.00000E+00  0.000E+00
   3.92668E+04  0.00000E+00  0.000E+00  1.48119E-08  2.166E-09  0.00000E+00  0.000E+00
   3.93172E+04  0.00000E+00  0.000E+00  1.32277E-08  2.047E-09  0.00000E+00  0.000E+00
   3.93678E+04  0.00000E+00  0.000E+00  1.30693E-08  2.035E-09  0.00000E+00  0.000E+00
   3.94182E+04  0.00000E+00  0.000E+00  1.37030E-08  2.084E-09  0.00000E+00  0.000E+00
   3.94688E+04  0.00000E+00  0.000E+00  1.14851E-08  1.908E-09  0.00000E+00  0.000E+00
   3.95192E+04  0.00000E+00  0.000E+00  9.58416E-09  1.743E-09  0.00000E+00  0.000E+00
   3.95698E+04  0.00000E+00  0.000E+00  1.14059E-08  1.901E-09  0.00000E+00  0.000E+00
   3.96202E+04  0.00000E+00  0.000E+00  1.00594E-08  1.785E-09  0.00000E+00  0.000E+00
   3.96708E+04  0.00000E+00  0.000E+00  9.18812E-09  1.706E-09  0.00000E+00  0.000E+00
   3.97212E+04  0.00000E+00  0.000E+00  1.04554E-08  1.820E-09  0.00000E+00  0.000E+00
   3.97718E+04  0.00000E+00  0.000E+00  8.63366E-09  1.654E-09  0.00000E+00  0.000E+00
   3.98222E+04  0.00000E+00  0.000E+00  1.02178E-08  1.799E-09  0.00000E+00  0.000E+00
   3.98728E+04  0.00000E+00  0.000E+00  9.74257E-09  1.757E-09  0.00000E+00  0.000E+00
   3.99232E+04  0.00000E+00  0.000E+00  6.25743E-09  1.408E-09  0.00000E+00  0.000E+00
   3.99738E+04  0.00000E+00  0.000E+00  4.99010E-09  1.257E-09  0.00000E+00  0.000E+00
   4.00242E+04  0.00000E+00  0.000E+00  2.27290E-05  8.481E-08  0.00000E+00  0.000E+00
   4.00748E+04  0.00000E+00  0.000E+00  0.00000E+00  0.000E+00  0.00000E+00  0.000E+00
