#>>>>>>>>>>>>>>>>>>>>>>>>>>>>>>>>>>>>>>>>>>>>>>>>>>>>>>>>>>>>
# [SECTION REPORT EMERGING DOWNBOUND PARTICLES DISTRIBUTION]
# Units are particles/(eV history)
# Energy minimum, maximum, energy bins:
#  3.00000E+04  4.01000E+04   200
#
# Energy (eV) :     e-     : +-2sigma :   photons  : +-2sigma :     e+     : +-2sigma :
   3.00252E+04  0.00000E+00  0.000E+00  1.10891E-09  5.927E-10  0.00000E+00  0.000E+00
   3.00758E+04  0.00000E+00  0.000E+00  9.50495E-10  5.488E-10  0.00000E+00  0.000E+00
   3.01262E+04  0.00000E+00  0.000E+00  1.34653E-09  6.532E-10  0.00000E+00  0.000E+00
   3.01768E+04  0.00000E+00  0.000E+00  1.26733E-09  6.337E-10  0.00000E+00  0.000E+00
   3.02272E+04  0.00000E+00  0.000E+00  1.50495E-09  6.905E-10  0.00000E+00  0.000E+00
   3.02778E+04  0.00000E+00  0.000E+00  1.02970E-09  5.712E-10  0.00000E+00  0.000E+00
   3.03282E+04  0.00000E+00  0.000E+00  1.82178E-09  7.597E-10  0.00000E+00  0.000E+00
   3.03788E+04  0.00000E+00  0.000E+00  1.74257E-09  7.430E-10  0.00000E+00  0.000E+00
   3.04292E+04  0.00000E+00  0.000E+00  1.82178E-09  7.597E-10  0.00000E+00  0.000E+00
   3.04798E+04  0.00000E+00  0.000E+00  1.58416E-09  7.085E-10  0.00000E+00  0.000E+00
   3.05302E+04  0.00000E+00  0.000E+00  1.98020E-09  7.921E-10  0.00000E+00  0.000E+00
   3.05808E+04  0.00000E+00  0.000E+00  1.66337E-09  7.260E-10  0.00000E+00  0.000E+00
   3.06312E+04  0.00000E+00  0.000E+00  1.58416E-09  7.085E-10  0.00000E+00  0.000E+00
   3.06818E+04  0.00000E+00  0.000E+00  1.98020E-09  7.921E-10  0.00000E+00  0.000E+00
   3.07322E+04  0.00000E+00  0.000E+00  9.50495E-10  5.488E-10  0.00000E+00  0.000E+00
   3.07828E+04  0.00000E+00  0.000E+00  2.37624E-09  8.677E-10  0.00000E+00  0.000E+00
   3.08332E+04  0.00000E+00  0.000E+00  2.45545E-09  8.820E-10  0.00000E+00  0.000E+00
   3.08838E+04  0.00000E+00  0.000E+00  1.98020E-09  7.921E-10  0.00000E+00  0.000E+00
   3.09342E+04  0.00000E+00  0.000E+00  2.37624E-09  8.677E-10  0.00000E+00  0.000E+00
   3.09848E+04  0.00000E+00  0.000E+00  2.45545E-09  8.820E-10  0.00000E+00  0.000E+00
   3.10352E+04  0.00000E+00  0.000E+00  7.92079E-10  5.010E-10  0.00000E+00  0.000E+00
   3.10858E+04  0.00000E+00  0.000E+00  1.18812E-09  6.135E-10  0.00000E+00  0.000E+00
   3.11362E+04  0.00000E+00  0.000E+00  1.26733E-09  6.337E-10  0.00000E+00  0.000E+00
   3.11868E+04  0.00000E+00  0.000E+00  1.82178E-09  7.597E-10  0.00000E+00  0.000E+00
   3.12372E+04  0.00000E+00  0.000E+00  1.66337E-09  7.260E-10  0.00000E+00  0.000E+00
   3.12878E+04  0.00000E+00  0.000E+00  9.50495E-10  5.488E-10  0.00000E+00  0.000E+00
   3.13382E+04  0.00000E+00  0.000E+00  1.26733E-09  6.337E-10  0.00000E+00  0.000E+00
   3.13888E+04  0.00000E+00  0.000E+00  1.74257E-09  7.430E-10  0.00000E+00  0.000E+00
   3.14392E+04  0.00000E+00  0.000E+00  1.82178E-09  7.597E-10  0.00000E+00  0.000E+00
   3.14898E+04  0.00000E+00  0.000E+00  1.66337E-09  7.260E-10  0.00000E+00  0.000E+00
   3.15402E+04  0.00000E+00  0.000E+00  1.82178E-09  7.597E-10  0.00000E+00  0.000E+00
   3.15908E+04  0.00000E+00  0.000E+00  2.37624E-09  8.677E-10  0.00000E+00  0.000E+00
   3.16412E+04  0.00000E+00  0.000E+00  2.13861E-09  8.232E-10  0.00000E+00  0.000E+00
   3.16918E+04  0.00000E+00  0.000E+00  2.53465E-09  8.961E-10  0.00000E+00  0.000E+00
   3.17422E+04  0.00000E+00  0.000E+00  1.26733E-09  6.337E-10  0.00000E+00  0.000E+00
   3.17928E+04  0.00000E+00  0.000E+00  2.69307E-09  9.237E-10  0.00000E+00  0.000E+00
   3.18432E+04  0.00000E+00  0.000E+00  2.05941E-09  8.078E-10  0.00000E+00  0.000E+00
   3.18938E+04  0.00000E+00  0.000E+00  1.98020E-09  7.921E-10  0.00000E+00  0.000E+00
   3.19442E+04  0.00000E+00  0.000E+00  3.00990E-09  9.765E-10  0.00000E+00  0.000E+00
   3.19948E+04  0.00000E+00  0.000E+00  2.05941E-09  8.078E-10  0.00000E+00  0.000E+00
   3.20452E+04  0.00000E+00  0.000E+00  3.32673E-09  1.027E-09  0.00000E+00  0.000E+00
   3.20958E+04  0.00000E+00  0.000E+00  2.21782E-09  8.383E-10  0.00000E+00  0.000E+00
   3.21462E+04  0.00000E+00  0.000E+00  1.98020E-09  7.921E-10  0.00000E+00  0.000E+00
   3.21968E+04  0.00000E+00  0.000E+00  2.93069E-09  9.636E-10  0.00000E+00  0.000E+00
   3.22472E+04  0.00000E+00  0.000E+00  3.40594E-09  1.039E-09  0.00000E+00  0.000E+00
   3.22978E+04  0.00000E+00  0.000E+00  2.77228E-09  9.372E-10  0.00000E+00  0.000E+00
   3.23482E+04  0.00000E+00  0.000E+00  2.93069E-09  9.636E-10  0.00000E+00  0.000E+00
   3.23988E+04  0.00000E+00  0.000E+00  3.72277E-09  1.086E-09  0.00000E+00  0.000E+00
   3.24492E+04  0.00000E+00  0.000E+00  3.56436E-09  1.063E-09  0.00000E+00  0.000E+00
   3.24998E+04  0.00000E+00  0.000E+00  3.80198E-09  1.098E-09  0.00000E+00  0.000E+00
   3.25502E+04  0.00000E+00  0.000E+00  4.27723E-09  1.164E-09  0.00000E+00  0.000E+00
   3.26008E+04  0.00000E+00  0.000E+00  3.80198E-09  1.098E-09  0.00000E+00  0.000E+00
   3.26512E+04  0.00000E+00  0.000E+00  3.00990E-09  9.765E-10  0.00000E+00  0.000E+00
   3.27018E+04  0.00000E+00  0.000E+00  4.35644E-09  1.175E-09  0.00000E+00  0.000E+00
   3.27522E+04  0.00000E+00  0.000E+00  3.56436E-09  1.063E-09  0.00000E+00  0.000E+00
   3.28028E+04  0.00000E+00  0.000E+00  3.96040E-09  1.120E-09  0.00000E+00  0.000E+00
   3.28532E+04  0.00000E+00  0.000E+00  3.88119E-09  1.109E-09  0.00000E+00  0.000E+00
   3.29038E+04  0.00000E+00  0.000E+00  4.27723E-09  1.164E-09  0.00000E+00  0.000E+00
   3.29542E+04  0.00000E+00  0.000E+00  4.27723E-09  1.164E-09  0.00000E+00  0.000E+00
   3.30048E+04  0.00000E+00  0.000E+00  4.83168E-09  1.237E-09  0.00000E+00  0.000E+00
   3.30552E+04  0.00000E+00  0.000E+00  4.11881E-09  1.142E-09  0.00000E+00  0.000E+00
   3.31058E+04  0.00000E+00  0.000E+00  4.27723E-09  1.164E-09  0.00000E+00  0.000E+00
   3.31562E+04  0.00000E+00  0.000E+00  3.56436E-09  1.063E-09  0.00000E+00  0.000E+00
   3.32068E+04  0.00000E+00  0.000E+00  5.46535E-09  1.316E-09  0.00000E+00  0.000E+00
   3.32572E+04  0.00000E+00  0.000E+00  5.86139E-09  1.363E-09  0.00000E+00  0.000E+00
   3.33078E+04  0.00000E+00  0.000E+00  5.06931E-09  1.267E-09  0.00000E+00  0.000E+00
   3.33582E+04  0.00000E+00  0.000E+00  5.78218E-09  1.354E-09  0.00000E+00  0.000E+00
   3.34088E+04  0.00000E+00  0.000E+00  5.14851E-09  1.277E-09  0.00000E+00  0.000E+00
   3.34592E+04  0.00000E+00  0.000E+00  5.78218E-09  1.354E-09  0.00000E+00  0.000E+00
   3.35098E+04  0.00000E+00  0.000E+00  5.46535E-09  1.316E-09  0.00000E+00  0.000E+00
   3.35602E+04  0.00000E+00  0.000E+00  6.41584E-09  1.426E-09  0.00000E+00  0.000E+00
   3.36108E+04  0.00000E+00  0.000E+00  6.65347E-09  1.452E-09  0.00000E+00  0.000E+00
   3.36612E+04  0.00000E+00  0.000E+00  7.20792E-09  1.511E-09  0.00000E+00  0.000E+00
   3.37118E+04  0.00000E+00  0.000E+00  7.76238E-09  1.568E-09  0.00000E+00  0.000E+00
   3.37622E+04  0.00000E+00  0.000E+00  8.15842E-09  1.608E-09  0.00000E+00  0.000E+00
   3.38128E+04  0.00000E+00  0.000E+00  8.79208E-09  1.669E-09  0.00000E+00  0.000E+00
   3.38632E+04  0.00000E+00  0.000E+00  8.79208E-09  1.669E-09  0.00000E+00  0.000E+00
   3.39138E+04  0.00000E+00  0.000E+00  8.71287E-09  1.661E-09  0.00000E+00  0.000E+00
   3.39642E+04  0.00000E+00  0.000E+00  9.98020E-09  1.778E-09  0.00000E+00  0.000E+00
   3.40148E+04  0.00000E+00  0.000E+00  9.90099E-09  1.771E-09  0.00000E+00  0.000E+00
   3.40652E+04  0.00000E+00  0.000E+00  9.10891E-09  1.699E-09  0.00000E+00  0.000E+00
   3.41158E+04  0.00000E+00  0.000E+00  1.01386E-08  1.792E-09  0.00000E+00  0.000E+00
   3.41662E+04  0.00000E+00  0.000E+00  1.05347E-08  1.827E-09  0.00000E+00  0.000E+00
   3.42168E+04  0.00000E+00  0.000E+00  1.16436E-08  1.921E-09  0.00000E+00  0.000E+00
   3.42672E+04  0.00000E+00  0.000E+00  1.15644E-08  1.914E-09  0.00000E+00  0.000E+00
   3.43178E+04  0.00000E+00  0.000E+00  1.17228E-08  1.927E-09  0.00000E+00  0.000E+00
   3.43682E+04  0.00000E+00  0.000E+00  1.33069E-08  2.053E-09  0.00000E+00  0.000E+00
   3.44188E+04  0.00000E+00  0.000E+00  1.33069E-08  2.053E-09  0.00000E+00  0.000E+00
   3.44692E+04  0.00000E+00  0.000E+00  1.36238E-08  2.078E-09  0.00000E+00  0.000E+00
   3.45198E+04  0.00000E+00  0.000E+00  1.57624E-08  2.235E-09  0.00000E+00  0.000E+00
   3.45702E+04  0.00000E+00  0.000E+00  1.58416E-08  2.240E-09  0.00000E+00  0.000E+00
   3.46208E+04  0.00000E+00  0.000E+00  1.60792E-08  2.257E-09  0.00000E+00  0.000E+00
   3.46712E+04  0.00000E+00  0.000E+00  1.88515E-08  2.444E-09  0.00000E+00  0.000E+00
   3.47218E+04  0.00000E+00  0.000E+00  1.79010E-08  2.382E-09  0.00000E+00  0.000E+00
   3.47722E+04  0.00000E+00  0.000E+00  1.74257E-08  2.350E-09  0.00000E+00  0.000E+00
   3.48228E+04  0.00000E+00  0.000E+00  1.98020E-08  2.505E-09  0.00000E+00  0.000E+00
   3.48732E+04  0.00000E+00  0.000E+00  2.12277E-08  2.593E-09  0.00000E+00  0.000E+00
   3.49238E+04  0.00000E+00  0.000E+00  2.20198E-08  2.641E-09  0.00000E+00  0.000E+00
   3.49742E+04  0.00000E+00  0.000E+00  2.17030E-08  2.622E-09  0.00000E+00  0.000E+00
   3.50248E+04  0.00000E+00  0.000E+00  2.34455E-08  2.725E-09  0.00000E+00  0.000E+00
   3.50752E+04  0.00000E+00  0.000E+00  2.27327E-08  2.684E-09  0.00000E+00  0.000E+00
   3.51258E+04  0.00000E+00  0.000E+00  2.14653E-08  2.608E-09  0.00000E+00  0.000E+00
   3.51762E+04  0.00000E+00  0.000E+00  2.74851E-08  2.951E-09  0.00000E+00  0.000E+00
   3.52268E+04  0.00000E+00  0.000E+00  2.69307E-08  2.921E-09  0.00000E+00  0.000E+00
   3.52772E+04  0.00000E+00  0.000E+00  2.61386E-08  2.878E-09  0.00000E+00  0.000E+00
   3.53278E+04  0.00000E+00  0.000E+00  3.06535E-08  3.116E-09  0.00000E+00  0.000E+00
   3.53782E+04  0.00000E+00  0.000E+00  3.04950E-08  3.108E-09  0.00000E+00  0.000E+00
   3.54288E+04  0.00000E+00  0.000E+00  2.92277E-08  3.043E-09  0.00000E+00  0.000E+00
   3.54792E+04  0.00000E+00  0.000E+00  3.13663E-08  3.152E-09  0.00000E+00  0.000E+00
   3.55298E+04  0.00000E+00  0.000E+00  3.47723E-08  3.319E-09  0.00000E+00  0.000E+00
   3.55802E+04  0.00000E+00  0.000E+00  3.84950E-08  3.492E-09  0.00000E+00  0.000E+00
   3.56308E+04  0.00000E+00  0.000E+00  3.90495E-08  3.517E-09  0.00000E+00  0.000E+00
   3.56812E+04  0.00000E+00  0.000E+00  3.99208E-08  3.556E-09  0.00000E+00  0.000E+00
   3.57318E+04  0.00000E+00  0.000E+00  4.54653E-08  3.795E-09  0.00000E+00  0.000E+00
   3.57822E+04  0.00000E+00  0.000E+00  4.75248E-08  3.880E-09  0.00000E+00  0.000E+00
   3.58328E+04  0.00000E+00  0.000E+00  5.25941E-08  4.082E-09  0.00000E+00  0.000E+00
   3.58832E+04  0.00000E+00  0.000E+00  5.47327E-08  4.164E-09  0.00000E+00  0.000E+00
   3.59338E+04  0.00000E+00  0.000E+00  5.94851E-08  4.341E-09  0.00000E+00  0.000E+00
   3.59842E+04  0.00000E+00  0.000E+00  6.13069E-08  4.407E-09  0.00000E+00  0.000E+00
   3.60348E+04  0.00000E+00  0.000E+00  6.71683E-08  4.613E-09  0.00000E+00  0.000E+00
   3.60852E+04  0.00000E+00  0.000E+00  6.98614E-08  4.705E-09  0.00000E+00  0.000E+00
   3.61358E+04  0.00000E+00  0.000E+00  7.64356E-08  4.921E-09  0.00000E+00  0.000E+00
   3.61862E+04  0.00000E+00  0.000E+00  8.19010E-08  5.094E-09  0.00000E+00  0.000E+00
   3.62368E+04  0.00000E+00  0.000E+00  9.18020E-08  5.393E-09  0.00000E+00  0.000E+00
   3.62872E+04  0.00000E+00  0.000E+00  9.57624E-08  5.508E-09  0.00000E+00  0.000E+00
   3.63378E+04  0.00000E+00  0.000E+00  1.02416E-07  5.696E-09  0.00000E+00  0.000E+00
   3.63882E+04  0.00000E+00  0.000E+00  1.01703E-07  5.676E-09  0.00000E+00  0.000E+00
   3.64388E+04  0.00000E+00  0.000E+00  1.16040E-07  6.063E-09  0.00000E+00  0.000E+00
   3.64892E+04  0.00000E+00  0.000E+00  1.28000E-07  6.368E-09  0.00000E+00  0.000E+00
   3.65398E+04  0.00000E+00  0.000E+00  1.32198E-07  6.472E-09  0.00000E+00  0.000E+00
   3.65902E+04  0.00000E+00  0.000E+00  1.42970E-07  6.730E-09  0.00000E+00  0.000E+00
   3.66408E+04  0.00000E+00  0.000E+00  1.51050E-07  6.918E-09  0.00000E+00  0.000E+00
   3.66912E+04  0.00000E+00  0.000E+00  1.62535E-07  7.176E-09  0.00000E+00  0.000E+00
   3.67418E+04  0.00000E+00  0.000E+00  1.76475E-07  7.477E-09  0.00000E+00  0.000E+00
   3.67922E+04  0.00000E+00  0.000E+00  1.84634E-07  7.648E-09  0.00000E+00  0.000E+00
   3.68428E+04  0.00000E+00  0.000E+00  1.89545E-07  7.749E-09  0.00000E+00  0.000E+00
   3.68932E+04  0.00000E+00  0.000E+00  2.17347E-07  8.298E-09  0.00000E+00  0.000E+00
   3.69438E+04  0.00000E+00  0.000E+00  2.24000E-07  8.424E-09  0.00000E+00  0.000E+00
   3.69942E+04  0.00000E+00  0.000E+00  2.43564E-07  8.785E-09  0.00000E+00  0.000E+00
   3.70448E+04  0.00000E+00  0.000E+00  2.61941E-07  9.110E-09  0.00000E+00  0.000E+00
   3.70952E+04  0.00000E+00  0.000E+00  2.74376E-07  9.324E-09  0.00000E+00  0.000E+00
   3.71458E+04  0.00000E+00  0.000E+00  3.04634E-07  9.824E-09  0.00000E+00  0.000E+00
   3.71962E+04  0.00000E+00  0.000E+00  3.17624E-07  1.003E-08  0.00000E+00  0.000E+00
   3.72468E+04  0.00000E+00  0.000E+00  3.32911E-07  1.027E-08  0.00000E+00  0.000E+00
   3.72972E+04  0.00000E+00  0.000E+00  3.37109E-07  1.033E-08  0.00000E+00  0.000E+00
   3.73478E+04  0.00000E+00  0.000E+00  3.67446E-07  1.079E-08  0.00000E+00  0.000E+00
   3.73982E+04  0.00000E+00  0.000E+00  3.89228E-07  1.110E-08  0.00000E+00  0.000E+00
   3.74488E+04  0.00000E+00  0.000E+00  3.92158E-07  1.115E-08  0.00000E+00  0.000E+00
   3.74992E+04  0.00000E+00  0.000E+00  4.10455E-07  1.140E-08  0.00000E+00  0.000E+00
   3.75498E+04  0.00000E+00  0.000E+00  4.22574E-07  1.157E-08  0.00000E+00  0.000E+00
   3.76002E+04  0.00000E+00  0.000E+00  4.48950E-07  1.193E-08  0.00000E+00  0.000E+00
   3.76508E+04  0.00000E+00  0.000E+00  4.52356E-07  1.197E-08  0.00000E+00  0.000E+00
   3.77012E+04  0.00000E+00  0.000E+00  4.61465E-07  1.209E-08  0.00000E+00  0.000E+00
   3.77518E+04  0.00000E+00  0.000E+00  4.81980E-07  1.236E-08  0.00000E+00  0.000E+00
   3.78022E+04  0.00000E+00  0.000E+00  5.11129E-07  1.273E-08  0.00000E+00  0.000E+00
   3.78528E+04  0.00000E+00  0.000E+00  5.12950E-07  1.275E-08  0.00000E+00  0.000E+00
   3.79032E+04  0.00000E+00  0.000E+00  5.15723E-07  1.278E-08  0.00000E+00  0.000E+00
   3.79538E+04  0.00000E+00  0.000E+00  5.19762E-07  1.283E-08  0.00000E+00  0.000E+00
   3.80042E+04  0.00000E+00  0.000E+00  5.51050E-07  1.321E-08  0.00000E+00  0.000E+00
   3.80548E+04  0.00000E+00  0.000E+00  5.49386E-07  1.319E-08  0.00000E+00  0.000E+00
   3.81052E+04  0.00000E+00  0.000E+00  5.50020E-07  1.320E-08  0.00000E+00  0.000E+00
   3.81558E+04  0.00000E+00  0.000E+00  5.56436E-07  1.328E-08  0.00000E+00  0.000E+00
   3.82062E+04  0.00000E+00  0.000E+00  5.65941E-07  1.339E-08  0.00000E+00  0.000E+00
   3.82568E+04  0.00000E+00  0.000E+00  5.65228E-07  1.338E-08  0.00000E+00  0.000E+00
   3.83072E+04  0.00000E+00  0.000E+00  5.58020E-07  1.330E-08  0.00000E+00  0.000E+00
   3.83578E+04  0.00000E+00  0.000E+00  5.73624E-07  1.348E-08  0.00000E+00  0.000E+00
   3.84082E+04  0.00000E+00  0.000E+00  5.60554E-07  1.333E-08  0.00000E+00  0.000E+00
   3.84588E+04  0.00000E+00  0.000E+00  5.80752E-07  1.356E-08  0.00000E+00  0.000E+00
   3.85092E+04  0.00000E+00  0.000E+00  5.64436E-07  1.337E-08  0.00000E+00  0.000E+00
   3.85598E+04  0.00000E+00  0.000E+00  5.50891E-07  1.321E-08  0.00000E+00  0.000E+00
   3.86102E+04  0.00000E+00  0.000E+00  5.48990E-07  1.319E-08  0.00000E+00  0.000E+00
   3.86608E+04  0.00000E+00  0.000E+00  5.41307E-07  1.310E-08  0.00000E+00  0.000E+00
   3.87112E+04  0.00000E+00  0.000E+00  5.43366E-07  1.312E-08  0.00000E+00  0.000E+00
   3.87618E+04  0.00000E+00  0.000E+00  5.28871E-07  1.294E-08  0.00000E+00  0.000E+00
   3.88122E+04  0.00000E+00  0.000E+00  5.26733E-07  1.292E-08  0.00000E+00  0.000E+00
   3.88628E+04  0.00000E+00  0.000E+00  5.28238E-07  1.294E-08  0.00000E+00  0.000E+00
   3.89132E+04  0.00000E+00  0.000E+00  4.66772E-07  1.216E-08  0.00000E+00  0.000E+00
   3.89638E+04  0.00000E+00  0.000E+00  4.59564E-07  1.207E-08  0.00000E+00  0.000E+00
   3.90142E+04  0.00000E+00  0.000E+00  4.52119E-07  1.197E-08  0.00000E+00  0.000E+00
   3.90648E+04  0.00000E+00  0.000E+00  3.88277E-07  1.109E-08  0.00000E+00  0.000E+00
   3.91152E+04  0.00000E+00  0.000E+00  3.55564E-07  1.061E-08  0.00000E+00  0.000E+00
   3.91658E+04  0.00000E+00  0.000E+00  3.34495E-07  1.029E-08  0.00000E+00  0.000E+00
   3.92162E+04  0.00000E+00  0.000E+00  3.08198E-07  9.882E-09  0.00000E+00  0.000E+00
   3.92668E+04  0.00000E+00  0.000E+00  2.87604E-07  9.546E-09  0.00000E+00  0.000E+00
   3.93172E+04  0.00000E+00  0.000E+00  2.73267E-07  9.305E-09  0.00000E+00  0.000E+00
   3.93678E+04  0.00000E+00  0.000E+00  2.51248E-07  8.922E-09  0.00000E+00  0.000E+00
   3.94182E+04  0.00000E+00  0.000E+00  2.29149E-07  8.521E-09  0.00000E+00  0.000E+00
   3.94688E+04  0.00000E+00  0.000E+00  2.11248E-07  8.181E-09  0.00000E+00  0.000E+00
   3.95192E+04  0.00000E+00  0.000E+00  1.83683E-07  7.629E-09  0.00000E+00  0.000E+00
   3.95698E+04  0.00000E+00  0.000E+00  1.62297E-07  7.171E-09  0.00000E+00  0.000E+00
   3.96202E+04  0.00000E+00  0.000E+00  1.47881E-07  6.845E-09  0.00000E+00  0.000E+00
   3.96708E+04  0.00000E+00  0.000E+00  1.26733E-07  6.337E-09  0.00000E+00  0.000E+00
   3.97212E+04  0.00000E+00  0.000E+00  1.15327E-07  6.045E-09  0.00000E+00  0.000E+00
   3.97718E+04  0.00000E+00  0.000E+00  9.89307E-08  5.599E-09  0.00000E+00  0.000E+00
   3.98222E+04  0.00000E+00  0.000E+00  8.73663E-08  5.261E-09  0.00000E+00  0.000E+00
   3.98728E+04  0.00000E+00  0.000E+00  7.48515E-08  4.870E-09  0.00000E+00  0.000E+00
   3.99232E+04  0.00000E+00  0.000E+00  5.11683E-08  4.026E-09  0.00000E+00  0.000E+00
   3.99738E+04  0.00000E+00  0.000E+00  2.66139E-08  2.904E-09  0.00000E+00  0.000E+00
   4.00242E+04  0.00000E+00  0.000E+00  2.90025E-05  9.579E-08  0.00000E+00  0.000E+00
   4.00748E+04  0.00000E+00  0.000E+00  0.00000E+00  0.000E+00  0.00000E+00  0.000E+00
