#>>>>>>>>>>>>>>>>>>>>>>>>>>>>>>>>>>>>>>>>>>>>>>>>>>>>>>>>>>>>
# [SECTION REPORT EMERGING DOWNBOUND PARTICLES DISTRIBUTION]
# Units are particles/(eV history)
# Energy minimum, maximum, energy bins:
#  0.00000E+00  1.45000E+06   280
#
# Energy (eV) :     e-     : +-2sigma :   photons  : +-2sigma :     e+     : +-2sigma :
   2.58929E+03  0.00000E+00  0.000E+00  1.54483E-11  1.092E-11  0.00000E+00  0.000E+00
   7.76786E+03  0.00000E+00  0.000E+00  4.84303E-09  1.940E-10  0.00000E+00  0.000E+00
   1.29464E+04  0.00000E+00  0.000E+00  2.81931E-10  4.667E-11  0.00000E+00  0.000E+00
   1.81250E+04  0.00000E+00  0.000E+00  4.78897E-10  6.082E-11  0.00000E+00  0.000E+00
   2.33036E+04  0.00000E+00  0.000E+00  8.78621E-10  8.238E-11  0.00000E+00  0.000E+00
   2.84821E+04  0.00000E+00  0.000E+00  2.62930E-08  4.515E-10  0.00000E+00  0.000E+00
   3.36607E+04  0.00000E+00  0.000E+00  9.18400E-09  2.664E-10  0.00000E+00  0.000E+00
   3.88393E+04  0.00000E+00  0.000E+00  1.71476E-09  1.151E-10  0.00000E+00  0.000E+00
   4.40179E+04  0.00000E+00  0.000E+00  2.13379E-09  1.284E-10  0.00000E+00  0.000E+00
   4.91964E+04  2.89655E-10  4.730E-11  2.52000E-09  1.397E-10  0.00000E+00  0.000E+00
   5.43750E+04  9.57793E-10  8.601E-11  3.35228E-09  1.610E-10  1.93103E-12  3.862E-12
   5.95536E+04  9.77103E-10  8.687E-11  3.95476E-09  1.749E-10  0.00000E+00  0.000E+00
   6.47321E+04  1.13738E-09  9.373E-11  5.28331E-09  2.022E-10  0.00000E+00  0.000E+00
   6.99107E+04  1.20303E-09  9.655E-11  7.31669E-09  2.378E-10  0.00000E+00  0.000E+00
   7.50893E+04  1.34014E-09  1.017E-10  9.76910E-09  2.747E-10  1.93103E-12  3.862E-12
   8.02679E+04  1.26483E-09  9.884E-11  1.39575E-08  3.284E-10  1.93103E-12  3.862E-12
   8.54464E+04  1.37103E-09  1.029E-10  1.92910E-08  3.861E-10  0.00000E+00  0.000E+00
   9.06250E+04  1.48883E-09  1.072E-10  2.59898E-08  4.482E-10  0.00000E+00  0.000E+00
   9.58036E+04  1.59697E-09  1.111E-10  3.50676E-08  5.206E-10  0.00000E+00  0.000E+00
   1.00982E+05  1.62979E-09  1.122E-10  4.52577E-08  5.913E-10  0.00000E+00  0.000E+00
   1.06161E+05  1.67807E-09  1.138E-10  5.75062E-08  6.667E-10  1.93103E-12  3.862E-12
   1.11339E+05  1.73986E-09  1.159E-10  7.13131E-08  7.424E-10  0.00000E+00  0.000E+00
   1.16518E+05  1.85572E-09  1.197E-10  8.61898E-08  8.159E-10  1.93103E-12  3.862E-12
   1.21696E+05  1.96772E-09  1.233E-10  1.01559E-07  8.858E-10  5.79310E-12  6.689E-12
   1.26875E+05  1.88662E-09  1.207E-10  1.12948E-07  9.340E-10  0.00000E+00  0.000E+00
   1.32054E+05  1.96000E-09  1.233E-10  1.20556E-07  9.649E-10  0.00000E+00  0.000E+00
   1.37232E+05  1.97352E-09  1.235E-10  1.25768E-07  9.857E-10  0.00000E+00  0.000E+00
   1.42411E+05  2.01600E-09  1.248E-10  1.30354E-07  1.003E-09  1.93103E-12  3.862E-12
   1.47589E+05  2.04110E-09  1.256E-10  1.35391E-07  1.023E-09  0.00000E+00  0.000E+00
   1.52768E+05  2.21876E-09  1.309E-10  1.39473E-07  1.038E-09  0.00000E+00  0.000E+00
   1.57946E+05  2.17821E-09  1.297E-10  1.42593E-07  1.049E-09  1.93103E-12  3.862E-12
   1.63125E+05  2.21103E-09  1.308E-10  1.46278E-07  1.063E-09  3.86207E-12  5.462E-12
   1.68304E+05  2.33076E-09  1.342E-10  1.49690E-07  1.075E-09  0.00000E+00  0.000E+00
   1.73482E+05  2.25159E-09  1.320E-10  1.52262E-07  1.084E-09  0.00000E+00  0.000E+00
   1.78661E+05  2.33076E-09  1.342E-10  1.55738E-07  1.097E-09  0.00000E+00  0.000E+00
   1.83839E+05  2.49876E-09  1.389E-10  1.58880E-07  1.108E-09  0.00000E+00  0.000E+00
   1.89018E+05  2.36552E-09  1.353E-10  1.62259E-07  1.119E-09  3.86207E-12  5.462E-12
   1.94196E+05  2.40800E-09  1.364E-10  1.64881E-07  1.128E-09  1.93103E-12  3.862E-12
   1.99375E+05  2.39641E-09  1.361E-10  1.68172E-07  1.139E-09  0.00000E+00  0.000E+00
   2.04554E+05  2.38676E-09  1.358E-10  1.70553E-07  1.147E-09  0.00000E+00  0.000E+00
   2.09732E+05  2.34621E-09  1.346E-10  1.74023E-07  1.159E-09  0.00000E+00  0.000E+00
   2.14911E+05  2.64359E-09  1.429E-10  1.75790E-07  1.165E-09  3.86207E-12  5.462E-12
   2.20089E+05  2.54703E-09  1.403E-10  1.78499E-07  1.174E-09  1.93103E-12  3.862E-12
   2.25268E+05  2.49297E-09  1.388E-10  1.81730E-07  1.184E-09  0.00000E+00  0.000E+00
   2.30446E+05  2.57021E-09  1.409E-10  1.84317E-07  1.193E-09  0.00000E+00  0.000E+00
   2.35625E+05  2.54317E-09  1.402E-10  1.85905E-07  1.198E-09  0.00000E+00  0.000E+00
   2.40804E+05  2.58566E-09  1.413E-10  1.88090E-07  1.205E-09  0.00000E+00  0.000E+00
   2.45982E+05  2.51807E-09  1.395E-10  1.89361E-07  1.209E-09  1.93103E-12  3.862E-12
   2.51161E+05  2.65131E-09  1.432E-10  1.93594E-07  1.222E-09  1.93103E-12  3.862E-12
   2.56339E+05  2.64166E-09  1.428E-10  1.93368E-07  1.222E-09  0.00000E+00  0.000E+00
   2.61518E+05  2.70924E-09  1.447E-10  1.97448E-07  1.234E-09  0.00000E+00  0.000E+00
   2.66696E+05  2.67448E-09  1.437E-10  1.98655E-07  1.238E-09  0.00000E+00  0.000E+00
   2.71875E+05  2.63586E-09  1.427E-10  1.99433E-07  1.241E-09  0.00000E+00  0.000E+00
   2.77054E+05  2.70345E-09  1.445E-10  2.02693E-07  1.251E-09  0.00000E+00  0.000E+00
   2.82232E+05  2.63393E-09  1.426E-10  2.03948E-07  1.255E-09  0.00000E+00  0.000E+00
   2.87411E+05  2.66097E-09  1.434E-10  2.06016E-07  1.261E-09  0.00000E+00  0.000E+00
   2.92589E+05  2.65324E-09  1.433E-10  2.08318E-07  1.268E-09  0.00000E+00  0.000E+00
   2.97768E+05  2.62234E-09  1.423E-10  2.09813E-07  1.272E-09  0.00000E+00  0.000E+00
   3.02946E+05  2.70731E-09  1.446E-10  2.12093E-07  1.279E-09  0.00000E+00  0.000E+00
   3.08125E+05  2.75559E-09  1.459E-10  2.15743E-07  1.290E-09  0.00000E+00  0.000E+00
   3.13304E+05  2.73048E-09  1.452E-10  2.15838E-07  1.291E-09  0.00000E+00  0.000E+00
   3.18482E+05  2.82510E-09  1.477E-10  2.18350E-07  1.298E-09  0.00000E+00  0.000E+00
   3.23661E+05  2.67834E-09  1.438E-10  2.20839E-07  1.305E-09  0.00000E+00  0.000E+00
   3.28839E+05  2.80000E-09  1.471E-10  2.24579E-07  1.316E-09  0.00000E+00  0.000E+00
   3.34018E+05  2.74786E-09  1.457E-10  2.29420E-07  1.330E-09  0.00000E+00  0.000E+00
   3.39196E+05  2.65903E-09  1.433E-10  2.35636E-07  1.348E-09  0.00000E+00  0.000E+00
   3.44375E+05  2.65324E-09  1.432E-10  2.42536E-07  1.368E-09  0.00000E+00  0.000E+00
   3.49554E+05  2.75559E-09  1.460E-10  2.56814E-07  1.408E-09  0.00000E+00  0.000E+00
   3.54732E+05  2.80579E-09  1.473E-10  2.87261E-07  1.489E-09  0.00000E+00  0.000E+00
   3.59911E+05  2.83669E-09  1.480E-10  3.27807E-07  1.590E-09  0.00000E+00  0.000E+00
   3.65089E+05  2.74400E-09  1.456E-10  3.58151E-07  1.662E-09  0.00000E+00  0.000E+00
   3.70268E+05  2.66869E-09  1.436E-10  3.97758E-07  1.751E-09  0.00000E+00  0.000E+00
   3.75446E+05  2.77876E-09  1.465E-10  4.28385E-07  1.817E-09  0.00000E+00  0.000E+00
   3.80625E+05  2.79034E-09  1.468E-10  4.45020E-07  1.852E-09  0.00000E+00  0.000E+00
   3.85804E+05  2.82124E-09  1.476E-10  4.52086E-07  1.867E-09  0.00000E+00  0.000E+00
   3.90982E+05  2.76331E-09  1.461E-10  4.59034E-07  1.881E-09  0.00000E+00  0.000E+00
   3.96161E+05  2.63779E-09  1.427E-10  4.62521E-07  1.888E-09  0.00000E+00  0.000E+00
   4.01339E+05  2.66869E-09  1.436E-10  4.67138E-07  1.897E-09  0.00000E+00  0.000E+00
   4.06518E+05  2.73434E-09  1.453E-10  4.71002E-07  1.905E-09  0.00000E+00  0.000E+00
   4.11696E+05  2.76331E-09  1.461E-10  4.72850E-07  1.909E-09  0.00000E+00  0.000E+00
   4.16875E+05  2.63779E-09  1.427E-10  4.72953E-07  1.909E-09  0.00000E+00  0.000E+00
   4.22054E+05  2.83283E-09  1.479E-10  4.76689E-07  1.917E-09  0.00000E+00  0.000E+00
   4.27232E+05  2.65131E-09  1.431E-10  4.77081E-07  1.917E-09  0.00000E+00  0.000E+00
   4.32411E+05  2.82510E-09  1.477E-10  4.79323E-07  1.922E-09  0.00000E+00  0.000E+00
   4.37589E+05  2.80386E-09  1.472E-10  4.80169E-07  1.924E-09  0.00000E+00  0.000E+00
   4.42768E+05  2.90428E-09  1.498E-10  4.80140E-07  1.923E-09  0.00000E+00  0.000E+00
   4.47946E+05  2.77490E-09  1.464E-10  4.79267E-07  1.922E-09  0.00000E+00  0.000E+00
   4.53125E+05  2.58952E-09  1.414E-10  4.80047E-07  1.923E-09  0.00000E+00  0.000E+00
   4.58304E+05  2.73241E-09  1.453E-10  4.79625E-07  1.922E-09  0.00000E+00  0.000E+00
   4.63482E+05  2.76138E-09  1.460E-10  4.80675E-07  1.925E-09  0.00000E+00  0.000E+00
   4.68661E+05  2.73048E-09  1.452E-10  4.81776E-07  1.927E-09  0.00000E+00  0.000E+00
   4.73839E+05  2.75559E-09  1.459E-10  4.81739E-07  1.927E-09  0.00000E+00  0.000E+00
   4.79018E+05  2.83862E-09  1.481E-10  4.80003E-07  1.923E-09  0.00000E+00  0.000E+00
   4.84196E+05  2.78069E-09  1.466E-10  4.79922E-07  1.923E-09  0.00000E+00  0.000E+00
   4.89375E+05  2.58372E-09  1.413E-10  4.80696E-07  1.925E-09  0.00000E+00  0.000E+00
   4.94554E+05  2.83862E-09  1.481E-10  4.80801E-07  1.925E-09  0.00000E+00  0.000E+00
   4.99732E+05  2.79421E-09  1.469E-10  4.79570E-07  1.922E-09  0.00000E+00  0.000E+00
   5.04911E+05  2.73628E-09  1.454E-10  4.78597E-07  1.920E-09  0.00000E+00  0.000E+00
   5.10089E+05  2.78069E-09  1.466E-10  6.47549E-07  2.233E-09  0.00000E+00  0.000E+00
   5.15268E+05  2.61848E-09  1.422E-10  4.72337E-07  1.908E-09  0.00000E+00  0.000E+00
   5.20446E+05  2.61076E-09  1.420E-10  4.71024E-07  1.905E-09  0.00000E+00  0.000E+00
   5.25625E+05  2.66869E-09  1.436E-10  4.67291E-07  1.898E-09  0.00000E+00  0.000E+00
   5.30804E+05  2.73821E-09  1.454E-10  4.65563E-07  1.894E-09  0.00000E+00  0.000E+00
   5.35982E+05  2.80000E-09  1.471E-10  4.62956E-07  1.889E-09  0.00000E+00  0.000E+00
   5.41161E+05  2.61269E-09  1.421E-10  4.61434E-07  1.886E-09  0.00000E+00  0.000E+00
   5.46339E+05  2.70924E-09  1.447E-10  4.58972E-07  1.881E-09  0.00000E+00  0.000E+00
   5.51518E+05  2.77103E-09  1.463E-10  4.56549E-07  1.876E-09  0.00000E+00  0.000E+00
   5.56696E+05  2.63007E-09  1.425E-10  4.53202E-07  1.869E-09  0.00000E+00  0.000E+00
   5.61875E+05  2.62814E-09  1.425E-10  4.51252E-07  1.865E-09  0.00000E+00  0.000E+00
   5.67054E+05  2.61848E-09  1.422E-10  4.48915E-07  1.860E-09  0.00000E+00  0.000E+00
   5.72232E+05  2.59145E-09  1.415E-10  4.45746E-07  1.853E-09  0.00000E+00  0.000E+00
   5.77411E+05  2.73821E-09  1.454E-10  4.40081E-07  1.842E-09  0.00000E+00  0.000E+00
   5.82589E+05  2.62814E-09  1.425E-10  4.40672E-07  1.843E-09  0.00000E+00  0.000E+00
   5.87768E+05  2.55669E-09  1.405E-10  4.37536E-07  1.836E-09  0.00000E+00  0.000E+00
   5.92946E+05  2.65903E-09  1.433E-10  4.35014E-07  1.831E-09  0.00000E+00  0.000E+00
   5.98125E+05  2.55669E-09  1.405E-10  4.31480E-07  1.824E-09  0.00000E+00  0.000E+00
   6.03304E+05  2.71117E-09  1.447E-10  4.28777E-07  1.818E-09  0.00000E+00  0.000E+00
   6.08482E+05  2.64166E-09  1.428E-10  4.26009E-07  1.812E-09  0.00000E+00  0.000E+00
   6.13661E+05  2.68607E-09  1.440E-10  4.23458E-07  1.807E-09  0.00000E+00  0.000E+00
   6.18839E+05  2.51034E-09  1.392E-10  4.20803E-07  1.801E-09  0.00000E+00  0.000E+00
   6.24018E+05  2.61269E-09  1.421E-10  4.17227E-07  1.793E-09  0.00000E+00  0.000E+00
   6.29196E+05  2.60497E-09  1.418E-10  4.15835E-07  1.790E-09  0.00000E+00  0.000E+00
   6.34375E+05  2.54317E-09  1.402E-10  4.14458E-07  1.787E-09  0.00000E+00  0.000E+00
   6.39554E+05  2.48331E-09  1.385E-10  4.11239E-07  1.780E-09  0.00000E+00  0.000E+00
   6.44732E+05  2.59145E-09  1.415E-10  4.08393E-07  1.774E-09  0.00000E+00  0.000E+00
   6.49911E+05  2.55669E-09  1.405E-10  4.04948E-07  1.767E-09  0.00000E+00  0.000E+00
   6.55089E+05  2.52772E-09  1.397E-10  4.03505E-07  1.764E-09  0.00000E+00  0.000E+00
   6.60268E+05  2.42152E-09  1.368E-10  4.00419E-07  1.757E-09  0.00000E+00  0.000E+00
   6.65446E+05  2.50262E-09  1.390E-10  3.96679E-07  1.749E-09  0.00000E+00  0.000E+00
   6.70625E+05  2.41186E-09  1.365E-10  3.96092E-07  1.747E-09  0.00000E+00  0.000E+00
   6.75804E+05  2.57407E-09  1.410E-10  3.93251E-07  1.741E-09  0.00000E+00  0.000E+00
   6.80982E+05  2.49876E-09  1.389E-10  3.91077E-07  1.736E-09  0.00000E+00  0.000E+00
   6.86161E+05  2.51228E-09  1.393E-10  3.88086E-07  1.730E-09  0.00000E+00  0.000E+00
   6.91339E+05  2.48524E-09  1.385E-10  3.85558E-07  1.724E-09  0.00000E+00  0.000E+00
   6.96518E+05  2.46593E-09  1.380E-10  3.84129E-07  1.721E-09  0.00000E+00  0.000E+00
   7.01696E+05  2.40993E-09  1.364E-10  3.82103E-07  1.716E-09  0.00000E+00  0.000E+00
   7.06875E+05  2.37324E-09  1.354E-10  3.78002E-07  1.707E-09  0.00000E+00  0.000E+00
   7.12054E+05  2.52000E-09  1.395E-10  3.76629E-07  1.704E-09  0.00000E+00  0.000E+00
   7.17232E+05  2.51034E-09  1.392E-10  3.74574E-07  1.699E-09  0.00000E+00  0.000E+00
   7.22411E+05  2.41379E-09  1.365E-10  3.73051E-07  1.696E-09  0.00000E+00  0.000E+00
   7.27589E+05  2.35779E-09  1.350E-10  3.70206E-07  1.689E-09  0.00000E+00  0.000E+00
   7.32768E+05  2.33269E-09  1.342E-10  3.67829E-07  1.684E-09  0.00000E+00  0.000E+00
   7.37946E+05  2.33269E-09  1.342E-10  3.65151E-07  1.678E-09  0.00000E+00  0.000E+00
   7.43125E+05  2.44276E-09  1.374E-10  3.64369E-07  1.676E-09  0.00000E+00  0.000E+00
   7.48304E+05  2.41186E-09  1.365E-10  3.61069E-07  1.668E-09  0.00000E+00  0.000E+00
   7.53482E+05  2.28055E-09  1.327E-10  3.59053E-07  1.664E-09  0.00000E+00  0.000E+00
   7.58661E+05  2.25352E-09  1.319E-10  3.58060E-07  1.661E-09  0.00000E+00  0.000E+00
   7.63839E+05  2.30952E-09  1.336E-10  3.54055E-07  1.652E-09  0.00000E+00  0.000E+00
   7.69018E+05  2.27283E-09  1.325E-10  3.55038E-07  1.654E-09  0.00000E+00  0.000E+00
   7.74196E+05  2.39255E-09  1.359E-10  3.50977E-07  1.645E-09  0.00000E+00  0.000E+00
   7.79375E+05  2.30179E-09  1.333E-10  3.48540E-07  1.639E-09  0.00000E+00  0.000E+00
   7.84554E+05  2.33462E-09  1.343E-10  3.48167E-07  1.638E-09  0.00000E+00  0.000E+00
   7.89732E+05  2.31724E-09  1.338E-10  3.46966E-07  1.636E-09  0.00000E+00  0.000E+00
   7.94911E+05  2.23807E-09  1.315E-10  3.44454E-07  1.630E-09  0.00000E+00  0.000E+00
   8.00089E+05  2.33076E-09  1.342E-10  3.41478E-07  1.623E-09  0.00000E+00  0.000E+00
   8.05268E+05  2.34041E-09  1.345E-10  3.41235E-07  1.622E-09  0.00000E+00  0.000E+00
   8.10446E+05  2.18400E-09  1.299E-10  3.38609E-07  1.616E-09  0.00000E+00  0.000E+00
   8.15625E+05  2.20138E-09  1.304E-10  3.35600E-07  1.609E-09  0.00000E+00  0.000E+00
   8.20804E+05  2.06814E-09  1.264E-10  3.34488E-07  1.606E-09  0.00000E+00  0.000E+00
   8.25982E+05  2.10676E-09  1.276E-10  3.33723E-07  1.604E-09  0.00000E+00  0.000E+00
   8.31161E+05  2.11641E-09  1.279E-10  3.32231E-07  1.601E-09  0.00000E+00  0.000E+00
   8.36339E+05  2.08359E-09  1.269E-10  3.29282E-07  1.593E-09  0.00000E+00  0.000E+00
   8.41518E+05  2.10483E-09  1.275E-10  3.27154E-07  1.588E-09  0.00000E+00  0.000E+00
   8.46696E+05  1.98897E-09  1.239E-10  3.24841E-07  1.583E-09  0.00000E+00  0.000E+00
   8.51875E+05  2.02952E-09  1.252E-10  3.23023E-07  1.578E-09  0.00000E+00  0.000E+00
   8.57054E+05  2.00634E-09  1.245E-10  3.21988E-07  1.576E-09  0.00000E+00  0.000E+00
   8.62232E+05  1.92717E-09  1.220E-10  3.19553E-07  1.570E-09  0.00000E+00  0.000E+00
   8.67411E+05  1.84607E-09  1.194E-10  3.18111E-07  1.566E-09  0.00000E+00  0.000E+00
   8.72589E+05  1.90207E-09  1.212E-10  3.16804E-07  1.563E-09  0.00000E+00  0.000E+00
   8.77768E+05  1.86731E-09  1.201E-10  3.14730E-07  1.558E-09  0.00000E+00  0.000E+00
   8.82946E+05  1.83255E-09  1.190E-10  3.12824E-07  1.553E-09  0.00000E+00  0.000E+00
   8.88125E+05  1.79007E-09  1.176E-10  3.09974E-07  1.546E-09  0.00000E+00  0.000E+00
   8.93304E+05  1.78621E-09  1.175E-10  3.09707E-07  1.545E-09  0.00000E+00  0.000E+00
   8.98482E+05  1.81517E-09  1.184E-10  3.08979E-07  1.544E-09  0.00000E+00  0.000E+00
   9.03661E+05  1.70510E-09  1.148E-10  3.05339E-07  1.535E-09  0.00000E+00  0.000E+00
   9.08839E+05  1.69738E-09  1.145E-10  3.04706E-07  1.533E-09  0.00000E+00  0.000E+00
   9.14018E+05  1.63752E-09  1.125E-10  3.02369E-07  1.527E-09  0.00000E+00  0.000E+00
   9.19196E+05  1.64138E-09  1.126E-10  3.00477E-07  1.522E-09  0.00000E+00  0.000E+00
   9.24375E+05  1.43862E-09  1.054E-10  2.99739E-07  1.520E-09  0.00000E+00  0.000E+00
   9.29554E+05  1.43669E-09  1.053E-10  2.97207E-07  1.514E-09  0.00000E+00  0.000E+00
   9.34732E+05  1.40000E-09  1.040E-10  2.96765E-07  1.513E-09  0.00000E+00  0.000E+00
   9.39911E+05  1.33628E-09  1.016E-10  2.95442E-07  1.509E-09  0.00000E+00  0.000E+00
   9.45089E+05  1.27448E-09  9.922E-11  2.93544E-07  1.505E-09  0.00000E+00  0.000E+00
   9.50268E+05  1.13738E-09  9.373E-11  2.92465E-07  1.502E-09  0.00000E+00  0.000E+00
   9.55446E+05  1.14897E-09  9.421E-11  2.90553E-07  1.497E-09  0.00000E+00  0.000E+00
   9.60625E+05  1.12000E-09  9.301E-11  2.87655E-07  1.489E-09  0.00000E+00  0.000E+00
   9.65804E+05  1.06207E-09  9.057E-11  2.87133E-07  1.488E-09  0.00000E+00  0.000E+00
   9.70982E+05  9.63586E-10  8.627E-11  2.87077E-07  1.488E-09  0.00000E+00  0.000E+00
   9.76161E+05  9.36552E-10  8.505E-11  2.86262E-07  1.486E-09  0.00000E+00  0.000E+00
   9.81339E+05  1.00414E-09  8.807E-11  2.82684E-07  1.477E-09  0.00000E+00  0.000E+00
   9.86518E+05  9.84828E-10  8.722E-11  2.84387E-07  1.481E-09  0.00000E+00  0.000E+00
   9.91696E+05  9.30759E-10  8.479E-11  2.81000E-07  1.472E-09  0.00000E+00  0.000E+00
   9.96875E+05  9.17241E-10  8.417E-11  2.81900E-07  1.475E-09  0.00000E+00  0.000E+00
   1.00205E+06  8.40000E-10  8.055E-11  2.81022E-07  1.472E-09  0.00000E+00  0.000E+00
   1.00723E+06  8.22621E-10  7.971E-11  2.80288E-07  1.470E-09  0.00000E+00  0.000E+00
   1.01241E+06  8.78621E-10  8.238E-11  2.79950E-07  1.469E-09  0.00000E+00  0.000E+00
   1.01759E+06  8.14897E-10  7.934E-11  2.78658E-07  1.466E-09  0.00000E+00  0.000E+00
   1.02277E+06  8.68966E-10  8.193E-11  2.78967E-07  1.467E-09  0.00000E+00  0.000E+00
   1.02795E+06  7.70483E-10  7.714E-11  2.78621E-07  1.466E-09  0.00000E+00  0.000E+00
   1.03312E+06  7.64690E-10  7.685E-11  2.75644E-07  1.458E-09  0.00000E+00  0.000E+00
   1.03830E+06  7.29931E-10  7.509E-11  2.78250E-07  1.465E-09  0.00000E+00  0.000E+00
   1.04348E+06  6.37241E-10  7.016E-11  2.78160E-07  1.465E-09  0.00000E+00  0.000E+00
   1.04866E+06  6.41103E-10  7.037E-11  2.76642E-07  1.461E-09  0.00000E+00  0.000E+00
   1.05384E+06  6.23724E-10  6.941E-11  2.77246E-07  1.462E-09  0.00000E+00  0.000E+00
   1.05902E+06  5.81241E-10  6.700E-11  2.76520E-07  1.460E-09  0.00000E+00  0.000E+00
   1.06420E+06  5.54207E-10  6.543E-11  2.75393E-07  1.457E-09  0.00000E+00  0.000E+00
   1.06938E+06  5.23310E-10  6.358E-11  2.73606E-07  1.453E-09  0.00000E+00  0.000E+00
   1.07455E+06  5.02069E-10  6.227E-11  2.75568E-07  1.458E-09  0.00000E+00  0.000E+00
   1.07973E+06  4.48000E-10  5.883E-11  2.75269E-07  1.457E-09  0.00000E+00  0.000E+00
   1.08491E+06  3.61103E-10  5.281E-11  2.74000E-07  1.454E-09  0.00000E+00  0.000E+00
   1.09009E+06  3.16690E-10  4.946E-11  2.74889E-07  1.456E-09  0.00000E+00  0.000E+00
   1.09527E+06  3.24414E-10  5.006E-11  2.74313E-07  1.455E-09  0.00000E+00  0.000E+00
   1.10045E+06  2.78069E-10  4.634E-11  2.75360E-07  1.457E-09  0.00000E+00  0.000E+00
   1.10562E+06  1.60276E-10  3.519E-11  2.75885E-07  1.459E-09  0.00000E+00  0.000E+00
   1.11080E+06  1.06207E-10  2.864E-11  2.74694E-07  1.456E-09  0.00000E+00  0.000E+00
   1.11598E+06  7.53103E-11  2.412E-11  2.74410E-07  1.455E-09  0.00000E+00  0.000E+00
   1.12116E+06  5.21379E-11  2.007E-11  2.74975E-07  1.456E-09  0.00000E+00  0.000E+00
   1.12634E+06  4.05517E-11  1.770E-11  2.76509E-07  1.460E-09  0.00000E+00  0.000E+00
   1.13152E+06  4.24828E-11  1.811E-11  2.75338E-07  1.457E-09  0.00000E+00  0.000E+00
   1.13670E+06  2.12414E-11  1.281E-11  2.74825E-07  1.456E-09  0.00000E+00  0.000E+00
   1.14188E+06  4.24828E-11  1.811E-11  2.73369E-07  1.452E-09  0.00000E+00  0.000E+00
   1.14705E+06  3.47586E-11  1.639E-11  2.75004E-07  1.456E-09  0.00000E+00  0.000E+00
   1.15223E+06  4.05517E-11  1.770E-11  2.74016E-07  1.454E-09  0.00000E+00  0.000E+00
   1.15741E+06  2.31724E-11  1.338E-11  2.74448E-07  1.455E-09  0.00000E+00  0.000E+00
   1.16259E+06  4.82759E-11  1.931E-11  2.73458E-07  1.452E-09  0.00000E+00  0.000E+00
   1.16777E+06  1.73793E-11  1.159E-11  2.11337E-05  1.206E-08  0.00000E+00  0.000E+00
   1.17295E+06  5.79310E-12  6.689E-12  1.26518E-07  9.882E-10  0.00000E+00  0.000E+00
   1.17812E+06  7.72414E-12  7.724E-12  1.26417E-07  9.878E-10  0.00000E+00  0.000E+00
   1.18330E+06  3.86207E-12  5.462E-12  1.25983E-07  9.861E-10  0.00000E+00  0.000E+00
   1.18848E+06  1.54483E-11  1.092E-11  1.26274E-07  9.873E-10  0.00000E+00  0.000E+00
   1.19366E+06  1.35172E-11  1.022E-11  1.27023E-07  9.902E-10  0.00000E+00  0.000E+00
   1.19884E+06  2.70345E-11  1.445E-11  1.26879E-07  9.896E-10  0.00000E+00  0.000E+00
   1.20402E+06  1.15862E-11  9.460E-12  1.26956E-07  9.899E-10  0.00000E+00  0.000E+00
   1.20920E+06  1.15862E-11  9.460E-12  1.26407E-07  9.878E-10  0.00000E+00  0.000E+00
   1.21438E+06  1.15862E-11  9.460E-12  1.25975E-07  9.861E-10  0.00000E+00  0.000E+00
   1.21955E+06  2.51034E-11  1.392E-11  1.26622E-07  9.886E-10  0.00000E+00  0.000E+00
   1.22473E+06  2.89655E-11  1.496E-11  1.27058E-07  9.903E-10  0.00000E+00  0.000E+00
   1.22991E+06  1.93103E-11  1.221E-11  1.27554E-07  9.923E-10  0.00000E+00  0.000E+00
   1.23509E+06  1.35172E-11  1.022E-11  1.27466E-07  9.919E-10  0.00000E+00  0.000E+00
   1.24027E+06  1.35172E-11  1.022E-11  1.28116E-07  9.945E-10  0.00000E+00  0.000E+00
   1.24545E+06  7.72414E-12  7.724E-12  1.27595E-07  9.924E-10  0.00000E+00  0.000E+00
   1.25062E+06  1.93103E-11  1.221E-11  1.27842E-07  9.934E-10  0.00000E+00  0.000E+00
   1.25580E+06  1.54483E-11  1.092E-11  1.28124E-07  9.945E-10  0.00000E+00  0.000E+00
   1.26098E+06  1.93103E-11  1.221E-11  1.28024E-07  9.941E-10  0.00000E+00  0.000E+00
   1.26616E+06  1.54483E-11  1.092E-11  1.27630E-07  9.926E-10  0.00000E+00  0.000E+00
   1.27134E+06  2.89655E-11  1.496E-11  1.28549E-07  9.961E-10  0.00000E+00  0.000E+00
   1.27652E+06  1.73793E-11  1.159E-11  1.28124E-07  9.945E-10  0.00000E+00  0.000E+00
   1.28170E+06  3.08966E-11  1.545E-11  1.28116E-07  9.945E-10  0.00000E+00  0.000E+00
   1.28688E+06  1.93103E-11  1.221E-11  1.27983E-07  9.939E-10  0.00000E+00  0.000E+00
   1.29205E+06  2.12414E-11  1.281E-11  1.29379E-07  9.993E-10  0.00000E+00  0.000E+00
   1.29723E+06  2.31724E-11  1.338E-11  1.26919E-07  9.898E-10  0.00000E+00  0.000E+00
   1.30241E+06  2.70345E-11  1.445E-11  1.27122E-07  9.906E-10  0.00000E+00  0.000E+00
   1.30759E+06  1.54483E-11  1.092E-11  1.27029E-07  9.902E-10  0.00000E+00  0.000E+00
   1.31277E+06  3.28276E-11  1.592E-11  1.27023E-07  9.902E-10  0.00000E+00  0.000E+00
   1.31795E+06  2.70345E-11  1.445E-11  1.28072E-07  9.943E-10  0.00000E+00  0.000E+00
   1.32312E+06  1.93103E-11  1.221E-11  1.24559E-07  9.806E-10  0.00000E+00  0.000E+00
   1.32830E+06  5.79310E-12  6.689E-12  2.31464E-05  1.254E-08  0.00000E+00  0.000E+00
   1.33348E+06  0.00000E+00  0.000E+00  0.00000E+00  0.000E+00  0.00000E+00  0.000E+00
   1.33866E+06  0.00000E+00  0.000E+00  0.00000E+00  0.000E+00  0.00000E+00  0.000E+00
   1.34384E+06  0.00000E+00  0.000E+00  0.00000E+00  0.000E+00  0.00000E+00  0.000E+00
   1.34902E+06  0.00000E+00  0.000E+00  0.00000E+00  0.000E+00  0.00000E+00  0.000E+00
   1.35420E+06  0.00000E+00  0.000E+00  0.00000E+00  0.000E+00  0.00000E+00  0.000E+00
   1.35938E+06  0.00000E+00  0.000E+00  0.00000E+00  0.000E+00  0.00000E+00  0.000E+00
   1.36455E+06  0.00000E+00  0.000E+00  0.00000E+00  0.000E+00  0.00000E+00  0.000E+00
   1.36973E+06  0.00000E+00  0.000E+00  0.00000E+00  0.000E+00  0.00000E+00  0.000E+00
   1.37491E+06  0.00000E+00  0.000E+00  0.00000E+00  0.000E+00  0.00000E+00  0.000E+00
   1.38009E+06  0.00000E+00  0.000E+00  0.00000E+00  0.000E+00  0.00000E+00  0.000E+00
   1.38527E+06  0.00000E+00  0.000E+00  0.00000E+00  0.000E+00  0.00000E+00  0.000E+00
   1.39045E+06  0.00000E+00  0.000E+00  0.00000E+00  0.000E+00  0.00000E+00  0.000E+00
   1.39562E+06  0.00000E+00  0.000E+00  0.00000E+00  0.000E+00  0.00000E+00  0.000E+00
   1.40080E+06  0.00000E+00  0.000E+00  0.00000E+00  0.000E+00  0.00000E+00  0.000E+00
   1.40598E+06  0.00000E+00  0.000E+00  0.00000E+00  0.000E+00  0.00000E+00  0.000E+00
   1.41116E+06  0.00000E+00  0.000E+00  0.00000E+00  0.000E+00  0.00000E+00  0.000E+00
   1.41634E+06  0.00000E+00  0.000E+00  0.00000E+00  0.000E+00  0.00000E+00  0.000E+00
   1.42152E+06  0.00000E+00  0.000E+00  0.00000E+00  0.000E+00  0.00000E+00  0.000E+00
   1.42670E+06  0.00000E+00  0.000E+00  0.00000E+00  0.000E+00  0.00000E+00  0.000E+00
   1.43188E+06  0.00000E+00  0.000E+00  0.00000E+00  0.000E+00  0.00000E+00  0.000E+00
   1.43705E+06  0.00000E+00  0.000E+00  0.00000E+00  0.000E+00  0.00000E+00  0.000E+00
   1.44223E+06  0.00000E+00  0.000E+00  0.00000E+00  0.000E+00  0.00000E+00  0.000E+00
   1.44741E+06  0.00000E+00  0.000E+00  0.00000E+00  0.000E+00  0.00000E+00  0.000E+00
