#>>>>>>>>>>>>>>>>>>>>>>>>>>>>>>>>>>>>>>>>>>>>>>>>>>>>>>>>>>>>
# [SECTION REPORT EMERGING UPBOUND PARTICLES DISTRIBUTION]
# Units are particles/(eV history)
# Energy window (eV), energy bins:
#  0.00000E+00  1.45000E+06   280
#
# Energy (eV) :     e-     : +-2sigma :   photons  : +-2sigma :     e+     : +-2sigma :
   2.58929E+03  0.00000E+00  0.000E+00  5.79310E-12  6.689E-12  0.00000E+00  0.000E+00
   7.76786E+03  0.00000E+00  0.000E+00  3.92000E-10  5.530E-11  0.00000E+00  0.000E+00
   1.29464E+04  0.00000E+00  0.000E+00  4.38345E-10  5.819E-11  0.00000E+00  0.000E+00
   1.81250E+04  0.00000E+00  0.000E+00  8.82483E-10  8.274E-11  0.00000E+00  0.000E+00
   2.33036E+04  0.00000E+00  0.000E+00  1.76497E-09  1.170E-10  0.00000E+00  0.000E+00
   2.84821E+04  0.00000E+00  0.000E+00  9.55263E-08  8.633E-10  0.00000E+00  0.000E+00
   3.36607E+04  0.00000E+00  0.000E+00  3.15299E-08  4.941E-10  0.00000E+00  0.000E+00
   3.88393E+04  0.00000E+00  0.000E+00  5.94759E-10  6.778E-11  0.00000E+00  0.000E+00
   4.40179E+04  0.00000E+00  0.000E+00  7.70483E-10  7.714E-11  0.00000E+00  0.000E+00
   4.91964E+04  2.68414E-10  4.553E-11  9.90621E-10  8.747E-11  0.00000E+00  0.000E+00
   5.43750E+04  8.99862E-10  8.337E-11  1.25710E-09  9.854E-11  3.86207E-12  5.462E-12
   5.95536E+04  1.07945E-09  9.131E-11  1.55255E-09  1.095E-10  0.00000E+00  0.000E+00
   6.47321E+04  1.11034E-09  9.261E-11  1.93683E-09  1.224E-10  3.86207E-12  5.462E-12
   6.99107E+04  1.17214E-09  9.515E-11  2.39834E-09  1.361E-10  9.65517E-12  8.636E-12
   7.50893E+04  1.27641E-09  9.929E-11  3.09159E-09  1.545E-10  7.72414E-12  7.724E-12
   8.02679E+04  1.33241E-09  1.014E-10  3.71531E-09  1.694E-10  1.93103E-12  3.862E-12
   8.54464E+04  1.36138E-09  1.025E-10  4.90869E-09  1.947E-10  1.93103E-12  3.862E-12
   9.06250E+04  1.52938E-09  1.088E-10  6.63890E-09  2.264E-10  1.93103E-12  3.862E-12
   9.58036E+04  1.60276E-09  1.113E-10  8.61434E-09  2.579E-10  5.79310E-12  6.689E-12
   1.00982E+05  1.58345E-09  1.106E-10  1.06207E-08  2.864E-10  5.79310E-12  6.689E-12
   1.06161E+05  1.69738E-09  1.145E-10  1.34323E-08  3.221E-10  1.93103E-12  3.862E-12
   1.11339E+05  1.91559E-09  1.216E-10  1.64177E-08  3.561E-10  5.79310E-12  6.689E-12
   1.16518E+05  1.93297E-09  1.222E-10  1.92254E-08  3.855E-10  1.93103E-12  3.862E-12
   1.21696E+05  1.93103E-09  1.221E-10  2.23382E-08  4.154E-10  1.15862E-11  9.460E-12
   1.26875E+05  1.95421E-09  1.229E-10  2.61134E-08  4.491E-10  1.93103E-12  3.862E-12
   1.32054E+05  2.15310E-09  1.290E-10  3.09236E-08  4.887E-10  7.72414E-12  7.724E-12
   1.37232E+05  2.17821E-09  1.298E-10  3.62011E-08  5.288E-10  1.93103E-12  3.862E-12
   1.42411E+05  2.19752E-09  1.303E-10  4.26411E-08  5.739E-10  5.79310E-12  6.689E-12
   1.47589E+05  2.25159E-09  1.319E-10  5.03189E-08  6.234E-10  7.72414E-12  7.724E-12
   1.52768E+05  2.36359E-09  1.351E-10  5.99239E-08  6.803E-10  7.72414E-12  7.724E-12
   1.57946E+05  2.46593E-09  1.380E-10  6.98668E-08  7.347E-10  5.79310E-12  6.689E-12
   1.63125E+05  2.35586E-09  1.349E-10  8.09084E-08  7.905E-10  1.93103E-12  3.862E-12
   1.68304E+05  2.56055E-09  1.406E-10  9.40201E-08  8.521E-10  0.00000E+00  0.000E+00
   1.73482E+05  2.65131E-09  1.431E-10  1.06738E-07  9.079E-10  5.79310E-12  6.689E-12
   1.78661E+05  2.56248E-09  1.407E-10  1.23410E-07  9.762E-10  0.00000E+00  0.000E+00
   1.83839E+05  2.47945E-09  1.384E-10  1.39127E-07  1.036E-09  3.86207E-12  5.462E-12
   1.89018E+05  2.53545E-09  1.399E-10  1.59268E-07  1.109E-09  5.79310E-12  6.689E-12
   1.94196E+05  2.60690E-09  1.419E-10  1.81326E-07  1.183E-09  3.86207E-12  5.462E-12
   1.99375E+05  2.54317E-09  1.402E-10  2.07459E-07  1.265E-09  5.79310E-12  6.689E-12
   2.04554E+05  2.60690E-09  1.419E-10  2.50899E-07  1.391E-09  1.93103E-12  3.862E-12
   2.09732E+05  2.45241E-09  1.376E-10  3.43660E-07  1.628E-09  3.86207E-12  5.462E-12
   2.14911E+05  2.49683E-09  1.389E-10  4.70553E-07  1.905E-09  1.93103E-12  3.862E-12
   2.20089E+05  2.53545E-09  1.399E-10  5.39985E-07  2.040E-09  3.86207E-12  5.462E-12
   2.25268E+05  2.42152E-09  1.368E-10  5.59127E-07  2.076E-09  0.00000E+00  0.000E+00
   2.30446E+05  2.47172E-09  1.382E-10  5.71976E-07  2.099E-09  1.93103E-12  3.862E-12
   2.35625E+05  2.29021E-09  1.330E-10  5.78322E-07  2.111E-09  1.93103E-12  3.862E-12
   2.40804E+05  2.37324E-09  1.354E-10  5.83439E-07  2.120E-09  0.00000E+00  0.000E+00
   2.45982E+05  2.25545E-09  1.320E-10  5.85673E-07  2.124E-09  0.00000E+00  0.000E+00
   2.51161E+05  2.33462E-09  1.343E-10  5.84906E-07  2.123E-09  1.93103E-12  3.862E-12
   2.56339E+05  2.38290E-09  1.357E-10  5.84557E-07  2.122E-09  0.00000E+00  0.000E+00
   2.61518E+05  2.26510E-09  1.323E-10  5.81064E-07  2.116E-09  1.93103E-12  3.862E-12
   2.66696E+05  2.16662E-09  1.294E-10  5.78107E-07  2.110E-09  1.93103E-12  3.862E-12
   2.71875E+05  2.24772E-09  1.318E-10  5.74892E-07  2.104E-09  1.93103E-12  3.862E-12
   2.77054E+05  2.13379E-09  1.284E-10  5.67440E-07  2.091E-09  0.00000E+00  0.000E+00
   2.82232E+05  2.23807E-09  1.315E-10  5.61788E-07  2.080E-09  0.00000E+00  0.000E+00
   2.87411E+05  2.20524E-09  1.305E-10  5.53902E-07  2.066E-09  0.00000E+00  0.000E+00
   2.92589E+05  2.01986E-09  1.249E-10  5.45876E-07  2.051E-09  1.93103E-12  3.862E-12
   2.97768E+05  2.07586E-09  1.266E-10  5.33672E-07  2.028E-09  0.00000E+00  0.000E+00
   3.02946E+05  2.13379E-09  1.284E-10  5.25925E-07  2.013E-09  0.00000E+00  0.000E+00
   3.08125E+05  2.15890E-09  1.291E-10  5.15214E-07  1.992E-09  0.00000E+00  0.000E+00
   3.13304E+05  1.94841E-09  1.227E-10  5.02276E-07  1.967E-09  0.00000E+00  0.000E+00
   3.18482E+05  2.12607E-09  1.281E-10  4.90736E-07  1.945E-09  0.00000E+00  0.000E+00
   3.23661E+05  2.03338E-09  1.253E-10  4.78201E-07  1.920E-09  0.00000E+00  0.000E+00
   3.28839E+05  1.94455E-09  1.226E-10  4.65966E-07  1.895E-09  0.00000E+00  0.000E+00
   3.34018E+05  1.97159E-09  1.234E-10  4.53654E-07  1.870E-09  0.00000E+00  0.000E+00
   3.39196E+05  1.89628E-09  1.210E-10  4.37306E-07  1.836E-09  0.00000E+00  0.000E+00
   3.44375E+05  1.94648E-09  1.226E-10  4.19247E-07  1.798E-09  0.00000E+00  0.000E+00
   3.49554E+05  1.88855E-09  1.208E-10  3.96227E-07  1.748E-09  0.00000E+00  0.000E+00
   3.54732E+05  1.93297E-09  1.222E-10  3.58106E-07  1.662E-09  0.00000E+00  0.000E+00
   3.59911E+05  1.94069E-09  1.226E-10  3.08749E-07  1.543E-09  0.00000E+00  0.000E+00
   3.65089E+05  1.98510E-09  1.238E-10  2.70387E-07  1.444E-09  0.00000E+00  0.000E+00
   3.70268E+05  1.89821E-09  1.211E-10  2.23251E-07  1.312E-09  0.00000E+00  0.000E+00
   3.75446E+05  1.84993E-09  1.195E-10  1.87166E-07  1.202E-09  0.00000E+00  0.000E+00
   3.80625E+05  1.87697E-09  1.204E-10  1.67525E-07  1.137E-09  0.00000E+00  0.000E+00
   3.85804E+05  1.90014E-09  1.211E-10  1.52866E-07  1.086E-09  0.00000E+00  0.000E+00
   3.90982E+05  1.75917E-09  1.166E-10  1.40278E-07  1.041E-09  0.00000E+00  0.000E+00
   3.96161E+05  1.87503E-09  1.205E-10  1.31179E-07  1.006E-09  0.00000E+00  0.000E+00
   4.01339E+05  1.78621E-09  1.175E-10  1.21022E-07  9.666E-10  0.00000E+00  0.000E+00
   4.06518E+05  1.89048E-09  1.208E-10  1.12174E-07  9.306E-10  0.00000E+00  0.000E+00
   4.11696E+05  1.83062E-09  1.189E-10  1.05776E-07  9.037E-10  0.00000E+00  0.000E+00
   4.16875E+05  1.72055E-09  1.153E-10  9.82646E-08  8.710E-10  0.00000E+00  0.000E+00
   4.22054E+05  1.78428E-09  1.174E-10  9.20292E-08  8.430E-10  0.00000E+00  0.000E+00
   4.27232E+05  1.79779E-09  1.178E-10  8.62033E-08  8.158E-10  0.00000E+00  0.000E+00
   4.32411E+05  1.87503E-09  1.203E-10  8.01206E-08  7.865E-10  0.00000E+00  0.000E+00
   4.37589E+05  1.69545E-09  1.144E-10  7.44452E-08  7.582E-10  0.00000E+00  0.000E+00
   4.42768E+05  1.70703E-09  1.148E-10  6.91214E-08  7.306E-10  0.00000E+00  0.000E+00
   4.47946E+05  1.73021E-09  1.156E-10  6.39732E-08  7.029E-10  0.00000E+00  0.000E+00
   4.53125E+05  1.73214E-09  1.157E-10  5.94488E-08  6.776E-10  0.00000E+00  0.000E+00
   4.58304E+05  1.63945E-09  1.125E-10  5.46019E-08  6.493E-10  0.00000E+00  0.000E+00
   4.63482E+05  1.75917E-09  1.166E-10  4.97840E-08  6.200E-10  0.00000E+00  0.000E+00
   4.68661E+05  1.68386E-09  1.140E-10  4.57848E-08  5.946E-10  0.00000E+00  0.000E+00
   4.73839E+05  1.65297E-09  1.130E-10  4.07120E-08  5.607E-10  0.00000E+00  0.000E+00
   4.79018E+05  1.59310E-09  1.109E-10  3.65970E-08  5.317E-10  0.00000E+00  0.000E+00
   4.84196E+05  1.58152E-09  1.105E-10  3.26113E-08  5.018E-10  0.00000E+00  0.000E+00
   4.89375E+05  1.56221E-09  1.098E-10  2.91470E-08  4.745E-10  0.00000E+00  0.000E+00
   4.94554E+05  1.64524E-09  1.127E-10  2.54491E-08  4.433E-10  0.00000E+00  0.000E+00
   4.99732E+05  1.48303E-09  1.070E-10  2.24386E-08  4.163E-10  0.00000E+00  0.000E+00
   5.04911E+05  1.47917E-09  1.069E-10  1.95691E-08  3.888E-10  0.00000E+00  0.000E+00
   5.10089E+05  1.54676E-09  1.093E-10  2.45015E-07  1.376E-09  0.00000E+00  0.000E+00
   5.15268E+05  1.47917E-09  1.069E-10  1.30229E-08  3.171E-10  0.00000E+00  0.000E+00
   5.20446E+05  1.56414E-09  1.099E-10  1.10301E-08  2.919E-10  0.00000E+00  0.000E+00
   5.25625E+05  1.54676E-09  1.093E-10  9.54897E-09  2.716E-10  0.00000E+00  0.000E+00
   5.30804E+05  1.44828E-09  1.058E-10  8.28414E-09  2.530E-10  0.00000E+00  0.000E+00
   5.35982E+05  1.54097E-09  1.091E-10  7.29545E-09  2.374E-10  0.00000E+00  0.000E+00
   5.41161E+05  1.53131E-09  1.088E-10  6.49214E-09  2.239E-10  0.00000E+00  0.000E+00
   5.46339E+05  1.36331E-09  1.026E-10  5.74483E-09  2.106E-10  0.00000E+00  0.000E+00
   5.51518E+05  1.43283E-09  1.052E-10  5.18483E-09  2.001E-10  0.00000E+00  0.000E+00
   5.56696E+05  1.41738E-09  1.046E-10  4.64993E-09  1.895E-10  0.00000E+00  0.000E+00
   5.61875E+05  1.45214E-09  1.059E-10  4.13048E-09  1.786E-10  0.00000E+00  0.000E+00
   5.67054E+05  1.28800E-09  9.974E-11  3.70952E-09  1.693E-10  0.00000E+00  0.000E+00
   5.72232E+05  1.36717E-09  1.028E-10  3.29821E-09  1.596E-10  0.00000E+00  0.000E+00
   5.77411E+05  1.28028E-09  9.944E-11  2.98924E-09  1.520E-10  0.00000E+00  0.000E+00
   5.82589E+05  1.37490E-09  1.031E-10  2.59917E-09  1.417E-10  0.00000E+00  0.000E+00
   5.87768E+05  1.33628E-09  1.016E-10  2.47945E-09  1.384E-10  0.00000E+00  0.000E+00
   5.92946E+05  1.31697E-09  1.009E-10  2.16083E-09  1.292E-10  0.00000E+00  0.000E+00
   5.98125E+05  1.31117E-09  1.006E-10  2.05655E-09  1.260E-10  0.00000E+00  0.000E+00
   6.03304E+05  1.29959E-09  1.002E-10  1.81710E-09  1.185E-10  0.00000E+00  0.000E+00
   6.08482E+05  1.31310E-09  1.007E-10  1.67421E-09  1.137E-10  0.00000E+00  0.000E+00
   6.13661E+05  1.21076E-09  9.671E-11  1.51393E-09  1.081E-10  0.00000E+00  0.000E+00
   6.18839E+05  1.26290E-09  9.877E-11  1.35945E-09  1.025E-10  0.00000E+00  0.000E+00
   6.24018E+05  1.20883E-09  9.663E-11  1.35559E-09  1.023E-10  0.00000E+00  0.000E+00
   6.29196E+05  1.21655E-09  9.694E-11  1.19917E-09  9.624E-11  0.00000E+00  0.000E+00
   6.34375E+05  1.22814E-09  9.740E-11  1.16634E-09  9.492E-11  0.00000E+00  0.000E+00
   6.39554E+05  1.17407E-09  9.523E-11  1.03310E-09  8.933E-11  0.00000E+00  0.000E+00
   6.44732E+05  1.08138E-09  9.139E-11  1.07752E-09  9.123E-11  0.00000E+00  0.000E+00
   6.49911E+05  1.08524E-09  9.156E-11  1.03503E-09  8.941E-11  0.00000E+00  0.000E+00
   6.55089E+05  1.07945E-09  9.131E-11  8.76690E-10  8.229E-11  0.00000E+00  0.000E+00
   6.60268E+05  1.02345E-09  8.891E-11  8.80552E-10  8.247E-11  0.00000E+00  0.000E+00
   6.65446E+05  9.90621E-10  8.747E-11  8.20690E-10  7.962E-11  0.00000E+00  0.000E+00
   6.70625E+05  9.94483E-10  8.764E-11  7.41517E-10  7.568E-11  0.00000E+00  0.000E+00
   6.75804E+05  1.03503E-09  8.941E-11  7.80138E-10  7.763E-11  0.00000E+00  0.000E+00
   6.80982E+05  1.00221E-09  8.798E-11  7.53103E-10  7.627E-11  0.00000E+00  0.000E+00
   6.86161E+05  9.09517E-10  8.382E-11  6.33379E-10  6.994E-11  0.00000E+00  0.000E+00
   6.91339E+05  9.96414E-10  8.773E-11  6.64276E-10  7.163E-11  0.00000E+00  0.000E+00
   6.96518E+05  9.23034E-10  8.444E-11  6.12138E-10  6.876E-11  0.00000E+00  0.000E+00
   7.01696E+05  8.92138E-10  8.301E-11  5.36828E-10  6.439E-11  0.00000E+00  0.000E+00
   7.06875E+05  8.61241E-10  8.156E-11  5.23310E-10  6.358E-11  0.00000E+00  0.000E+00
   7.12054E+05  8.94069E-10  8.310E-11  5.38759E-10  6.451E-11  0.00000E+00  0.000E+00
   7.17232E+05  8.61241E-10  8.156E-11  4.69241E-10  6.020E-11  0.00000E+00  0.000E+00
   7.22411E+05  8.67034E-10  8.184E-11  4.42207E-10  5.844E-11  0.00000E+00  0.000E+00
   7.27589E+05  8.84414E-10  8.265E-11  4.94345E-10  6.179E-11  0.00000E+00  0.000E+00
   7.32768E+05  7.80138E-10  7.763E-11  4.32552E-10  5.780E-11  0.00000E+00  0.000E+00
   7.37946E+05  7.74345E-10  7.734E-11  3.74621E-10  5.379E-11  0.00000E+00  0.000E+00
   7.43125E+05  7.35724E-10  7.538E-11  3.80414E-10  5.421E-11  0.00000E+00  0.000E+00
   7.48304E+05  7.02897E-10  7.368E-11  3.86207E-10  5.462E-11  0.00000E+00  0.000E+00
   7.53482E+05  7.22207E-10  7.469E-11  3.39862E-10  5.124E-11  0.00000E+00  0.000E+00
   7.58661E+05  6.64276E-10  7.163E-11  2.95448E-10  4.777E-11  0.00000E+00  0.000E+00
   7.63839E+05  6.56552E-10  7.121E-11  2.95448E-10  4.777E-11  0.00000E+00  0.000E+00
   7.69018E+05  6.44966E-10  7.058E-11  3.05103E-10  4.855E-11  0.00000E+00  0.000E+00
   7.74196E+05  5.87034E-10  6.734E-11  3.26345E-10  5.021E-11  0.00000E+00  0.000E+00
   7.79375E+05  5.88966E-10  6.745E-11  2.62621E-10  4.504E-11  0.00000E+00  0.000E+00
   7.84554E+05  5.90897E-10  6.756E-11  2.83862E-10  4.683E-11  0.00000E+00  0.000E+00
   7.89732E+05  5.81241E-10  6.700E-11  2.31724E-10  4.231E-11  0.00000E+00  0.000E+00
   7.94911E+05  5.58069E-10  6.566E-11  2.37517E-10  4.283E-11  0.00000E+00  0.000E+00
   8.00089E+05  5.90897E-10  6.756E-11  2.51034E-10  4.403E-11  0.00000E+00  0.000E+00
   8.05268E+05  5.29103E-10  6.393E-11  2.18207E-10  4.105E-11  0.00000E+00  0.000E+00
   8.10446E+05  4.49931E-10  5.895E-11  1.98897E-10  3.920E-11  0.00000E+00  0.000E+00
   8.15625E+05  4.82759E-10  6.106E-11  2.02759E-10  3.957E-11  0.00000E+00  0.000E+00
   8.20804E+05  5.34897E-10  6.428E-11  1.93103E-10  3.862E-11  0.00000E+00  0.000E+00
   8.25982E+05  4.22897E-10  5.715E-11  1.71862E-10  3.643E-11  0.00000E+00  0.000E+00
   8.31161E+05  3.86207E-10  5.462E-11  1.64138E-10  3.561E-11  0.00000E+00  0.000E+00
   8.36339E+05  4.20966E-10  5.702E-11  1.60276E-10  3.519E-11  0.00000E+00  0.000E+00
   8.41518E+05  4.05517E-10  5.597E-11  1.39034E-10  3.277E-11  0.00000E+00  0.000E+00
   8.46696E+05  4.76966E-10  6.070E-11  1.69931E-10  3.623E-11  0.00000E+00  0.000E+00
   8.51875E+05  4.59586E-10  5.958E-11  1.44828E-10  3.345E-11  0.00000E+00  0.000E+00
   8.57054E+05  3.61103E-10  5.281E-11  1.17793E-10  3.016E-11  0.00000E+00  0.000E+00
   8.62232E+05  3.08966E-10  4.885E-11  1.19724E-10  3.041E-11  0.00000E+00  0.000E+00
   8.67411E+05  3.45655E-10  5.167E-11  1.29379E-10  3.161E-11  0.00000E+00  0.000E+00
   8.72589E+05  3.10897E-10  4.900E-11  1.10069E-10  2.916E-11  0.00000E+00  0.000E+00
   8.77768E+05  2.39448E-10  4.301E-11  9.65517E-11  2.731E-11  0.00000E+00  0.000E+00
   8.82946E+05  2.60690E-10  4.487E-11  1.10069E-10  2.916E-11  0.00000E+00  0.000E+00
   8.88125E+05  3.32138E-10  5.065E-11  9.84828E-11  2.758E-11  0.00000E+00  0.000E+00
   8.93304E+05  2.72276E-10  4.586E-11  1.02345E-10  2.812E-11  0.00000E+00  0.000E+00
   8.98482E+05  2.52966E-10  4.420E-11  6.56552E-11  2.252E-11  0.00000E+00  0.000E+00
   9.03661E+05  2.58759E-10  4.471E-11  8.11034E-11  2.503E-11  0.00000E+00  0.000E+00
   9.08839E+05  2.49103E-10  4.386E-11  5.60000E-11  2.080E-11  0.00000E+00  0.000E+00
   9.14018E+05  2.06621E-10  3.995E-11  8.11034E-11  2.503E-11  0.00000E+00  0.000E+00
   9.19196E+05  2.31724E-10  4.231E-11  8.88276E-11  2.619E-11  0.00000E+00  0.000E+00
   9.24375E+05  1.91172E-10  3.843E-11  5.79310E-11  2.115E-11  0.00000E+00  0.000E+00
   9.29554E+05  2.02759E-10  3.957E-11  6.95172E-11  2.317E-11  0.00000E+00  0.000E+00
   9.34732E+05  1.69931E-10  3.623E-11  8.11034E-11  2.503E-11  0.00000E+00  0.000E+00
   9.39911E+05  1.95034E-10  3.881E-11  5.79310E-11  2.115E-11  0.00000E+00  0.000E+00
   9.45089E+05  1.79586E-10  3.724E-11  4.82759E-11  1.931E-11  0.00000E+00  0.000E+00
   9.50268E+05  1.73793E-10  3.664E-11  4.63448E-11  1.892E-11  0.00000E+00  0.000E+00
   9.55446E+05  1.71862E-10  3.643E-11  4.82759E-11  1.931E-11  0.00000E+00  0.000E+00
   9.60625E+05  1.44828E-10  3.345E-11  3.66897E-11  1.683E-11  0.00000E+00  0.000E+00
   9.65804E+05  1.60276E-10  3.519E-11  4.24828E-11  1.811E-11  0.00000E+00  0.000E+00
   9.70982E+05  1.19724E-10  3.041E-11  4.44138E-11  1.852E-11  0.00000E+00  0.000E+00
   9.76161E+05  1.39034E-10  3.277E-11  3.28276E-11  1.592E-11  0.00000E+00  0.000E+00
   9.81339E+05  1.15862E-10  2.992E-11  5.21379E-11  2.007E-11  0.00000E+00  0.000E+00
   9.86518E+05  1.29379E-10  3.161E-11  2.89655E-11  1.496E-11  0.00000E+00  0.000E+00
   9.91696E+05  1.52552E-10  3.433E-11  3.86207E-11  1.727E-11  0.00000E+00  0.000E+00
   9.96875E+05  1.12000E-10  2.941E-11  3.08966E-11  1.545E-11  0.00000E+00  0.000E+00
   1.00205E+06  1.02345E-10  2.812E-11  2.89655E-11  1.496E-11  0.00000E+00  0.000E+00
   1.00723E+06  1.04276E-10  2.838E-11  2.51034E-11  1.392E-11  0.00000E+00  0.000E+00
   1.01241E+06  1.21655E-10  3.065E-11  2.70345E-11  1.445E-11  0.00000E+00  0.000E+00
   1.01759E+06  1.08138E-10  2.890E-11  2.51034E-11  1.392E-11  0.00000E+00  0.000E+00
   1.02277E+06  8.68966E-11  2.591E-11  1.93103E-11  1.221E-11  0.00000E+00  0.000E+00
   1.02795E+06  1.06207E-10  2.864E-11  2.12414E-11  1.281E-11  0.00000E+00  0.000E+00
   1.03312E+06  5.21379E-11  2.007E-11  1.54483E-11  1.092E-11  0.00000E+00  0.000E+00
   1.03830E+06  7.14483E-11  2.349E-11  7.72414E-12  7.724E-12  0.00000E+00  0.000E+00
   1.04348E+06  5.98621E-11  2.150E-11  1.73793E-11  1.159E-11  0.00000E+00  0.000E+00
   1.04866E+06  5.40690E-11  2.044E-11  1.54483E-11  1.092E-11  0.00000E+00  0.000E+00
   1.05384E+06  7.53103E-11  2.412E-11  1.73793E-11  1.159E-11  0.00000E+00  0.000E+00
   1.05902E+06  7.14483E-11  2.349E-11  1.54483E-11  1.092E-11  0.00000E+00  0.000E+00
   1.06420E+06  5.40690E-11  2.044E-11  1.54483E-11  1.092E-11  0.00000E+00  0.000E+00
   1.06938E+06  4.63448E-11  1.892E-11  1.73793E-11  1.159E-11  0.00000E+00  0.000E+00
   1.07455E+06  7.14483E-11  2.349E-11  1.15862E-11  9.460E-12  0.00000E+00  0.000E+00
   1.07973E+06  5.40690E-11  2.044E-11  3.86207E-12  5.462E-12  0.00000E+00  0.000E+00
   1.08491E+06  4.82759E-11  1.931E-11  1.93103E-11  1.221E-11  0.00000E+00  0.000E+00
   1.09009E+06  4.24828E-11  1.811E-11  9.65517E-12  8.636E-12  0.00000E+00  0.000E+00
   1.09527E+06  3.47586E-11  1.639E-11  7.72414E-12  7.724E-12  0.00000E+00  0.000E+00
   1.10045E+06  4.63448E-11  1.892E-11  7.72414E-12  7.724E-12  0.00000E+00  0.000E+00
   1.10562E+06  3.08966E-11  1.545E-11  5.79310E-12  6.689E-12  0.00000E+00  0.000E+00
   1.11080E+06  4.44138E-11  1.852E-11  1.15862E-11  9.460E-12  0.00000E+00  0.000E+00
   1.11598E+06  3.66897E-11  1.683E-11  3.86207E-12  5.462E-12  0.00000E+00  0.000E+00
   1.12116E+06  3.66897E-11  1.683E-11  0.00000E+00  0.000E+00  0.00000E+00  0.000E+00
   1.12634E+06  2.89655E-11  1.496E-11  1.93103E-12  3.862E-12  0.00000E+00  0.000E+00
   1.13152E+06  3.08966E-11  1.545E-11  1.93103E-12  3.862E-12  0.00000E+00  0.000E+00
   1.13670E+06  2.51034E-11  1.392E-11  3.86207E-12  5.462E-12  0.00000E+00  0.000E+00
   1.14188E+06  2.51034E-11  1.392E-11  1.93103E-12  3.862E-12  0.00000E+00  0.000E+00
   1.14705E+06  2.70345E-11  1.445E-11  5.79310E-12  6.689E-12  0.00000E+00  0.000E+00
   1.15223E+06  1.35172E-11  1.022E-11  7.72414E-12  7.724E-12  0.00000E+00  0.000E+00
   1.15741E+06  1.73793E-11  1.159E-11  5.79310E-12  6.689E-12  0.00000E+00  0.000E+00
   1.16259E+06  1.73793E-11  1.159E-11  3.86207E-12  5.462E-12  0.00000E+00  0.000E+00
   1.16777E+06  9.65517E-12  8.636E-12  6.95172E-11  2.317E-11  0.00000E+00  0.000E+00
   1.17295E+06  1.54483E-11  1.092E-11  3.86207E-12  5.462E-12  0.00000E+00  0.000E+00
   1.17812E+06  1.93103E-11  1.221E-11  3.86207E-12  5.462E-12  0.00000E+00  0.000E+00
   1.18330E+06  9.65517E-12  8.636E-12  0.00000E+00  0.000E+00  0.00000E+00  0.000E+00
   1.18848E+06  1.15862E-11  9.460E-12  1.93103E-12  3.862E-12  0.00000E+00  0.000E+00
   1.19366E+06  9.65517E-12  8.636E-12  0.00000E+00  0.000E+00  0.00000E+00  0.000E+00
   1.19884E+06  1.35172E-11  1.022E-11  0.00000E+00  0.000E+00  0.00000E+00  0.000E+00
   1.20402E+06  1.15862E-11  9.460E-12  7.72414E-12  7.724E-12  0.00000E+00  0.000E+00
   1.20920E+06  1.54483E-11  1.092E-11  0.00000E+00  0.000E+00  0.00000E+00  0.000E+00
   1.21438E+06  9.65517E-12  8.636E-12  0.00000E+00  0.000E+00  0.00000E+00  0.000E+00
   1.21955E+06  1.35172E-11  1.022E-11  0.00000E+00  0.000E+00  0.00000E+00  0.000E+00
   1.22473E+06  9.65517E-12  8.636E-12  0.00000E+00  0.000E+00  0.00000E+00  0.000E+00
   1.22991E+06  9.65517E-12  8.636E-12  0.00000E+00  0.000E+00  0.00000E+00  0.000E+00
   1.23509E+06  7.72414E-12  7.724E-12  0.00000E+00  0.000E+00  0.00000E+00  0.000E+00
   1.24027E+06  5.79310E-12  6.689E-12  1.93103E-12  3.862E-12  0.00000E+00  0.000E+00
   1.24545E+06  5.79310E-12  6.689E-12  0.00000E+00  0.000E+00  0.00000E+00  0.000E+00
   1.25062E+06  2.12414E-11  1.281E-11  3.86207E-12  5.462E-12  0.00000E+00  0.000E+00
   1.25580E+06  3.86207E-12  5.462E-12  0.00000E+00  0.000E+00  0.00000E+00  0.000E+00
   1.26098E+06  3.86207E-12  5.462E-12  0.00000E+00  0.000E+00  0.00000E+00  0.000E+00
   1.26616E+06  1.93103E-12  3.862E-12  0.00000E+00  0.000E+00  0.00000E+00  0.000E+00
   1.27134E+06  1.93103E-12  3.862E-12  0.00000E+00  0.000E+00  0.00000E+00  0.000E+00
   1.27652E+06  3.86207E-12  5.462E-12  0.00000E+00  0.000E+00  0.00000E+00  0.000E+00
   1.28170E+06  1.93103E-12  3.862E-12  0.00000E+00  0.000E+00  0.00000E+00  0.000E+00
   1.28688E+06  3.86207E-12  5.462E-12  0.00000E+00  0.000E+00  0.00000E+00  0.000E+00
   1.29205E+06  0.00000E+00  0.000E+00  0.00000E+00  0.000E+00  0.00000E+00  0.000E+00
   1.29723E+06  0.00000E+00  0.000E+00  0.00000E+00  0.000E+00  0.00000E+00  0.000E+00
   1.30241E+06  0.00000E+00  0.000E+00  0.00000E+00  0.000E+00  0.00000E+00  0.000E+00
   1.30759E+06  0.00000E+00  0.000E+00  0.00000E+00  0.000E+00  0.00000E+00  0.000E+00
   1.31277E+06  0.00000E+00  0.000E+00  0.00000E+00  0.000E+00  0.00000E+00  0.000E+00
   1.31795E+06  0.00000E+00  0.000E+00  0.00000E+00  0.000E+00  0.00000E+00  0.000E+00
   1.32312E+06  0.00000E+00  0.000E+00  0.00000E+00  0.000E+00  0.00000E+00  0.000E+00
   1.32830E+06  0.00000E+00  0.000E+00  1.15862E-11  9.460E-12  0.00000E+00  0.000E+00
   1.33348E+06  0.00000E+00  0.000E+00  0.00000E+00  0.000E+00  0.00000E+00  0.000E+00
   1.33866E+06  0.00000E+00  0.000E+00  0.00000E+00  0.000E+00  0.00000E+00  0.000E+00
   1.34384E+06  0.00000E+00  0.000E+00  0.00000E+00  0.000E+00  0.00000E+00  0.000E+00
   1.34902E+06  0.00000E+00  0.000E+00  0.00000E+00  0.000E+00  0.00000E+00  0.000E+00
   1.35420E+06  0.00000E+00  0.000E+00  0.00000E+00  0.000E+00  0.00000E+00  0.000E+00
   1.35938E+06  0.00000E+00  0.000E+00  0.00000E+00  0.000E+00  0.00000E+00  0.000E+00
   1.36455E+06  0.00000E+00  0.000E+00  0.00000E+00  0.000E+00  0.00000E+00  0.000E+00
   1.36973E+06  0.00000E+00  0.000E+00  0.00000E+00  0.000E+00  0.00000E+00  0.000E+00
   1.37491E+06  0.00000E+00  0.000E+00  0.00000E+00  0.000E+00  0.00000E+00  0.000E+00
   1.38009E+06  0.00000E+00  0.000E+00  0.00000E+00  0.000E+00  0.00000E+00  0.000E+00
   1.38527E+06  0.00000E+00  0.000E+00  0.00000E+00  0.000E+00  0.00000E+00  0.000E+00
   1.39045E+06  0.00000E+00  0.000E+00  0.00000E+00  0.000E+00  0.00000E+00  0.000E+00
   1.39562E+06  0.00000E+00  0.000E+00  0.00000E+00  0.000E+00  0.00000E+00  0.000E+00
   1.40080E+06  0.00000E+00  0.000E+00  0.00000E+00  0.000E+00  0.00000E+00  0.000E+00
   1.40598E+06  0.00000E+00  0.000E+00  0.00000E+00  0.000E+00  0.00000E+00  0.000E+00
   1.41116E+06  0.00000E+00  0.000E+00  0.00000E+00  0.000E+00  0.00000E+00  0.000E+00
   1.41634E+06  0.00000E+00  0.000E+00  0.00000E+00  0.000E+00  0.00000E+00  0.000E+00
   1.42152E+06  0.00000E+00  0.000E+00  0.00000E+00  0.000E+00  0.00000E+00  0.000E+00
   1.42670E+06  0.00000E+00  0.000E+00  0.00000E+00  0.000E+00  0.00000E+00  0.000E+00
   1.43188E+06  0.00000E+00  0.000E+00  0.00000E+00  0.000E+00  0.00000E+00  0.000E+00
   1.43705E+06  0.00000E+00  0.000E+00  0.00000E+00  0.000E+00  0.00000E+00  0.000E+00
   1.44223E+06  0.00000E+00  0.000E+00  0.00000E+00  0.000E+00  0.00000E+00  0.000E+00
   1.44741E+06  0.00000E+00  0.000E+00  0.00000E+00  0.000E+00  0.00000E+00  0.000E+00
