#>>>>>>>>>>>>>>>>>>>>>>>>>>>>>>>>>>>>>>>>>>>>>>>>>>>>>>>>>>>>
# [SECTION REPORT EMERGING ANGULAR PARTICLES DISTRIBUTION]
# Units are particles/(sr history)
# Polar angle minimum, maximum, polar bins:
#  0.00000E+00  1.80000E+02    45
# Azimuthal angle minimum, maximum, azimuthal bins:
#  0.00000E+00  3.60000E+02    18
#
# theta (deg) :  phi (deg) :     e-     : +-2sigma :   photons  : +-2sigma :     e+     : +-2sigma :
   2.00000E+00  1.00000E+01  4.70418E-04  1.488E-04  1.05256E-02  7.037E-04  0.00000E+00  0.000E+00
   2.00000E+00  3.00000E+01  2.94012E-04  1.176E-04  1.05139E-02  7.033E-04  0.00000E+00  0.000E+00
   2.00000E+00  5.00000E+01  4.93939E-04  1.524E-04  1.06550E-02  7.080E-04  0.00000E+00  0.000E+00
   2.00000E+00  7.00000E+01  3.76335E-04  1.331E-04  1.01022E-02  6.894E-04  0.00000E+00  0.000E+00
   2.00000E+00  9.00000E+01  3.76335E-04  1.331E-04  1.02434E-02  6.942E-04  0.00000E+00  0.000E+00
   2.00000E+00  1.10000E+02  4.35137E-04  1.431E-04  1.04786E-02  7.021E-04  0.00000E+00  0.000E+00
   2.00000E+00  1.30000E+02  5.17460E-04  1.560E-04  1.08314E-02  7.138E-04  0.00000E+00  0.000E+00
   2.00000E+00  1.50000E+02  4.93939E-04  1.524E-04  1.06903E-02  7.091E-04  0.00000E+00  0.000E+00
   2.00000E+00  1.70000E+02  4.70418E-04  1.488E-04  1.07961E-02  7.126E-04  1.17605E-05  2.352E-05
   2.00000E+00  1.90000E+02  3.29293E-04  1.245E-04  9.84351E-03  6.805E-04  0.00000E+00  0.000E+00
   2.00000E+00  2.10000E+02  4.23377E-04  1.411E-04  1.05609E-02  7.048E-04  0.00000E+00  0.000E+00
   2.00000E+00  2.30000E+02  3.52814E-04  1.288E-04  1.10196E-02  7.200E-04  0.00000E+00  0.000E+00
   2.00000E+00  2.50000E+02  4.70418E-04  1.488E-04  1.03610E-02  6.981E-04  0.00000E+00  0.000E+00
   2.00000E+00  2.70000E+02  5.40981E-04  1.595E-04  9.92583E-03  6.833E-04  0.00000E+00  0.000E+00
   2.00000E+00  2.90000E+02  4.23377E-04  1.411E-04  1.01375E-02  6.906E-04  0.00000E+00  0.000E+00
   2.00000E+00  3.10000E+02  5.88023E-04  1.663E-04  1.05962E-02  7.060E-04  0.00000E+00  0.000E+00
   2.00000E+00  3.30000E+02  3.99856E-04  1.371E-04  1.02551E-02  6.946E-04  0.00000E+00  0.000E+00
   2.00000E+00  3.50000E+02  4.35137E-04  1.431E-04  1.06197E-02  7.068E-04  0.00000E+00  0.000E+00

   6.00000E+00  1.00000E+01  4.51551E-04  8.421E-05  1.05388E-02  4.068E-04  0.00000E+00  0.000E+00
   6.00000E+00  3.00000E+01  4.35845E-04  8.274E-05  1.07273E-02  4.105E-04  0.00000E+00  0.000E+00
   6.00000E+00  5.00000E+01  4.20139E-04  8.123E-05  1.04367E-02  4.049E-04  0.00000E+00  0.000E+00
   6.00000E+00  7.00000E+01  4.55477E-04  8.458E-05  1.06095E-02  4.082E-04  0.00000E+00  0.000E+00
   6.00000E+00  9.00000E+01  4.31918E-04  8.236E-05  1.08254E-02  4.123E-04  0.00000E+00  0.000E+00
   6.00000E+00  1.10000E+02  4.16212E-04  8.085E-05  1.06487E-02  4.090E-04  3.92653E-06  7.853E-06
   6.00000E+00  1.30000E+02  3.73020E-04  7.654E-05  1.04878E-02  4.059E-04  0.00000E+00  0.000E+00
   6.00000E+00  1.50000E+02  4.71184E-04  8.603E-05  1.08647E-02  4.131E-04  0.00000E+00  0.000E+00
   6.00000E+00  1.70000E+02  3.69094E-04  7.614E-05  1.06095E-02  4.082E-04  0.00000E+00  0.000E+00
   6.00000E+00  1.90000E+02  4.43698E-04  8.348E-05  1.07234E-02  4.104E-04  0.00000E+00  0.000E+00
   6.00000E+00  2.10000E+02  3.76947E-04  7.694E-05  1.09943E-02  4.155E-04  0.00000E+00  0.000E+00
   6.00000E+00  2.30000E+02  3.92653E-04  7.853E-05  1.08608E-02  4.130E-04  0.00000E+00  0.000E+00
   6.00000E+00  2.50000E+02  4.75110E-04  8.638E-05  1.02129E-02  4.005E-04  0.00000E+00  0.000E+00
   6.00000E+00  2.70000E+02  3.61241E-04  7.532E-05  1.07548E-02  4.110E-04  0.00000E+00  0.000E+00
   6.00000E+00  2.90000E+02  4.04433E-04  7.970E-05  1.06802E-02  4.096E-04  0.00000E+00  0.000E+00
   6.00000E+00  3.10000E+02  3.84800E-04  7.774E-05  1.07351E-02  4.106E-04  0.00000E+00  0.000E+00
   6.00000E+00  3.30000E+02  3.45535E-04  7.367E-05  1.05192E-02  4.065E-04  0.00000E+00  0.000E+00
   6.00000E+00  3.50000E+02  3.69094E-04  7.614E-05  1.10846E-02  4.172E-04  0.00000E+00  0.000E+00

   1.00000E+01  1.00000E+01  4.04175E-04  6.182E-05  1.10971E-02  3.239E-04  4.72719E-06  6.685E-06
   1.00000E+01  3.00000E+01  4.06539E-04  6.200E-05  1.08087E-02  3.197E-04  0.00000E+00  0.000E+00
   1.00000E+01  5.00000E+01  4.37265E-04  6.430E-05  1.05795E-02  3.163E-04  0.00000E+00  0.000E+00
   1.00000E+01  7.00000E+01  3.56903E-04  5.809E-05  1.06551E-02  3.174E-04  2.36360E-06  4.727E-06
   1.00000E+01  9.00000E+01  3.68721E-04  5.904E-05  1.09033E-02  3.211E-04  0.00000E+00  0.000E+00
   1.00000E+01  1.10000E+02  3.19085E-04  5.492E-05  1.06929E-02  3.179E-04  0.00000E+00  0.000E+00
   1.00000E+01  1.30000E+02  4.23084E-04  6.325E-05  1.10002E-02  3.225E-04  0.00000E+00  0.000E+00
   1.00000E+01  1.50000E+02  4.53810E-04  6.550E-05  1.09884E-02  3.223E-04  0.00000E+00  0.000E+00
   1.00000E+01  1.70000E+02  3.80539E-04  5.998E-05  1.09056E-02  3.211E-04  0.00000E+00  0.000E+00
   1.00000E+01  1.90000E+02  3.80539E-04  5.998E-05  1.07898E-02  3.194E-04  0.00000E+00  0.000E+00
   1.00000E+01  2.10000E+02  4.08902E-04  6.218E-05  1.05700E-02  3.161E-04  0.00000E+00  0.000E+00
   1.00000E+01  2.30000E+02  3.63994E-04  5.866E-05  1.08796E-02  3.208E-04  0.00000E+00  0.000E+00
   1.00000E+01  2.50000E+02  4.27811E-04  6.360E-05  1.08371E-02  3.201E-04  2.36360E-06  4.727E-06
   1.00000E+01  2.70000E+02  4.79810E-04  6.735E-05  1.06078E-02  3.167E-04  0.00000E+00  0.000E+00
   1.00000E+01  2.90000E+02  4.30174E-04  6.377E-05  1.09576E-02  3.219E-04  0.00000E+00  0.000E+00
   1.00000E+01  3.10000E+02  4.20720E-04  6.307E-05  1.06007E-02  3.166E-04  0.00000E+00  0.000E+00
   1.00000E+01  3.30000E+02  4.30174E-04  6.377E-05  1.09104E-02  3.212E-04  0.00000E+00  0.000E+00
   1.00000E+01  3.50000E+02  4.15993E-04  6.271E-05  1.07496E-02  3.188E-04  0.00000E+00  0.000E+00

   1.40000E+01  1.00000E+01  3.81725E-04  5.090E-05  1.10480E-02  2.738E-04  0.00000E+00  0.000E+00
   1.40000E+01  3.00000E+01  4.27532E-04  5.386E-05  1.08936E-02  2.719E-04  0.00000E+00  0.000E+00
   1.40000E+01  5.00000E+01  4.10567E-04  5.278E-05  1.10073E-02  2.733E-04  0.00000E+00  0.000E+00
   1.40000E+01  7.00000E+01  4.36015E-04  5.440E-05  1.09411E-02  2.725E-04  0.00000E+00  0.000E+00
   1.40000E+01  9.00000E+01  4.37712E-04  5.450E-05  1.09106E-02  2.721E-04  0.00000E+00  0.000E+00
   1.40000E+01  1.10000E+02  4.42801E-04  5.482E-05  1.09055E-02  2.720E-04  0.00000E+00  0.000E+00
   1.40000E+01  1.30000E+02  3.56277E-04  4.917E-05  1.08868E-02  2.718E-04  0.00000E+00  0.000E+00
   1.40000E+01  1.50000E+02  4.36015E-04  5.440E-05  1.11990E-02  2.757E-04  0.00000E+00  0.000E+00
   1.40000E+01  1.70000E+02  3.88511E-04  5.135E-05  1.07579E-02  2.702E-04  1.69656E-06  3.393E-06
   1.40000E+01  1.90000E+02  4.17353E-04  5.322E-05  1.10972E-02  2.744E-04  0.00000E+00  0.000E+00
   1.40000E+01  2.10000E+02  3.61367E-04  4.952E-05  1.09716E-02  2.729E-04  0.00000E+00  0.000E+00
   1.40000E+01  2.30000E+02  3.69849E-04  5.010E-05  1.08529E-02  2.714E-04  0.00000E+00  0.000E+00
   1.40000E+01  2.50000E+02  4.12263E-04  5.289E-05  1.09106E-02  2.721E-04  0.00000E+00  0.000E+00
   1.40000E+01  2.70000E+02  3.74939E-04  5.044E-05  1.10632E-02  2.740E-04  1.69656E-06  3.393E-06
   1.40000E+01  2.90000E+02  4.05477E-04  5.246E-05  1.08817E-02  2.717E-04  0.00000E+00  0.000E+00
   1.40000E+01  3.10000E+02  4.51284E-04  5.534E-05  1.08274E-02  2.711E-04  0.00000E+00  0.000E+00
   1.40000E+01  3.30000E+02  4.07174E-04  5.257E-05  1.11549E-02  2.751E-04  0.00000E+00  0.000E+00
   1.40000E+01  3.50000E+02  4.34318E-04  5.429E-05  1.09954E-02  2.732E-04  0.00000E+00  0.000E+00

   1.80000E+01  1.00000E+01  3.78535E-04  4.484E-05  1.11090E-02  2.429E-04  1.32819E-06  2.656E-06
   1.80000E+01  3.00000E+01  3.71894E-04  4.445E-05  1.13215E-02  2.452E-04  0.00000E+00  0.000E+00
   1.80000E+01  5.00000E+01  3.75879E-04  4.469E-05  1.09921E-02  2.416E-04  0.00000E+00  0.000E+00
   1.80000E+01  7.00000E+01  4.31663E-04  4.789E-05  1.11369E-02  2.432E-04  0.00000E+00  0.000E+00
   1.80000E+01  9.00000E+01  3.65253E-04  4.405E-05  1.11900E-02  2.438E-04  0.00000E+00  0.000E+00
   1.80000E+01  1.10000E+02  3.94473E-04  4.578E-05  1.09470E-02  2.412E-04  0.00000E+00  0.000E+00
   1.80000E+01  1.30000E+02  3.98458E-04  4.601E-05  1.09961E-02  2.417E-04  0.00000E+00  0.000E+00
   1.80000E+01  1.50000E+02  3.78535E-04  4.484E-05  1.12020E-02  2.440E-04  0.00000E+00  0.000E+00
   1.80000E+01  1.70000E+02  3.66581E-04  4.413E-05  1.09536E-02  2.412E-04  1.32819E-06  2.656E-06
   1.80000E+01  1.90000E+02  3.94473E-04  4.578E-05  1.10240E-02  2.420E-04  2.65639E-06  3.757E-06
   1.80000E+01  2.10000E+02  3.63925E-04  4.397E-05  1.09895E-02  2.416E-04  0.00000E+00  0.000E+00
   1.80000E+01  2.30000E+02  3.95801E-04  4.586E-05  1.10585E-02  2.424E-04  0.00000E+00  0.000E+00
   1.80000E+01  2.50000E+02  3.86504E-04  4.531E-05  1.11874E-02  2.438E-04  1.32819E-06  2.656E-06
   1.80000E+01  2.70000E+02  4.10412E-04  4.669E-05  1.08566E-02  2.402E-04  0.00000E+00  0.000E+00
   1.80000E+01  2.90000E+02  3.69238E-04  4.429E-05  1.10120E-02  2.419E-04  0.00000E+00  0.000E+00
   1.80000E+01  3.10000E+02  3.82520E-04  4.508E-05  1.11475E-02  2.434E-04  1.32819E-06  2.656E-06
   1.80000E+01  3.30000E+02  4.02442E-04  4.624E-05  1.11940E-02  2.439E-04  0.00000E+00  0.000E+00
   1.80000E+01  3.50000E+02  3.79863E-04  4.492E-05  1.08394E-02  2.400E-04  0.00000E+00  0.000E+00

   2.20000E+01  1.00000E+01  3.57179E-04  3.956E-05  1.11701E-02  2.212E-04  0.00000E+00  0.000E+00
   2.20000E+01  3.00000E+01  3.81283E-04  4.088E-05  1.14757E-02  2.242E-04  0.00000E+00  0.000E+00
   2.20000E+01  5.00000E+01  4.09770E-04  4.238E-05  1.10890E-02  2.204E-04  0.00000E+00  0.000E+00
   2.20000E+01  7.00000E+01  3.82379E-04  4.094E-05  1.13103E-02  2.226E-04  0.00000E+00  0.000E+00
   2.20000E+01  9.00000E+01  3.96622E-04  4.169E-05  1.13727E-02  2.233E-04  0.00000E+00  0.000E+00
   2.20000E+01  1.10000E+02  3.93335E-04  4.152E-05  1.14681E-02  2.242E-04  1.09564E-06  2.191E-06
   2.20000E+01  1.30000E+02  4.02100E-04  4.198E-05  1.11854E-02  2.214E-04  0.00000E+00  0.000E+00
   2.20000E+01  1.50000E+02  3.83474E-04  4.100E-05  1.12018E-02  2.216E-04  1.09564E-06  2.191E-06
   2.20000E+01  1.70000E+02  3.97717E-04  4.175E-05  1.14111E-02  2.237E-04  0.00000E+00  0.000E+00
   2.20000E+01  1.90000E+02  3.60466E-04  3.975E-05  1.13706E-02  2.232E-04  0.00000E+00  0.000E+00
   2.20000E+01  2.10000E+02  3.58274E-04  3.963E-05  1.11985E-02  2.215E-04  1.09564E-06  2.191E-06
   2.20000E+01  2.30000E+02  3.75805E-04  4.058E-05  1.11536E-02  2.211E-04  0.00000E+00  0.000E+00
   2.20000E+01  2.50000E+02  4.30587E-04  4.344E-05  1.10714E-02  2.203E-04  0.00000E+00  0.000E+00
   2.20000E+01  2.70000E+02  3.93335E-04  4.152E-05  1.13103E-02  2.226E-04  1.09564E-06  2.191E-06
   2.20000E+01  2.90000E+02  3.82379E-04  4.094E-05  1.11931E-02  2.215E-04  1.09564E-06  2.191E-06
   2.20000E+01  3.10000E+02  3.90048E-04  4.134E-05  1.13738E-02  2.233E-04  0.00000E+00  0.000E+00
   2.20000E+01  3.30000E+02  4.16343E-04  4.272E-05  1.13355E-02  2.229E-04  0.00000E+00  0.000E+00
   2.20000E+01  3.50000E+02  3.98813E-04  4.181E-05  1.13114E-02  2.226E-04  0.00000E+00  0.000E+00

   2.60000E+01  1.00000E+01  3.67018E-04  3.707E-05  1.15470E-02  2.079E-04  0.00000E+00  0.000E+00
   2.60000E+01  3.00000E+01  3.40803E-04  3.573E-05  1.15864E-02  2.083E-04  0.00000E+00  0.000E+00
   2.60000E+01  5.00000E+01  3.52038E-04  3.631E-05  1.13476E-02  2.061E-04  9.36271E-07  1.873E-06
   2.60000E+01  7.00000E+01  3.48293E-04  3.612E-05  1.17736E-02  2.100E-04  0.00000E+00  0.000E+00
   2.60000E+01  9.00000E+01  3.60464E-04  3.674E-05  1.13935E-02  2.066E-04  0.00000E+00  0.000E+00
   2.60000E+01  1.10000E+02  3.82935E-04  3.787E-05  1.14628E-02  2.072E-04  9.36271E-07  1.873E-06
   2.60000E+01  1.30000E+02  3.73572E-04  3.740E-05  1.13691E-02  2.063E-04  0.00000E+00  0.000E+00
   2.60000E+01  1.50000E+02  3.74508E-04  3.745E-05  1.15882E-02  2.083E-04  9.36271E-07  1.873E-06
   2.60000E+01  1.70000E+02  3.76381E-04  3.754E-05  1.15208E-02  2.077E-04  0.00000E+00  0.000E+00
   2.60000E+01  1.90000E+02  3.87616E-04  3.810E-05  1.14646E-02  2.072E-04  0.00000E+00  0.000E+00
   2.60000E+01  2.10000E+02  3.66082E-04  3.703E-05  1.15208E-02  2.077E-04  0.00000E+00  0.000E+00
   2.60000E+01  2.30000E+02  3.90425E-04  3.824E-05  1.15910E-02  2.083E-04  9.36271E-07  1.873E-06
   2.60000E+01  2.50000E+02  3.77317E-04  3.759E-05  1.14131E-02  2.067E-04  0.00000E+00  0.000E+00
   2.60000E+01  2.70000E+02  3.72636E-04  3.745E-05  1.14740E-02  2.073E-04  9.36271E-07  1.873E-06
   2.60000E+01  2.90000E+02  3.48293E-04  3.612E-05  1.15274E-02  2.078E-04  0.00000E+00  0.000E+00
   2.60000E+01  3.10000E+02  3.72636E-04  3.736E-05  1.16266E-02  2.087E-04  0.00000E+00  0.000E+00
   2.60000E+01  3.30000E+02  3.67018E-04  3.707E-05  1.16135E-02  2.086E-04  0.00000E+00  0.000E+00
   2.60000E+01  3.50000E+02  3.95106E-04  3.847E-05  1.16182E-02  2.086E-04  0.00000E+00  0.000E+00

   3.00000E+01  1.00000E+01  3.58719E-04  3.432E-05  1.18533E-02  1.973E-04  0.00000E+00  0.000E+00
   3.00000E+01  3.00000E+01  3.47227E-04  3.377E-05  1.18090E-02  1.969E-04  0.00000E+00  0.000E+00
   3.00000E+01  5.00000E+01  3.44765E-04  3.365E-05  1.19092E-02  1.977E-04  0.00000E+00  0.000E+00
   3.00000E+01  7.00000E+01  3.45586E-04  3.369E-05  1.18213E-02  1.970E-04  0.00000E+00  0.000E+00
   3.00000E+01  9.00000E+01  3.38198E-04  3.332E-05  1.18386E-02  1.972E-04  8.20868E-07  1.642E-06
   3.00000E+01  1.10000E+02  3.29989E-04  3.292E-05  1.18854E-02  1.975E-04  0.00000E+00  0.000E+00
   3.00000E+01  1.30000E+02  3.51332E-04  3.404E-05  1.18460E-02  1.972E-04  8.20868E-07  1.642E-06
   3.00000E+01  1.50000E+02  3.65286E-04  3.463E-05  1.19543E-02  1.981E-04  0.00000E+00  0.000E+00
   3.00000E+01  1.70000E+02  3.65286E-04  3.463E-05  1.17532E-02  1.964E-04  0.00000E+00  0.000E+00
   3.00000E+01  1.90000E+02  3.61182E-04  3.444E-05  1.20536E-02  1.989E-04  0.00000E+00  0.000E+00
   3.00000E+01  2.10000E+02  3.60361E-04  3.440E-05  1.18476E-02  1.972E-04  8.20868E-07  1.642E-06
   3.00000E+01  2.30000E+02  3.32452E-04  3.304E-05  1.18829E-02  1.975E-04  0.00000E+00  0.000E+00
   3.00000E+01  2.50000E+02  3.41481E-04  3.348E-05  1.18320E-02  1.971E-04  0.00000E+00  0.000E+00
   3.00000E+01  2.70000E+02  3.52973E-04  3.404E-05  1.18024E-02  1.969E-04  8.20868E-07  1.642E-06
   3.00000E+01  2.90000E+02  3.46406E-04  3.373E-05  1.18804E-02  1.975E-04  8.20868E-07  1.642E-06
   3.00000E+01  3.10000E+02  3.48869E-04  3.385E-05  1.17639E-02  1.965E-04  0.00000E+00  0.000E+00
   3.00000E+01  3.30000E+02  3.55436E-04  3.416E-05  1.16227E-02  1.954E-04  0.00000E+00  0.000E+00
   3.00000E+01  3.50000E+02  3.61182E-04  3.444E-05  1.16695E-02  1.957E-04  0.00000E+00  0.000E+00

   3.40000E+01  1.00000E+01  3.42767E-04  3.172E-05  1.21003E-02  1.885E-04  0.00000E+00  0.000E+00
   3.40000E+01  3.00000E+01  3.21481E-04  3.072E-05  1.21693E-02  1.890E-04  0.00000E+00  0.000E+00
   3.40000E+01  5.00000E+01  3.42767E-04  3.172E-05  1.21928E-02  1.892E-04  0.00000E+00  0.000E+00
   3.40000E+01  7.00000E+01  3.14142E-04  3.037E-05  1.22339E-02  1.895E-04  0.00000E+00  0.000E+00
   3.40000E+01  9.00000E+01  3.34693E-04  3.135E-05  1.22324E-02  1.895E-04  0.00000E+00  0.000E+00
   3.40000E+01  1.10000E+02  3.17078E-04  3.051E-05  1.20423E-02  1.880E-04  0.00000E+00  0.000E+00
   3.40000E+01  1.30000E+02  3.53776E-04  3.223E-05  1.22427E-02  1.896E-04  0.00000E+00  0.000E+00
   3.40000E+01  1.50000E+02  3.39097E-04  3.155E-05  1.22427E-02  1.896E-04  1.46795E-06  2.076E-06
   3.40000E+01  1.70000E+02  3.13408E-04  3.033E-05  1.22779E-02  1.899E-04  0.00000E+00  0.000E+00
   3.40000E+01  1.90000E+02  3.04600E-04  2.990E-05  1.22244E-02  1.894E-04  0.00000E+00  0.000E+00
   3.40000E+01  2.10000E+02  3.09738E-04  3.016E-05  1.22178E-02  1.894E-04  0.00000E+00  0.000E+00
   3.40000E+01  2.30000E+02  3.33959E-04  3.131E-05  1.22552E-02  1.897E-04  0.00000E+00  0.000E+00
   3.40000E+01  2.50000E+02  3.22949E-04  3.079E-05  1.21818E-02  1.891E-04  0.00000E+00  0.000E+00
   3.40000E+01  2.70000E+02  3.42767E-04  3.172E-05  1.21884E-02  1.892E-04  7.33976E-07  1.468E-06
   3.40000E+01  2.90000E+02  3.14876E-04  3.040E-05  1.23161E-02  1.901E-04  0.00000E+00  0.000E+00
   3.40000E+01  3.10000E+02  3.31757E-04  3.121E-05  1.20277E-02  1.879E-04  0.00000E+00  0.000E+00
   3.40000E+01  3.30000E+02  3.61850E-04  3.259E-05  1.23418E-02  1.903E-04  1.46795E-06  2.076E-06
   3.40000E+01  3.50000E+02  3.41299E-04  3.165E-05  1.21253E-02  1.887E-04  0.00000E+00  0.000E+00

   3.80000E+01  1.00000E+01  3.17328E-04  2.909E-05  1.27525E-02  1.844E-04  0.00000E+00  0.000E+00
   3.80000E+01  3.00000E+01  3.17328E-04  2.909E-05  1.26665E-02  1.838E-04  6.66656E-07  1.333E-06
   3.80000E+01  5.00000E+01  3.13328E-04  2.891E-05  1.27178E-02  1.842E-04  6.66656E-07  1.333E-06
   3.80000E+01  7.00000E+01  3.37994E-04  3.002E-05  1.26331E-02  1.835E-04  0.00000E+00  0.000E+00
   3.80000E+01  9.00000E+01  3.07328E-04  2.863E-05  1.26725E-02  1.838E-04  0.00000E+00  0.000E+00
   3.80000E+01  1.10000E+02  3.33994E-04  2.984E-05  1.26658E-02  1.838E-04  0.00000E+00  0.000E+00
   3.80000E+01  1.30000E+02  2.98662E-04  2.822E-05  1.28305E-02  1.850E-04  0.00000E+00  0.000E+00
   3.80000E+01  1.50000E+02  3.17995E-04  2.912E-05  1.26485E-02  1.837E-04  0.00000E+00  0.000E+00
   3.80000E+01  1.70000E+02  3.44661E-04  3.032E-05  1.26231E-02  1.835E-04  0.00000E+00  0.000E+00
   3.80000E+01  1.90000E+02  3.05995E-04  2.857E-05  1.24945E-02  1.825E-04  0.00000E+00  0.000E+00
   3.80000E+01  2.10000E+02  2.87995E-04  2.771E-05  1.27391E-02  1.843E-04  0.00000E+00  0.000E+00
   3.80000E+01  2.30000E+02  3.19995E-04  2.921E-05  1.28305E-02  1.850E-04  0.00000E+00  0.000E+00
   3.80000E+01  2.50000E+02  3.13328E-04  2.891E-05  1.26598E-02  1.837E-04  6.66656E-07  1.333E-06
   3.80000E+01  2.70000E+02  3.10661E-04  2.878E-05  1.25898E-02  1.832E-04  6.66656E-07  1.333E-06
   3.80000E+01  2.90000E+02  2.89329E-04  2.778E-05  1.25171E-02  1.827E-04  0.00000E+00  0.000E+00
   3.80000E+01  3.10000E+02  2.89329E-04  2.778E-05  1.26805E-02  1.839E-04  0.00000E+00  0.000E+00
   3.80000E+01  3.30000E+02  3.01328E-04  2.835E-05  1.26685E-02  1.838E-04  0.00000E+00  0.000E+00
   3.80000E+01  3.50000E+02  3.13995E-04  2.894E-05  1.26658E-02  1.838E-04  0.00000E+00  0.000E+00

   4.20000E+01  1.00000E+01  2.67436E-04  2.562E-05  1.33141E-02  1.807E-04  0.00000E+00  0.000E+00
   4.20000E+01  3.00000E+01  2.87677E-04  2.657E-05  1.32227E-02  1.801E-04  6.13384E-07  1.227E-06
   4.20000E+01  5.00000E+01  2.83997E-04  2.640E-05  1.31307E-02  1.795E-04  0.00000E+00  0.000E+00
   4.20000E+01  7.00000E+01  2.85837E-04  2.648E-05  1.31786E-02  1.798E-04  0.00000E+00  0.000E+00
   4.20000E+01  9.00000E+01  2.80930E-04  2.625E-05  1.33061E-02  1.807E-04  6.13384E-07  1.227E-06
   4.20000E+01  1.10000E+02  2.95038E-04  2.691E-05  1.31178E-02  1.794E-04  0.00000E+00  0.000E+00
   4.20000E+01  1.30000E+02  2.92584E-04  2.679E-05  1.32976E-02  1.806E-04  0.00000E+00  0.000E+00
   4.20000E+01  1.50000E+02  2.80930E-04  2.625E-05  1.32368E-02  1.802E-04  0.00000E+00  0.000E+00
   4.20000E+01  1.70000E+02  2.88291E-04  2.660E-05  1.31473E-02  1.796E-04  0.00000E+00  0.000E+00
   4.20000E+01  1.90000E+02  2.83997E-04  2.640E-05  1.31050E-02  1.793E-04  6.13384E-07  1.227E-06
   4.20000E+01  2.10000E+02  2.76023E-04  2.602E-05  1.32657E-02  1.804E-04  0.00000E+00  0.000E+00
   4.20000E+01  2.30000E+02  2.93198E-04  2.682E-05  1.31730E-02  1.798E-04  0.00000E+00  0.000E+00
   4.20000E+01  2.50000E+02  2.81543E-04  2.628E-05  1.32135E-02  1.800E-04  6.13384E-07  1.227E-06
   4.20000E+01  2.70000E+02  2.88904E-04  2.662E-05  1.32111E-02  1.800E-04  6.13384E-07  1.227E-06
   4.20000E+01  2.90000E+02  2.95038E-04  2.691E-05  1.31835E-02  1.798E-04  6.13384E-07  1.227E-06
   4.20000E+01  3.10000E+02  2.88904E-04  2.662E-05  1.32792E-02  1.805E-04  0.00000E+00  0.000E+00
   4.20000E+01  3.30000E+02  2.85837E-04  2.648E-05  1.32933E-02  1.806E-04  6.13384E-07  1.227E-06
   4.20000E+01  3.50000E+02  3.12213E-04  2.768E-05  1.32411E-02  1.802E-04  0.00000E+00  0.000E+00

   4.60000E+01  1.00000E+01  2.80150E-04  2.529E-05  1.37935E-02  1.774E-04  5.70571E-07  1.141E-06
   4.60000E+01  3.00000E+01  2.52763E-04  2.402E-05  1.39442E-02  1.784E-04  0.00000E+00  0.000E+00
   4.60000E+01  5.00000E+01  2.81862E-04  2.536E-05  1.37559E-02  1.772E-04  0.00000E+00  0.000E+00
   4.60000E+01  7.00000E+01  2.41351E-04  2.347E-05  1.37821E-02  1.773E-04  0.00000E+00  0.000E+00
   4.60000E+01  9.00000E+01  2.59039E-04  2.431E-05  1.39813E-02  1.786E-04  0.00000E+00  0.000E+00
   4.60000E+01  1.10000E+02  2.69880E-04  2.482E-05  1.37861E-02  1.774E-04  0.00000E+00  0.000E+00
   4.60000E+01  1.30000E+02  2.64745E-04  2.458E-05  1.39881E-02  1.787E-04  0.00000E+00  0.000E+00
   4.60000E+01  1.50000E+02  2.53333E-04  2.405E-05  1.38306E-02  1.776E-04  0.00000E+00  0.000E+00
   4.60000E+01  1.70000E+02  2.59610E-04  2.434E-05  1.37930E-02  1.774E-04  0.00000E+00  0.000E+00
   4.60000E+01  1.90000E+02  2.71021E-04  2.487E-05  1.38985E-02  1.781E-04  0.00000E+00  0.000E+00
   4.60000E+01  2.10000E+02  2.63033E-04  2.450E-05  1.38489E-02  1.778E-04  0.00000E+00  0.000E+00
   4.60000E+01  2.30000E+02  2.83003E-04  2.541E-05  1.40571E-02  1.791E-04  0.00000E+00  0.000E+00
   4.60000E+01  2.50000E+02  2.52763E-04  2.402E-05  1.38072E-02  1.775E-04  0.00000E+00  0.000E+00
   4.60000E+01  2.70000E+02  2.65315E-04  2.461E-05  1.37667E-02  1.772E-04  0.00000E+00  0.000E+00
   4.60000E+01  2.90000E+02  2.60180E-04  2.437E-05  1.38483E-02  1.778E-04  0.00000E+00  0.000E+00
   4.60000E+01  3.10000E+02  2.69880E-04  2.482E-05  1.39082E-02  1.781E-04  0.00000E+00  0.000E+00
   4.60000E+01  3.30000E+02  2.78438E-04  2.521E-05  1.37890E-02  1.774E-04  0.00000E+00  0.000E+00
   4.60000E+01  3.50000E+02  2.67027E-04  2.469E-05  1.38940E-02  1.781E-04  0.00000E+00  0.000E+00

   5.00000E+01  1.00000E+01  2.30923E-04  2.225E-05  1.44463E-02  1.759E-04  1.07157E-06  1.515E-06
   5.00000E+01  3.00000E+01  2.27708E-04  2.209E-05  1.46221E-02  1.770E-04  0.00000E+00  0.000E+00
   5.00000E+01  5.00000E+01  2.47532E-04  2.303E-05  1.45556E-02  1.766E-04  5.35784E-07  1.072E-06
   5.00000E+01  7.00000E+01  2.49139E-04  2.311E-05  1.44790E-02  1.761E-04  5.35784E-07  1.072E-06
   5.00000E+01  9.00000E+01  2.24493E-04  2.193E-05  1.45637E-02  1.766E-04  5.35784E-07  1.072E-06
   5.00000E+01  1.10000E+02  2.56640E-04  2.345E-05  1.45047E-02  1.763E-04  0.00000E+00  0.000E+00
   5.00000E+01  1.30000E+02  2.39495E-04  2.266E-05  1.44421E-02  1.759E-04  0.00000E+00  0.000E+00
   5.00000E+01  1.50000E+02  2.55033E-04  2.338E-05  1.44201E-02  1.758E-04  0.00000E+00  0.000E+00
   5.00000E+01  1.70000E+02  2.33602E-04  2.237E-05  1.43933E-02  1.756E-04  0.00000E+00  0.000E+00
   5.00000E+01  1.90000E+02  2.53961E-04  2.333E-05  1.46837E-02  1.774E-04  5.35784E-07  1.072E-06
   5.00000E+01  2.10000E+02  2.37888E-04  2.258E-05  1.45856E-02  1.768E-04  0.00000E+00  0.000E+00
   5.00000E+01  2.30000E+02  2.26637E-04  2.204E-05  1.44903E-02  1.762E-04  0.00000E+00  0.000E+00
   5.00000E+01  2.50000E+02  2.54497E-04  2.335E-05  1.45889E-02  1.768E-04  5.35784E-07  1.072E-06
   5.00000E+01  2.70000E+02  2.40567E-04  2.271E-05  1.44238E-02  1.758E-04  0.00000E+00  0.000E+00
   5.00000E+01  2.90000E+02  2.45925E-04  2.296E-05  1.45422E-02  1.765E-04  5.35784E-07  1.072E-06
   5.00000E+01  3.10000E+02  2.50211E-04  2.316E-05  1.46301E-02  1.770E-04  0.00000E+00  0.000E+00
   5.00000E+01  3.30000E+02  2.43246E-04  2.283E-05  1.45744E-02  1.767E-04  0.00000E+00  0.000E+00
   5.00000E+01  3.50000E+02  2.18064E-04  2.162E-05  1.46108E-02  1.769E-04  0.00000E+00  0.000E+00

   5.40000E+01  1.00000E+01  2.34384E-04  2.181E-05  1.51644E-02  1.754E-04  5.07324E-07  1.015E-06
   5.40000E+01  3.00000E+01  2.07496E-04  2.052E-05  1.51974E-02  1.756E-04  0.00000E+00  0.000E+00
   5.40000E+01  5.00000E+01  2.33369E-04  2.181E-05  1.52101E-02  1.757E-04  0.00000E+00  0.000E+00
   5.40000E+01  7.00000E+01  2.08510E-04  2.057E-05  1.52415E-02  1.759E-04  5.07324E-07  1.015E-06
   5.40000E+01  9.00000E+01  2.24237E-04  2.133E-05  1.53598E-02  1.765E-04  0.00000E+00  0.000E+00
   5.40000E+01  1.10000E+02  2.14598E-04  2.087E-05  1.50325E-02  1.746E-04  0.00000E+00  0.000E+00
   5.40000E+01  1.30000E+02  2.00901E-04  2.019E-05  1.53111E-02  1.762E-04  0.00000E+00  0.000E+00
   5.40000E+01  1.50000E+02  2.13076E-04  2.079E-05  1.52441E-02  1.759E-04  1.01465E-06  1.435E-06
   5.40000E+01  1.70000E+02  2.11047E-04  2.069E-05  1.52806E-02  1.761E-04  5.07324E-07  1.015E-06
   5.40000E+01  1.90000E+02  2.32862E-04  2.174E-05  1.52705E-02  1.760E-04  0.00000E+00  0.000E+00
   5.40000E+01  2.10000E+02  2.10032E-04  2.065E-05  1.52806E-02  1.761E-04  0.00000E+00  0.000E+00
   5.40000E+01  2.30000E+02  2.14598E-04  2.087E-05  1.53050E-02  1.762E-04  0.00000E+00  0.000E+00
   5.40000E+01  2.50000E+02  2.21701E-04  2.121E-05  1.52634E-02  1.760E-04  5.07324E-07  1.015E-06
   5.40000E+01  2.70000E+02  2.04959E-04  2.039E-05  1.51857E-02  1.755E-04  0.00000E+00  0.000E+00
   5.40000E+01  2.90000E+02  2.38950E-04  2.202E-05  1.52324E-02  1.758E-04  5.07324E-07  1.015E-06
   5.40000E+01  3.10000E+02  2.10540E-04  2.067E-05  1.52568E-02  1.759E-04  0.00000E+00  0.000E+00
   5.40000E+01  3.30000E+02  2.18657E-04  2.106E-05  1.52715E-02  1.760E-04  0.00000E+00  0.000E+00
   5.40000E+01  3.50000E+02  2.31847E-04  2.169E-05  1.53349E-02  1.764E-04  0.00000E+00  0.000E+00

   5.80000E+01  1.00000E+01  1.99398E-04  1.965E-05  1.59905E-02  1.759E-04  0.00000E+00  0.000E+00
   5.80000E+01  3.00000E+01  2.02786E-04  1.981E-05  1.61570E-02  1.768E-04  0.00000E+00  0.000E+00
   5.80000E+01  5.00000E+01  2.11013E-04  2.021E-05  1.59334E-02  1.756E-04  4.83975E-07  9.680E-07
   5.80000E+01  7.00000E+01  1.97462E-04  1.955E-05  1.58550E-02  1.752E-04  0.00000E+00  0.000E+00
   5.80000E+01  9.00000E+01  1.96494E-04  1.950E-05  1.60641E-02  1.763E-04  0.00000E+00  0.000E+00
   5.80000E+01  1.10000E+02  1.80523E-04  1.869E-05  1.59770E-02  1.758E-04  4.83975E-07  9.680E-07
   5.80000E+01  1.30000E+02  2.07625E-04  2.005E-05  1.61686E-02  1.769E-04  0.00000E+00  0.000E+00
   5.80000E+01  1.50000E+02  2.10529E-04  2.019E-05  1.59934E-02  1.759E-04  4.83975E-07  9.680E-07
   5.80000E+01  1.70000E+02  1.86814E-04  1.902E-05  1.61062E-02  1.766E-04  0.00000E+00  0.000E+00
   5.80000E+01  1.90000E+02  1.88266E-04  1.909E-05  1.60094E-02  1.760E-04  0.00000E+00  0.000E+00
   5.80000E+01  2.10000E+02  1.96494E-04  1.950E-05  1.60438E-02  1.762E-04  0.00000E+00  0.000E+00
   5.80000E+01  2.30000E+02  1.91654E-04  1.926E-05  1.60307E-02  1.761E-04  4.83975E-07  9.680E-07
   5.80000E+01  2.50000E+02  2.11013E-04  2.021E-05  1.58865E-02  1.753E-04  0.00000E+00  0.000E+00
   5.80000E+01  2.70000E+02  2.00366E-04  1.969E-05  1.60718E-02  1.764E-04  4.83975E-07  9.680E-07
   5.80000E+01  2.90000E+02  2.03754E-04  1.986E-05  1.60447E-02  1.762E-04  0.00000E+00  0.000E+00
   5.80000E+01  3.10000E+02  1.96494E-04  1.950E-05  1.61778E-02  1.770E-04  0.00000E+00  0.000E+00
   5.80000E+01  3.30000E+02  1.93590E-04  1.936E-05  1.61333E-02  1.767E-04  0.00000E+00  0.000E+00
   5.80000E+01  3.50000E+02  1.83911E-04  1.887E-05  1.59262E-02  1.756E-04  0.00000E+00  0.000E+00

   6.20000E+01  1.00000E+01  1.74317E-04  1.800E-05  1.68158E-02  1.768E-04  0.00000E+00  0.000E+00
   6.20000E+01  3.00000E+01  1.69204E-04  1.774E-05  1.68809E-02  1.771E-04  0.00000E+00  0.000E+00
   6.20000E+01  5.00000E+01  1.97559E-04  1.917E-05  1.67716E-02  1.766E-04  0.00000E+00  0.000E+00
   6.20000E+01  7.00000E+01  1.66415E-04  1.759E-05  1.67935E-02  1.767E-04  0.00000E+00  0.000E+00
   6.20000E+01  9.00000E+01  1.68274E-04  1.769E-05  1.70082E-02  1.778E-04  0.00000E+00  0.000E+00
   6.20000E+01  1.10000E+02  1.76176E-04  1.810E-05  1.69511E-02  1.775E-04  0.00000E+00  0.000E+00
   6.20000E+01  1.30000E+02  1.68274E-04  1.769E-05  1.67977E-02  1.767E-04  0.00000E+00  0.000E+00
   6.20000E+01  1.50000E+02  1.71063E-04  1.783E-05  1.69864E-02  1.777E-04  0.00000E+00  0.000E+00
   6.20000E+01  1.70000E+02  1.86868E-04  1.864E-05  1.69339E-02  1.774E-04  0.00000E+00  0.000E+00
   6.20000E+01  1.90000E+02  1.83614E-04  1.848E-05  1.68790E-02  1.771E-04  4.64845E-07  9.297E-07
   6.20000E+01  2.10000E+02  1.62231E-04  1.737E-05  1.67228E-02  1.763E-04  4.64845E-07  9.297E-07
   6.20000E+01  2.30000E+02  1.68274E-04  1.769E-05  1.69947E-02  1.777E-04  0.00000E+00  0.000E+00
   6.20000E+01  2.50000E+02  1.80360E-04  1.831E-05  1.69590E-02  1.775E-04  0.00000E+00  0.000E+00
   6.20000E+01  2.70000E+02  1.74782E-04  1.803E-05  1.69273E-02  1.774E-04  4.64845E-07  9.297E-07
   6.20000E+01  2.90000E+02  1.78965E-04  1.824E-05  1.67251E-02  1.763E-04  4.64845E-07  9.297E-07
   6.20000E+01  3.10000E+02  2.00348E-04  1.930E-05  1.69650E-02  1.776E-04  4.64845E-07  9.297E-07
   6.20000E+01  3.30000E+02  1.67809E-04  1.766E-05  1.69631E-02  1.776E-04  0.00000E+00  0.000E+00
   6.20000E+01  3.50000E+02  1.76176E-04  1.810E-05  1.68590E-02  1.770E-04  0.00000E+00  0.000E+00

   6.60000E+01  1.00000E+01  1.59044E-04  1.691E-05  1.77783E-02  1.787E-04  0.00000E+00  0.000E+00
   6.60000E+01  3.00000E+01  1.58145E-04  1.686E-05  1.77765E-02  1.787E-04  0.00000E+00  0.000E+00
   6.60000E+01  5.00000E+01  1.46464E-04  1.622E-05  1.75640E-02  1.776E-04  0.00000E+00  0.000E+00
   6.60000E+01  7.00000E+01  1.51406E-04  1.650E-05  1.76952E-02  1.783E-04  0.00000E+00  0.000E+00
   6.60000E+01  9.00000E+01  1.58594E-04  1.688E-05  1.78511E-02  1.791E-04  4.49276E-07  8.986E-07
   6.60000E+01  1.10000E+02  1.49160E-04  1.637E-05  1.76997E-02  1.783E-04  0.00000E+00  0.000E+00
   6.60000E+01  1.30000E+02  1.58145E-04  1.686E-05  1.77437E-02  1.785E-04  0.00000E+00  0.000E+00
   6.60000E+01  1.50000E+02  1.53652E-04  1.662E-05  1.77370E-02  1.785E-04  0.00000E+00  0.000E+00
   6.60000E+01  1.70000E+02  1.34334E-04  1.554E-05  1.79436E-02  1.796E-04  4.49276E-07  8.986E-07
   6.60000E+01  1.90000E+02  1.45116E-04  1.615E-05  1.76902E-02  1.783E-04  0.00000E+00  0.000E+00
   6.60000E+01  2.10000E+02  1.42421E-04  1.600E-05  1.77374E-02  1.785E-04  0.00000E+00  0.000E+00
   6.60000E+01  2.30000E+02  1.41073E-04  1.592E-05  1.77100E-02  1.784E-04  0.00000E+00  0.000E+00
   6.60000E+01  2.50000E+02  1.37478E-04  1.572E-05  1.77019E-02  1.783E-04  0.00000E+00  0.000E+00
   6.60000E+01  2.70000E+02  1.63087E-04  1.712E-05  1.78821E-02  1.792E-04  0.00000E+00  0.000E+00
   6.60000E+01  2.90000E+02  1.58145E-04  1.686E-05  1.76862E-02  1.782E-04  0.00000E+00  0.000E+00
   6.60000E+01  3.10000E+02  1.49609E-04  1.640E-05  1.75020E-02  1.773E-04  0.00000E+00  0.000E+00
   6.60000E+01  3.30000E+02  1.53203E-04  1.659E-05  1.78466E-02  1.791E-04  0.00000E+00  0.000E+00
   6.60000E+01  3.50000E+02  1.49160E-04  1.637E-05  1.76651E-02  1.781E-04  0.00000E+00  0.000E+00

   7.00000E+01  1.00000E+01  1.19240E-04  1.443E-05  1.85359E-02  1.799E-04  0.00000E+00  0.000E+00
   7.00000E+01  3.00000E+01  1.37147E-04  1.548E-05  1.85769E-02  1.801E-04  0.00000E+00  0.000E+00
   7.00000E+01  5.00000E+01  1.29285E-04  1.503E-05  1.86599E-02  1.805E-04  0.00000E+00  0.000E+00
   7.00000E+01  7.00000E+01  1.28412E-04  1.498E-05  1.87123E-02  1.808E-04  0.00000E+00  0.000E+00
   7.00000E+01  9.00000E+01  1.26228E-04  1.485E-05  1.84782E-02  1.797E-04  4.36775E-07  8.735E-07
   7.00000E+01  1.10000E+02  1.32343E-04  1.521E-05  1.87206E-02  1.808E-04  0.00000E+00  0.000E+00
   7.00000E+01  1.30000E+02  1.34963E-04  1.536E-05  1.86796E-02  1.806E-04  0.00000E+00  0.000E+00
   7.00000E+01  1.50000E+02  1.29722E-04  1.505E-05  1.85324E-02  1.799E-04  4.36775E-07  8.735E-07
   7.00000E+01  1.70000E+02  1.24918E-04  1.477E-05  1.84830E-02  1.797E-04  0.00000E+00  0.000E+00
   7.00000E+01  1.90000E+02  1.27101E-04  1.490E-05  1.86180E-02  1.803E-04  0.00000E+00  0.000E+00
   7.00000E+01  2.10000E+02  1.22734E-04  1.464E-05  1.86883E-02  1.807E-04  0.00000E+00  0.000E+00
   7.00000E+01  2.30000E+02  1.38458E-04  1.555E-05  1.85992E-02  1.802E-04  0.00000E+00  0.000E+00
   7.00000E+01  2.50000E+02  1.24044E-04  1.472E-05  1.87031E-02  1.807E-04  0.00000E+00  0.000E+00
   7.00000E+01  2.70000E+02  1.15309E-04  1.419E-05  1.86909E-02  1.807E-04  0.00000E+00  0.000E+00
   7.00000E+01  2.90000E+02  1.27538E-04  1.493E-05  1.85874E-02  1.802E-04  4.36775E-07  8.735E-07
   7.00000E+01  3.10000E+02  1.25791E-04  1.482E-05  1.86031E-02  1.802E-04  0.00000E+00  0.000E+00
   7.00000E+01  3.30000E+02  1.25354E-04  1.480E-05  1.87132E-02  1.808E-04  0.00000E+00  0.000E+00
   7.00000E+01  3.50000E+02  1.25791E-04  1.482E-05  1.86643E-02  1.805E-04  4.36775E-07  8.735E-07

   7.40000E+01  1.00000E+01  1.18699E-04  1.424E-05  1.94948E-02  1.824E-04  0.00000E+00  0.000E+00
   7.40000E+01  3.00000E+01  1.17845E-04  1.419E-05  1.94824E-02  1.824E-04  0.00000E+00  0.000E+00
   7.40000E+01  5.00000E+01  1.05463E-04  1.342E-05  1.93607E-02  1.818E-04  0.00000E+00  0.000E+00
   7.40000E+01  7.00000E+01  1.09305E-04  1.366E-05  1.94649E-02  1.823E-04  4.26974E-07  8.539E-07
   7.40000E+01  9.00000E+01  1.11867E-04  1.382E-05  1.96801E-02  1.833E-04  0.00000E+00  0.000E+00
   7.40000E+01  1.10000E+02  1.19553E-04  1.429E-05  1.95917E-02  1.829E-04  0.00000E+00  0.000E+00
   7.40000E+01  1.30000E+02  1.12721E-04  1.388E-05  1.93910E-02  1.819E-04  0.00000E+00  0.000E+00
   7.40000E+01  1.50000E+02  1.19553E-04  1.429E-05  1.95354E-02  1.826E-04  0.00000E+00  0.000E+00
   7.40000E+01  1.70000E+02  1.16137E-04  1.408E-05  1.94376E-02  1.822E-04  0.00000E+00  0.000E+00
   7.40000E+01  1.90000E+02  1.04609E-04  1.337E-05  1.94995E-02  1.825E-04  0.00000E+00  0.000E+00
   7.40000E+01  2.10000E+02  1.02901E-04  1.326E-05  1.94448E-02  1.822E-04  0.00000E+00  0.000E+00
   7.40000E+01  2.30000E+02  1.04182E-04  1.334E-05  1.96032E-02  1.829E-04  0.00000E+00  0.000E+00
   7.40000E+01  2.50000E+02  1.11013E-04  1.377E-05  1.95977E-02  1.829E-04  0.00000E+00  0.000E+00
   7.40000E+01  2.70000E+02  1.14856E-04  1.401E-05  1.95268E-02  1.826E-04  0.00000E+00  0.000E+00
   7.40000E+01  2.90000E+02  1.07598E-04  1.356E-05  1.95883E-02  1.829E-04  0.00000E+00  0.000E+00
   7.40000E+01  3.10000E+02  1.19126E-04  1.426E-05  1.95964E-02  1.829E-04  0.00000E+00  0.000E+00
   7.40000E+01  3.30000E+02  1.12721E-04  1.388E-05  1.95640E-02  1.828E-04  0.00000E+00  0.000E+00
   7.40000E+01  3.50000E+02  1.05036E-04  1.339E-05  1.94999E-02  1.825E-04  0.00000E+00  0.000E+00

   7.80000E+01  1.00000E+01  8.97951E-05  1.228E-05  2.04968E-02  1.854E-04  0.00000E+00  0.000E+00
   7.80000E+01  3.00000E+01  1.01124E-04  1.308E-05  2.05811E-02  1.858E-04  0.00000E+00  0.000E+00
   7.80000E+01  5.00000E+01  9.35716E-05  1.253E-05  2.04238E-02  1.851E-04  0.00000E+00  0.000E+00
   7.80000E+01  7.00000E+01  9.90264E-05  1.289E-05  2.04502E-02  1.852E-04  0.00000E+00  0.000E+00
   7.80000E+01  9.00000E+01  8.18227E-05  1.172E-05  2.04032E-02  1.850E-04  0.00000E+00  0.000E+00
   7.80000E+01  1.10000E+02  1.03222E-04  1.316E-05  2.04007E-02  1.850E-04  0.00000E+00  0.000E+00
   7.80000E+01  1.30000E+02  9.98656E-05  1.295E-05  2.04670E-02  1.853E-04  0.00000E+00  0.000E+00
   7.80000E+01  1.50000E+02  8.18227E-05  1.178E-05  2.05581E-02  1.857E-04  0.00000E+00  0.000E+00
   7.80000E+01  1.70000E+02  9.39912E-05  1.256E-05  2.04624E-02  1.853E-04  0.00000E+00  0.000E+00
   7.80000E+01  1.90000E+02  1.09097E-04  1.353E-05  2.05551E-02  1.857E-04  0.00000E+00  0.000E+00
   7.80000E+01  2.10000E+02  9.02147E-05  1.231E-05  2.03550E-02  1.848E-04  4.19603E-07  8.392E-07
   7.80000E+01  2.30000E+02  9.81872E-05  1.284E-05  2.07087E-02  1.864E-04  0.00000E+00  0.000E+00
   7.80000E+01  2.50000E+02  9.23128E-05  1.245E-05  2.05115E-02  1.855E-04  0.00000E+00  0.000E+00
   7.80000E+01  2.70000E+02  9.27324E-05  1.248E-05  2.02677E-02  1.844E-04  0.00000E+00  0.000E+00
   7.80000E+01  2.90000E+02  1.03222E-04  1.316E-05  2.03973E-02  1.850E-04  0.00000E+00  0.000E+00
   7.80000E+01  3.10000E+02  1.05320E-04  1.330E-05  2.05434E-02  1.856E-04  0.00000E+00  0.000E+00
   7.80000E+01  3.30000E+02  9.44108E-05  1.259E-05  2.03340E-02  1.847E-04  0.00000E+00  0.000E+00
   7.80000E+01  3.50000E+02  9.31520E-05  1.250E-05  2.04779E-02  1.854E-04  0.00000E+00  0.000E+00

   8.20000E+01  1.00000E+01  8.16501E-05  1.163E-05  2.13849E-02  1.882E-04  0.00000E+00  0.000E+00
   8.20000E+01  3.00000E+01  7.75055E-05  1.134E-05  2.15822E-02  1.891E-04  0.00000E+00  0.000E+00
   8.20000E+01  5.00000E+01  8.08212E-05  1.158E-05  2.13832E-02  1.883E-04  0.00000E+00  0.000E+00
   8.20000E+01  7.00000E+01  7.46042E-05  1.112E-05  2.13928E-02  1.883E-04  0.00000E+00  0.000E+00
   8.20000E+01  9.00000E+01  8.08212E-05  1.158E-05  2.13107E-02  1.879E-04  0.00000E+00  0.000E+00
   8.20000E+01  1.10000E+02  7.91633E-05  1.146E-05  2.14591E-02  1.886E-04  0.00000E+00  0.000E+00
   8.20000E+01  1.30000E+02  8.37225E-05  1.178E-05  2.14118E-02  1.884E-04  0.00000E+00  0.000E+00
   8.20000E+01  1.50000E+02  9.03540E-05  1.224E-05  2.15573E-02  1.890E-04  0.00000E+00  0.000E+00
   8.20000E+01  1.70000E+02  8.04067E-05  1.155E-05  2.13853E-02  1.882E-04  0.00000E+00  0.000E+00
   8.20000E+01  1.90000E+02  9.65710E-05  1.265E-05  2.14831E-02  1.887E-04  0.00000E+00  0.000E+00
   8.20000E+01  2.10000E+02  9.65710E-05  1.265E-05  2.15316E-02  1.889E-04  0.00000E+00  0.000E+00
   8.20000E+01  2.30000E+02  7.46042E-05  1.112E-05  2.15200E-02  1.888E-04  0.00000E+00  0.000E+00
   8.20000E+01  2.50000E+02  8.16501E-05  1.163E-05  2.14073E-02  1.883E-04  0.00000E+00  0.000E+00
   8.20000E+01  2.70000E+02  7.58476E-05  1.121E-05  2.14180E-02  1.884E-04  0.00000E+00  0.000E+00
   8.20000E+01  2.90000E+02  7.70910E-05  1.131E-05  2.14176E-02  1.884E-04  4.14468E-07  8.289E-07
   8.20000E+01  3.10000E+02  8.41369E-05  1.181E-05  2.13111E-02  1.879E-04  0.00000E+00  0.000E+00
   8.20000E+01  3.30000E+02  8.24791E-05  1.169E-05  2.14483E-02  1.885E-04  0.00000E+00  0.000E+00
   8.20000E+01  3.50000E+02  8.82816E-05  1.210E-05  2.14773E-02  1.887E-04  0.00000E+00  0.000E+00

   8.60000E+01  1.00000E+01  6.95327E-05  1.070E-05  2.23443E-02  1.917E-04  0.00000E+00  0.000E+00
   8.60000E+01  3.00000E+01  7.24128E-05  1.092E-05  2.22949E-02  1.915E-04  0.00000E+00  0.000E+00
   8.60000E+01  5.00000E+01  6.37726E-05  1.024E-05  2.22554E-02  1.913E-04  0.00000E+00  0.000E+00
   8.60000E+01  7.00000E+01  6.95327E-05  1.070E-05  2.24307E-02  1.921E-04  0.00000E+00  0.000E+00
   8.60000E+01  9.00000E+01  6.45955E-05  1.031E-05  2.24307E-02  1.921E-04  0.00000E+00  0.000E+00
   8.60000E+01  1.10000E+02  6.37726E-05  1.024E-05  2.24192E-02  1.920E-04  0.00000E+00  0.000E+00
   8.60000E+01  1.30000E+02  6.95327E-05  1.070E-05  2.22192E-02  1.912E-04  0.00000E+00  0.000E+00
   8.60000E+01  1.50000E+02  6.54184E-05  1.038E-05  2.24220E-02  1.921E-04  0.00000E+00  0.000E+00
   8.60000E+01  1.70000E+02  7.48814E-05  1.110E-05  2.24060E-02  1.920E-04  0.00000E+00  0.000E+00
   8.60000E+01  1.90000E+02  6.66527E-05  1.047E-05  2.22863E-02  1.915E-04  0.00000E+00  0.000E+00
   8.60000E+01  2.10000E+02  6.58298E-05  1.041E-05  2.24644E-02  1.922E-04  0.00000E+00  0.000E+00
   8.60000E+01  2.30000E+02  6.78870E-05  1.057E-05  2.23677E-02  1.918E-04  0.00000E+00  0.000E+00
   8.60000E+01  2.50000E+02  6.91213E-05  1.067E-05  2.24792E-02  1.923E-04  0.00000E+00  0.000E+00
   8.60000E+01  2.70000E+02  6.78870E-05  1.057E-05  2.23982E-02  1.919E-04  0.00000E+00  0.000E+00
   8.60000E+01  2.90000E+02  7.48814E-05  1.110E-05  2.23208E-02  1.916E-04  0.00000E+00  0.000E+00
   8.60000E+01  3.10000E+02  6.66527E-05  1.047E-05  2.23583E-02  1.918E-04  0.00000E+00  0.000E+00
   8.60000E+01  3.30000E+02  7.07671E-05  1.079E-05  2.22060E-02  1.911E-04  0.00000E+00  0.000E+00
   8.60000E+01  3.50000E+02  6.45955E-05  1.031E-05  2.23254E-02  1.916E-04  0.00000E+00  0.000E+00

   9.00000E+01  1.00000E+01  6.93634E-05  1.067E-05  2.36402E-02  1.970E-04  0.00000E+00  0.000E+00
   9.00000E+01  3.00000E+01  6.32069E-05  1.019E-05  2.35560E-02  1.966E-04  0.00000E+00  0.000E+00
   9.00000E+01  5.00000E+01  6.23860E-05  1.012E-05  2.36689E-02  1.971E-04  0.00000E+00  0.000E+00
   9.00000E+01  7.00000E+01  6.27964E-05  1.015E-05  2.34415E-02  1.961E-04  0.00000E+00  0.000E+00
   9.00000E+01  9.00000E+01  6.32069E-05  1.019E-05  2.35244E-02  1.965E-04  0.00000E+00  0.000E+00
   9.00000E+01  1.10000E+02  8.04451E-05  1.149E-05  2.33664E-02  1.958E-04  0.00000E+00  0.000E+00
   9.00000E+01  1.30000E+02  6.40277E-05  1.025E-05  2.34785E-02  1.963E-04  0.00000E+00  0.000E+00
   9.00000E+01  1.50000E+02  6.64903E-05  1.045E-05  2.35363E-02  1.965E-04  0.00000E+00  0.000E+00
   9.00000E+01  1.70000E+02  6.89529E-05  1.064E-05  2.36020E-02  1.968E-04  0.00000E+00  0.000E+00
   9.00000E+01  1.90000E+02  6.03338E-05  9.952E-06  2.34793E-02  1.963E-04  0.00000E+00  0.000E+00
   9.00000E+01  2.10000E+02  6.64903E-05  1.045E-05  2.34321E-02  1.961E-04  0.00000E+00  0.000E+00
   9.00000E+01  2.30000E+02  6.40277E-05  1.025E-05  2.33972E-02  1.959E-04  0.00000E+00  0.000E+00
   9.00000E+01  2.50000E+02  7.10051E-05  1.080E-05  2.34764E-02  1.963E-04  0.00000E+00  0.000E+00
   9.00000E+01  2.70000E+02  5.82816E-05  9.782E-06  2.36459E-02  1.970E-04  0.00000E+00  0.000E+00
   9.00000E+01  2.90000E+02  5.70503E-05  9.678E-06  2.35458E-02  1.966E-04  0.00000E+00  0.000E+00
   9.00000E+01  3.10000E+02  5.95130E-05  9.885E-06  2.35684E-02  1.966E-04  0.00000E+00  0.000E+00
   9.00000E+01  3.30000E+02  6.44382E-05  1.029E-05  2.35881E-02  1.967E-04  0.00000E+00  0.000E+00
   9.00000E+01  3.50000E+02  6.60799E-05  1.042E-05  2.35384E-02  1.965E-04  0.00000E+00  0.000E+00

   9.40000E+01  1.00000E+01  7.89958E-05  1.140E-05  2.57555E-02  2.058E-04  0.00000E+00  0.000E+00
   9.40000E+01  3.00000E+01  7.77615E-05  1.131E-05  2.57518E-02  2.058E-04  0.00000E+00  0.000E+00
   9.40000E+01  5.00000E+01  6.82984E-05  1.060E-05  2.58127E-02  2.061E-04  0.00000E+00  0.000E+00
   9.40000E+01  7.00000E+01  8.14644E-05  1.158E-05  2.59094E-02  2.064E-04  0.00000E+00  0.000E+00
   9.40000E+01  9.00000E+01  6.78870E-05  1.057E-05  2.57321E-02  2.057E-04  0.00000E+00  0.000E+00
   9.40000E+01  1.10000E+02  7.20014E-05  1.089E-05  2.59168E-02  2.065E-04  0.00000E+00  0.000E+00
   9.40000E+01  1.30000E+02  6.99442E-05  1.073E-05  2.57987E-02  2.060E-04  0.00000E+00  0.000E+00
   9.40000E+01  1.50000E+02  6.99442E-05  1.073E-05  2.57366E-02  2.057E-04  0.00000E+00  0.000E+00
   9.40000E+01  1.70000E+02  7.73500E-05  1.128E-05  2.57683E-02  2.059E-04  0.00000E+00  0.000E+00
   9.40000E+01  1.90000E+02  7.24128E-05  1.092E-05  2.57259E-02  2.057E-04  0.00000E+00  0.000E+00
   9.40000E+01  2.10000E+02  8.43445E-05  1.178E-05  2.58682E-02  2.063E-04  4.11436E-07  8.229E-07
   9.40000E+01  2.30000E+02  7.15899E-05  1.085E-05  2.57333E-02  2.057E-04  0.00000E+00  0.000E+00
   9.40000E+01  2.50000E+02  7.44700E-05  1.107E-05  2.57880E-02  2.060E-04  0.00000E+00  0.000E+00
   9.40000E+01  2.70000E+02  7.07671E-05  1.079E-05  2.56633E-02  2.054E-04  0.00000E+00  0.000E+00
   9.40000E+01  2.90000E+02  7.03556E-05  1.076E-05  2.56782E-02  2.055E-04  0.00000E+00  0.000E+00
   9.40000E+01  3.10000E+02  6.78870E-05  1.057E-05  2.57678E-02  2.059E-04  0.00000E+00  0.000E+00
   9.40000E+01  3.30000E+02  8.55788E-05  1.187E-05  2.58246E-02  2.061E-04  0.00000E+00  0.000E+00
   9.40000E+01  3.50000E+02  7.20014E-05  1.089E-05  2.58152E-02  2.061E-04  0.00000E+00  0.000E+00

   9.80000E+01  1.00000E+01  9.90578E-05  1.282E-05  2.83285E-02  2.166E-04  0.00000E+00  0.000E+00
   9.80000E+01  3.00000E+01  8.08212E-05  1.158E-05  2.83807E-02  2.168E-04  0.00000E+00  0.000E+00
   9.80000E+01  5.00000E+01  1.06104E-04  1.326E-05  2.85307E-02  2.174E-04  0.00000E+00  0.000E+00
   9.80000E+01  7.00000E+01  9.94723E-05  1.284E-05  2.83334E-02  2.167E-04  0.00000E+00  0.000E+00
   9.80000E+01  9.00000E+01  9.40842E-05  1.249E-05  2.84047E-02  2.169E-04  0.00000E+00  0.000E+00
   9.80000E+01  1.10000E+02  1.02374E-04  1.303E-05  2.83007E-02  2.165E-04  0.00000E+00  0.000E+00
   9.80000E+01  1.30000E+02  8.24791E-05  1.169E-05  2.85365E-02  2.174E-04  0.00000E+00  0.000E+00
   9.80000E+01  1.50000E+02  9.32552E-05  1.243E-05  2.82766E-02  2.164E-04  0.00000E+00  0.000E+00
   9.80000E+01  1.70000E+02  9.24263E-05  1.238E-05  2.84880E-02  2.172E-04  0.00000E+00  0.000E+00
   9.80000E+01  1.90000E+02  9.73999E-05  1.271E-05  2.84379E-02  2.171E-04  0.00000E+00  0.000E+00
   9.80000E+01  2.10000E+02  9.20118E-05  1.235E-05  2.84391E-02  2.171E-04  0.00000E+00  0.000E+00
   9.80000E+01  2.30000E+02  1.00301E-04  1.290E-05  2.83757E-02  2.168E-04  0.00000E+00  0.000E+00
   9.80000E+01  2.50000E+02  9.03540E-05  1.224E-05  2.83641E-02  2.168E-04  0.00000E+00  0.000E+00
   9.80000E+01  2.70000E+02  9.98867E-05  1.287E-05  2.83202E-02  2.166E-04  0.00000E+00  0.000E+00
   9.80000E+01  2.90000E+02  8.78672E-05  1.207E-05  2.84026E-02  2.169E-04  0.00000E+00  0.000E+00
   9.80000E+01  3.10000E+02  9.32552E-05  1.243E-05  2.83272E-02  2.166E-04  0.00000E+00  0.000E+00
   9.80000E+01  3.30000E+02  9.36697E-05  1.246E-05  2.83836E-02  2.169E-04  0.00000E+00  0.000E+00
   9.80000E+01  3.50000E+02  9.90578E-05  1.282E-05  2.83877E-02  2.169E-04  0.00000E+00  0.000E+00

   1.02000E+02  1.00000E+01  1.18328E-04  1.409E-05  3.14069E-02  2.295E-04  0.00000E+00  0.000E+00
   1.02000E+02  3.00000E+01  1.22105E-04  1.432E-05  3.11543E-02  2.286E-04  0.00000E+00  0.000E+00
   1.02000E+02  5.00000E+01  1.20007E-04  1.419E-05  3.11854E-02  2.287E-04  0.00000E+00  0.000E+00
   1.02000E+02  7.00000E+01  1.26720E-04  1.458E-05  3.10125E-02  2.281E-04  0.00000E+00  0.000E+00
   1.02000E+02  9.00000E+01  1.27140E-04  1.461E-05  3.11153E-02  2.285E-04  0.00000E+00  0.000E+00
   1.02000E+02  1.10000E+02  1.14132E-04  1.384E-05  3.12567E-02  2.290E-04  0.00000E+00  0.000E+00
   1.02000E+02  1.30000E+02  1.14132E-04  1.384E-05  3.10620E-02  2.282E-04  0.00000E+00  0.000E+00
   1.02000E+02  1.50000E+02  1.09936E-04  1.358E-05  3.11476E-02  2.286E-04  0.00000E+00  0.000E+00
   1.02000E+02  1.70000E+02  1.14971E-04  1.389E-05  3.10914E-02  2.284E-04  0.00000E+00  0.000E+00
   1.02000E+02  1.90000E+02  1.17909E-04  1.407E-05  3.10616E-02  2.282E-04  0.00000E+00  0.000E+00
   1.02000E+02  2.10000E+02  1.07418E-04  1.343E-05  3.12118E-02  2.288E-04  0.00000E+00  0.000E+00
   1.02000E+02  2.30000E+02  1.25881E-04  1.454E-05  3.11791E-02  2.287E-04  0.00000E+00  0.000E+00
   1.02000E+02  2.50000E+02  1.20426E-04  1.422E-05  3.11123E-02  2.284E-04  0.00000E+00  0.000E+00
   1.02000E+02  2.70000E+02  1.17489E-04  1.404E-05  3.12986E-02  2.291E-04  0.00000E+00  0.000E+00
   1.02000E+02  2.90000E+02  1.23363E-04  1.439E-05  3.10800E-02  2.283E-04  0.00000E+00  0.000E+00
   1.02000E+02  3.10000E+02  1.26720E-04  1.458E-05  3.11736E-02  2.287E-04  0.00000E+00  0.000E+00
   1.02000E+02  3.30000E+02  1.24203E-04  1.444E-05  3.10150E-02  2.281E-04  0.00000E+00  0.000E+00
   1.02000E+02  3.50000E+02  1.34273E-04  1.501E-05  3.11442E-02  2.286E-04  0.00000E+00  0.000E+00

   1.06000E+02  1.00000E+01  1.38767E-04  1.539E-05  3.41601E-02  2.414E-04  0.00000E+00  0.000E+00
   1.06000E+02  3.00000E+01  1.49868E-04  1.600E-05  3.41977E-02  2.416E-04  0.00000E+00  0.000E+00
   1.06000E+02  5.00000E+01  1.36632E-04  1.528E-05  3.40307E-02  2.410E-04  0.00000E+00  0.000E+00
   1.06000E+02  7.00000E+01  1.46452E-04  1.582E-05  3.42412E-02  2.417E-04  0.00000E+00  0.000E+00
   1.06000E+02  9.00000E+01  1.51149E-04  1.607E-05  3.38574E-02  2.404E-04  0.00000E+00  0.000E+00
   1.06000E+02  1.10000E+02  1.56700E-04  1.636E-05  3.43736E-02  2.422E-04  0.00000E+00  0.000E+00
   1.06000E+02  1.30000E+02  1.57981E-04  1.643E-05  3.42361E-02  2.417E-04  0.00000E+00  0.000E+00
   1.06000E+02  1.50000E+02  1.52430E-04  1.613E-05  3.43680E-02  2.422E-04  0.00000E+00  0.000E+00
   1.06000E+02  1.70000E+02  1.51576E-04  1.609E-05  3.41469E-02  2.414E-04  0.00000E+00  0.000E+00
   1.06000E+02  1.90000E+02  1.46025E-04  1.579E-05  3.42118E-02  2.416E-04  0.00000E+00  0.000E+00
   1.06000E+02  2.10000E+02  1.51149E-04  1.607E-05  3.40563E-02  2.411E-04  0.00000E+00  0.000E+00
   1.06000E+02  2.30000E+02  1.42609E-04  1.561E-05  3.43535E-02  2.421E-04  0.00000E+00  0.000E+00
   1.06000E+02  2.50000E+02  1.52857E-04  1.616E-05  3.40619E-02  2.411E-04  0.00000E+00  0.000E+00
   1.06000E+02  2.70000E+02  1.57127E-04  1.638E-05  3.41981E-02  2.416E-04  0.00000E+00  0.000E+00
   1.06000E+02  2.90000E+02  1.48160E-04  1.591E-05  3.42331E-02  2.417E-04  0.00000E+00  0.000E+00
   1.06000E+02  3.10000E+02  1.48160E-04  1.591E-05  3.43475E-02  2.421E-04  0.00000E+00  0.000E+00
   1.06000E+02  3.30000E+02  1.45598E-04  1.577E-05  3.40597E-02  2.411E-04  0.00000E+00  0.000E+00
   1.06000E+02  3.50000E+02  1.43036E-04  1.563E-05  3.43471E-02  2.421E-04  0.00000E+00  0.000E+00

   1.10000E+02  1.00000E+01  1.79951E-04  1.773E-05  3.75216E-02  2.559E-04  0.00000E+00  0.000E+00
   1.10000E+02  3.00000E+01  1.89560E-04  1.820E-05  3.76723E-02  2.564E-04  0.00000E+00  0.000E+00
   1.10000E+02  5.00000E+01  1.92618E-04  1.834E-05  3.74015E-02  2.555E-04  0.00000E+00  0.000E+00
   1.10000E+02  7.00000E+01  1.76020E-04  1.754E-05  3.75893E-02  2.562E-04  0.00000E+00  0.000E+00
   1.10000E+02  9.00000E+01  1.80825E-04  1.777E-05  3.75408E-02  2.560E-04  0.00000E+00  0.000E+00
   1.10000E+02  1.10000E+02  1.83445E-04  1.790E-05  3.73997E-02  2.555E-04  0.00000E+00  0.000E+00
   1.10000E+02  1.30000E+02  1.66848E-04  1.707E-05  3.74521E-02  2.557E-04  0.00000E+00  0.000E+00
   1.10000E+02  1.50000E+02  1.83882E-04  1.792E-05  3.74460E-02  2.557E-04  0.00000E+00  0.000E+00
   1.10000E+02  1.70000E+02  1.80388E-04  1.775E-05  3.73945E-02  2.555E-04  0.00000E+00  0.000E+00
   1.10000E+02  1.90000E+02  1.76020E-04  1.754E-05  3.73840E-02  2.555E-04  0.00000E+00  0.000E+00
   1.10000E+02  2.10000E+02  1.84319E-04  1.794E-05  3.75867E-02  2.561E-04  0.00000E+00  0.000E+00
   1.10000E+02  2.30000E+02  1.87813E-04  1.811E-05  3.76998E-02  2.565E-04  0.00000E+00  0.000E+00
   1.10000E+02  2.50000E+02  1.78641E-04  1.767E-05  3.73604E-02  2.554E-04  0.00000E+00  0.000E+00
   1.10000E+02  2.70000E+02  1.72526E-04  1.736E-05  3.74980E-02  2.558E-04  0.00000E+00  0.000E+00
   1.10000E+02  2.90000E+02  1.76457E-04  1.756E-05  3.72805E-02  2.551E-04  0.00000E+00  0.000E+00
   1.10000E+02  3.10000E+02  1.85629E-04  1.801E-05  3.75111E-02  2.559E-04  0.00000E+00  0.000E+00
   1.10000E+02  3.30000E+02  1.64227E-04  1.694E-05  3.75788E-02  2.561E-04  0.00000E+00  0.000E+00
   1.10000E+02  3.50000E+02  1.89560E-04  1.820E-05  3.75583E-02  2.561E-04  0.00000E+00  0.000E+00

   1.14000E+02  1.00000E+01  2.13406E-04  1.958E-05  4.10396E-02  2.715E-04  0.00000E+00  0.000E+00
   1.14000E+02  3.00000E+01  2.32276E-04  2.043E-05  4.12934E-02  2.723E-04  0.00000E+00  0.000E+00
   1.14000E+02  5.00000E+01  2.30928E-04  2.037E-05  4.11676E-02  2.719E-04  0.00000E+00  0.000E+00
   1.14000E+02  7.00000E+01  2.12508E-04  1.954E-05  4.09686E-02  2.712E-04  0.00000E+00  0.000E+00
   1.14000E+02  9.00000E+01  2.10261E-04  1.944E-05  4.10809E-02  2.716E-04  0.00000E+00  0.000E+00
   1.14000E+02  1.10000E+02  2.28232E-04  2.025E-05  4.08998E-02  2.710E-04  0.00000E+00  0.000E+00
   1.14000E+02  1.30000E+02  2.16551E-04  1.973E-05  4.10701E-02  2.716E-04  0.00000E+00  0.000E+00
   1.14000E+02  1.50000E+02  2.29580E-04  2.031E-05  4.13770E-02  2.726E-04  0.00000E+00  0.000E+00
   1.14000E+02  1.70000E+02  2.09363E-04  1.940E-05  4.11690E-02  2.719E-04  0.00000E+00  0.000E+00
   1.14000E+02  1.90000E+02  1.99029E-04  1.891E-05  4.10283E-02  2.714E-04  0.00000E+00  0.000E+00
   1.14000E+02  2.10000E+02  2.08464E-04  1.936E-05  4.10760E-02  2.716E-04  0.00000E+00  0.000E+00
   1.14000E+02  2.30000E+02  2.16551E-04  1.973E-05  4.10984E-02  2.717E-04  0.00000E+00  0.000E+00
   1.14000E+02  2.50000E+02  2.12957E-04  1.956E-05  4.12099E-02  2.720E-04  0.00000E+00  0.000E+00
   1.14000E+02  2.70000E+02  2.26884E-04  2.019E-05  4.10045E-02  2.713E-04  0.00000E+00  0.000E+00
   1.14000E+02  2.90000E+02  2.19247E-04  1.985E-05  4.09484E-02  2.712E-04  0.00000E+00  0.000E+00
   1.14000E+02  3.10000E+02  2.14754E-04  1.965E-05  4.13635E-02  2.725E-04  0.00000E+00  0.000E+00
   1.14000E+02  3.30000E+02  2.27334E-04  2.021E-05  4.12000E-02  2.720E-04  0.00000E+00  0.000E+00
   1.14000E+02  3.50000E+02  2.41711E-04  2.084E-05  4.11699E-02  2.719E-04  0.00000E+00  0.000E+00

   1.18000E+02  1.00000E+01  2.39395E-04  2.110E-05  4.53917E-02  2.904E-04  0.00000E+00  0.000E+00
   1.18000E+02  3.00000E+01  2.51481E-04  2.162E-05  4.50338E-02  2.892E-04  0.00000E+00  0.000E+00
   1.18000E+02  5.00000E+01  2.64497E-04  2.218E-05  4.53884E-02  2.904E-04  0.00000E+00  0.000E+00
   1.18000E+02  7.00000E+01  2.59384E-04  2.196E-05  4.51899E-02  2.897E-04  0.00000E+00  0.000E+00
   1.18000E+02  9.00000E+01  2.77048E-04  2.270E-05  4.50821E-02  2.894E-04  0.00000E+00  0.000E+00
   1.18000E+02  1.10000E+02  2.38931E-04  2.108E-05  4.49338E-02  2.889E-04  0.00000E+00  0.000E+00
   1.18000E+02  1.30000E+02  2.67286E-04  2.229E-05  4.54149E-02  2.905E-04  0.00000E+00  0.000E+00
   1.18000E+02  1.50000E+02  2.55665E-04  2.180E-05  4.50259E-02  2.892E-04  0.00000E+00  0.000E+00
   1.18000E+02  1.70000E+02  2.62638E-04  2.210E-05  4.50816E-02  2.894E-04  0.00000E+00  0.000E+00
   1.18000E+02  1.90000E+02  2.62638E-04  2.210E-05  4.50342E-02  2.892E-04  4.64845E-07  9.297E-07
   1.18000E+02  2.10000E+02  2.59384E-04  2.196E-05  4.51402E-02  2.896E-04  0.00000E+00  0.000E+00
   1.18000E+02  2.30000E+02  2.49157E-04  2.152E-05  4.54038E-02  2.904E-04  0.00000E+00  0.000E+00
   1.18000E+02  2.50000E+02  2.57060E-04  2.186E-05  4.52871E-02  2.900E-04  0.00000E+00  0.000E+00
   1.18000E+02  2.70000E+02  2.76583E-04  2.268E-05  4.51988E-02  2.898E-04  0.00000E+00  0.000E+00
   1.18000E+02  2.90000E+02  2.60778E-04  2.202E-05  4.49519E-02  2.890E-04  0.00000E+00  0.000E+00
   1.18000E+02  3.10000E+02  2.57524E-04  2.188E-05  4.53466E-02  2.902E-04  0.00000E+00  0.000E+00
   1.18000E+02  3.30000E+02  2.51481E-04  2.162E-05  4.51797E-02  2.897E-04  0.00000E+00  0.000E+00
   1.18000E+02  3.50000E+02  2.43114E-04  2.126E-05  4.48162E-02  2.885E-04  0.00000E+00  0.000E+00

   1.22000E+02  1.00000E+01  3.05388E-04  2.431E-05  4.95460E-02  3.096E-04  0.00000E+00  0.000E+00
   1.22000E+02  3.00000E+01  2.91837E-04  2.377E-05  4.96975E-02  3.100E-04  0.00000E+00  0.000E+00
   1.22000E+02  5.00000E+01  2.82157E-04  2.337E-05  4.96389E-02  3.098E-04  0.00000E+00  0.000E+00
   1.22000E+02  7.00000E+01  2.97161E-04  2.398E-05  4.93030E-02  3.088E-04  0.00000E+00  0.000E+00
   1.22000E+02  9.00000E+01  3.09260E-04  2.447E-05  4.94734E-02  3.093E-04  0.00000E+00  0.000E+00
   1.22000E+02  1.10000E+02  3.01516E-04  2.420E-05  4.96321E-02  3.098E-04  0.00000E+00  0.000E+00
   1.22000E+02  1.30000E+02  3.27651E-04  2.519E-05  4.94443E-02  3.092E-04  0.00000E+00  0.000E+00
   1.22000E+02  1.50000E+02  2.94741E-04  2.389E-05  4.97420E-02  3.102E-04  0.00000E+00  0.000E+00
   1.22000E+02  1.70000E+02  3.12164E-04  2.458E-05  4.96767E-02  3.100E-04  0.00000E+00  0.000E+00
   1.22000E+02  1.90000E+02  2.74898E-04  2.307E-05  4.98930E-02  3.106E-04  4.83975E-07  9.680E-07
   1.22000E+02  2.10000E+02  2.96193E-04  2.395E-05  4.98664E-02  3.106E-04  0.00000E+00  0.000E+00
   1.22000E+02  2.30000E+02  3.16036E-04  2.473E-05  4.96147E-02  3.098E-04  0.00000E+00  0.000E+00
   1.22000E+02  2.50000E+02  3.14584E-04  2.468E-05  4.94506E-02  3.092E-04  0.00000E+00  0.000E+00
   1.22000E+02  2.70000E+02  3.06356E-04  2.435E-05  4.96834E-02  3.100E-04  0.00000E+00  0.000E+00
   1.22000E+02  2.90000E+02  3.14584E-04  2.468E-05  4.95184E-02  3.095E-04  4.83975E-07  9.680E-07
   1.22000E+02  3.10000E+02  2.95709E-04  2.393E-05  4.96612E-02  3.099E-04  0.00000E+00  0.000E+00
   1.22000E+02  3.30000E+02  2.95709E-04  2.393E-05  4.98262E-02  3.104E-04  0.00000E+00  0.000E+00
   1.22000E+02  3.50000E+02  2.76350E-04  2.313E-05  4.94690E-02  3.093E-04  0.00000E+00  0.000E+00

   1.26000E+02  1.00000E+01  3.41429E-04  2.632E-05  5.44516E-02  3.322E-04  0.00000E+00  0.000E+00
   1.26000E+02  3.00000E+01  3.47010E-04  2.654E-05  5.43304E-02  3.319E-04  0.00000E+00  0.000E+00
   1.26000E+02  5.00000E+01  3.24688E-04  2.567E-05  5.47089E-02  3.330E-04  0.00000E+00  0.000E+00
   1.26000E+02  7.00000E+01  3.43966E-04  2.642E-05  5.45967E-02  3.327E-04  0.00000E+00  0.000E+00
   1.26000E+02  9.00000E+01  3.49039E-04  2.661E-05  5.44922E-02  3.324E-04  0.00000E+00  0.000E+00
   1.26000E+02  1.10000E+02  3.30268E-04  2.589E-05  5.44659E-02  3.323E-04  0.00000E+00  0.000E+00
   1.26000E+02  1.30000E+02  3.63244E-04  2.715E-05  5.45364E-02  3.325E-04  0.00000E+00  0.000E+00
   1.26000E+02  1.50000E+02  3.35341E-04  2.609E-05  5.45587E-02  3.326E-04  0.00000E+00  0.000E+00
   1.26000E+02  1.70000E+02  3.36356E-04  2.613E-05  5.45288E-02  3.325E-04  0.00000E+00  0.000E+00
   1.26000E+02  1.90000E+02  3.39907E-04  2.626E-05  5.48778E-02  3.335E-04  0.00000E+00  0.000E+00
   1.26000E+02  2.10000E+02  3.55127E-04  2.684E-05  5.45409E-02  3.325E-04  0.00000E+00  0.000E+00
   1.26000E+02  2.30000E+02  3.22658E-04  2.559E-05  5.43766E-02  3.320E-04  0.00000E+00  0.000E+00
   1.26000E+02  2.50000E+02  3.55634E-04  2.686E-05  5.46094E-02  3.327E-04  0.00000E+00  0.000E+00
   1.26000E+02  2.70000E+02  3.44981E-04  2.646E-05  5.43908E-02  3.321E-04  0.00000E+00  0.000E+00
   1.26000E+02  2.90000E+02  3.40922E-04  2.630E-05  5.43319E-02  3.319E-04  0.00000E+00  0.000E+00
   1.26000E+02  3.10000E+02  3.41937E-04  2.634E-05  5.45572E-02  3.326E-04  0.00000E+00  0.000E+00
   1.26000E+02  3.30000E+02  3.59693E-04  2.702E-05  5.44988E-02  3.324E-04  0.00000E+00  0.000E+00
   1.26000E+02  3.50000E+02  3.36356E-04  2.613E-05  5.45790E-02  3.326E-04  0.00000E+00  0.000E+00

   1.30000E+02  1.00000E+01  3.91658E-04  2.897E-05  5.99108E-02  3.581E-04  0.00000E+00  0.000E+00
   1.30000E+02  3.00000E+01  4.06660E-04  2.952E-05  6.01562E-02  3.589E-04  0.00000E+00  0.000E+00
   1.30000E+02  5.00000E+01  4.06124E-04  2.950E-05  5.99188E-02  3.582E-04  0.00000E+00  0.000E+00
   1.30000E+02  7.00000E+01  3.80942E-04  2.857E-05  5.98910E-02  3.581E-04  0.00000E+00  0.000E+00
   1.30000E+02  9.00000E+01  4.08267E-04  2.958E-05  6.00517E-02  3.585E-04  0.00000E+00  0.000E+00
   1.30000E+02  1.10000E+02  3.94337E-04  2.907E-05  5.99703E-02  3.583E-04  0.00000E+00  0.000E+00
   1.30000E+02  1.30000E+02  4.17911E-04  2.993E-05  6.01294E-02  3.588E-04  0.00000E+00  0.000E+00
   1.30000E+02  1.50000E+02  3.72905E-04  2.827E-05  5.97870E-02  3.578E-04  0.00000E+00  0.000E+00
   1.30000E+02  1.70000E+02  3.95408E-04  2.911E-05  6.00099E-02  3.584E-04  0.00000E+00  0.000E+00
   1.30000E+02  1.90000E+02  3.98087E-04  2.921E-05  6.00694E-02  3.586E-04  0.00000E+00  0.000E+00
   1.30000E+02  2.10000E+02  3.67012E-04  2.805E-05  6.00914E-02  3.587E-04  0.00000E+00  0.000E+00
   1.30000E+02  2.30000E+02  4.14161E-04  2.979E-05  6.01492E-02  3.588E-04  0.00000E+00  0.000E+00
   1.30000E+02  2.50000E+02  3.89515E-04  2.889E-05  6.02328E-02  3.591E-04  0.00000E+00  0.000E+00
   1.30000E+02  2.70000E+02  3.73977E-04  2.831E-05  5.96134E-02  3.572E-04  0.00000E+00  0.000E+00
   1.30000E+02  2.90000E+02  3.97016E-04  2.917E-05  5.98261E-02  3.579E-04  0.00000E+00  0.000E+00
   1.30000E+02  3.10000E+02  3.89515E-04  2.889E-05  5.97345E-02  3.576E-04  0.00000E+00  0.000E+00
   1.30000E+02  3.30000E+02  3.88443E-04  2.885E-05  5.99419E-02  3.582E-04  0.00000E+00  0.000E+00
   1.30000E+02  3.50000E+02  3.53617E-04  2.753E-05  6.00067E-02  3.584E-04  0.00000E+00  0.000E+00

   1.34000E+02  1.00000E+01  4.57027E-04  3.230E-05  6.58113E-02  3.873E-04  0.00000E+00  0.000E+00
   1.34000E+02  3.00000E+01  4.48468E-04  3.199E-05  6.59380E-02  3.877E-04  0.00000E+00  0.000E+00
   1.34000E+02  5.00000E+01  4.67868E-04  3.268E-05  6.61246E-02  3.883E-04  0.00000E+00  0.000E+00
   1.34000E+02  7.00000E+01  4.43333E-04  3.181E-05  6.59049E-02  3.876E-04  0.00000E+00  0.000E+00
   1.34000E+02  9.00000E+01  4.18799E-04  3.092E-05  6.58250E-02  3.874E-04  0.00000E+00  0.000E+00
   1.34000E+02  1.10000E+02  4.58168E-04  3.234E-05  6.60498E-02  3.880E-04  0.00000E+00  0.000E+00
   1.34000E+02  1.30000E+02  4.33634E-04  3.146E-05  6.54690E-02  3.863E-04  0.00000E+00  0.000E+00
   1.34000E+02  1.50000E+02  4.15946E-04  3.081E-05  6.60789E-02  3.881E-04  0.00000E+00  0.000E+00
   1.34000E+02  1.70000E+02  4.55886E-04  3.226E-05  6.58541E-02  3.875E-04  0.00000E+00  0.000E+00
   1.34000E+02  1.90000E+02  4.54745E-04  3.222E-05  6.56801E-02  3.870E-04  0.00000E+00  0.000E+00
   1.34000E+02  2.10000E+02  4.33634E-04  3.146E-05  6.58627E-02  3.875E-04  0.00000E+00  0.000E+00
   1.34000E+02  2.30000E+02  4.46186E-04  3.191E-05  6.62541E-02  3.886E-04  0.00000E+00  0.000E+00
   1.34000E+02  2.50000E+02  4.59880E-04  3.240E-05  6.61194E-02  3.882E-04  0.00000E+00  0.000E+00
   1.34000E+02  2.70000E+02  4.37628E-04  3.160E-05  6.61879E-02  3.884E-04  0.00000E+00  0.000E+00
   1.34000E+02  2.90000E+02  4.28499E-04  3.127E-05  6.59152E-02  3.876E-04  0.00000E+00  0.000E+00
   1.34000E+02  3.10000E+02  4.37057E-04  3.158E-05  6.62159E-02  3.885E-04  0.00000E+00  0.000E+00
   1.34000E+02  3.30000E+02  4.59309E-04  3.238E-05  6.59317E-02  3.877E-04  0.00000E+00  0.000E+00
   1.34000E+02  3.50000E+02  4.50751E-04  3.207E-05  6.56727E-02  3.869E-04  0.00000E+00  0.000E+00

   1.38000E+02  1.00000E+01  5.30577E-04  3.608E-05  7.24928E-02  4.215E-04  0.00000E+00  0.000E+00
   1.38000E+02  3.00000E+01  5.18310E-04  3.566E-05  7.26290E-02  4.219E-04  0.00000E+00  0.000E+00
   1.38000E+02  5.00000E+01  4.72919E-04  3.406E-05  7.23824E-02  4.212E-04  0.00000E+00  0.000E+00
   1.38000E+02  7.00000E+01  5.12789E-04  3.551E-05  7.26363E-02  4.219E-04  6.13384E-07  1.227E-06
   1.38000E+02  9.00000E+01  5.10949E-04  3.541E-05  7.26106E-02  4.218E-04  0.00000E+00  0.000E+00
   1.38000E+02  1.10000E+02  5.13403E-04  3.549E-05  7.26909E-02  4.221E-04  0.00000E+00  0.000E+00
   1.38000E+02  1.30000E+02  4.81507E-04  3.437E-05  7.22107E-02  4.207E-04  0.00000E+00  0.000E+00
   1.38000E+02  1.50000E+02  5.04815E-04  3.519E-05  7.21984E-02  4.206E-04  0.00000E+00  0.000E+00
   1.38000E+02  1.70000E+02  4.99295E-04  3.500E-05  7.22560E-02  4.208E-04  0.00000E+00  0.000E+00
   1.38000E+02  1.90000E+02  4.97455E-04  3.494E-05  7.25026E-02  4.215E-04  0.00000E+00  0.000E+00
   1.38000E+02  2.10000E+02  4.99908E-04  3.502E-05  7.21554E-02  4.205E-04  0.00000E+00  0.000E+00
   1.38000E+02  2.30000E+02  4.89481E-04  3.465E-05  7.25327E-02  4.216E-04  0.00000E+00  0.000E+00
   1.38000E+02  2.50000E+02  5.20763E-04  3.574E-05  7.25315E-02  4.216E-04  0.00000E+00  0.000E+00
   1.38000E+02  2.70000E+02  4.73533E-04  3.409E-05  7.24413E-02  4.213E-04  0.00000E+00  0.000E+00
   1.38000E+02  2.90000E+02  5.09722E-04  3.536E-05  7.21524E-02  4.205E-04  0.00000E+00  0.000E+00
   1.38000E+02  3.10000E+02  5.01135E-04  3.506E-05  7.27087E-02  4.221E-04  0.00000E+00  0.000E+00
   1.38000E+02  3.30000E+02  5.18310E-04  3.566E-05  7.26774E-02  4.220E-04  0.00000E+00  0.000E+00
   1.38000E+02  3.50000E+02  4.87027E-04  3.457E-05  7.22524E-02  4.208E-04  0.00000E+00  0.000E+00

   1.42000E+02  1.00000E+01  5.77990E-04  3.926E-05  7.94067E-02  4.599E-04  0.00000E+00  0.000E+00
   1.42000E+02  3.00000E+01  5.68657E-04  3.894E-05  7.96593E-02  4.606E-04  6.66656E-07  1.333E-06
   1.42000E+02  5.00000E+01  5.60657E-04  3.867E-05  7.98273E-02  4.611E-04  0.00000E+00  0.000E+00
   1.42000E+02  7.00000E+01  5.97990E-04  3.993E-05  7.95687E-02  4.604E-04  0.00000E+00  0.000E+00
   1.42000E+02  9.00000E+01  5.60657E-04  3.867E-05  7.96707E-02  4.607E-04  0.00000E+00  0.000E+00
   1.42000E+02  1.10000E+02  5.73990E-04  3.912E-05  7.96433E-02  4.606E-04  0.00000E+00  0.000E+00
   1.42000E+02  1.30000E+02  5.64657E-04  3.880E-05  7.94033E-02  4.599E-04  0.00000E+00  0.000E+00
   1.42000E+02  1.50000E+02  5.99323E-04  3.998E-05  7.95033E-02  4.602E-04  6.66656E-07  1.333E-06
   1.42000E+02  1.70000E+02  5.45991E-04  3.816E-05  7.98673E-02  4.612E-04  0.00000E+00  0.000E+00
   1.42000E+02  1.90000E+02  5.71990E-04  3.905E-05  7.96727E-02  4.607E-04  0.00000E+00  0.000E+00
   1.42000E+02  2.10000E+02  5.53991E-04  3.844E-05  7.99287E-02  4.614E-04  0.00000E+00  0.000E+00
   1.42000E+02  2.30000E+02  5.79324E-04  3.930E-05  7.98407E-02  4.611E-04  0.00000E+00  0.000E+00
   1.42000E+02  2.50000E+02  5.47324E-04  3.820E-05  7.93267E-02  4.597E-04  0.00000E+00  0.000E+00
   1.42000E+02  2.70000E+02  6.00657E-04  4.002E-05  7.99473E-02  4.615E-04  0.00000E+00  0.000E+00
   1.42000E+02  2.90000E+02  5.89990E-04  3.966E-05  7.96227E-02  4.605E-04  0.00000E+00  0.000E+00
   1.42000E+02  3.10000E+02  5.59324E-04  3.862E-05  7.99120E-02  4.613E-04  0.00000E+00  0.000E+00
   1.42000E+02  3.30000E+02  5.49991E-04  3.830E-05  7.93400E-02  4.597E-04  0.00000E+00  0.000E+00
   1.42000E+02  3.50000E+02  5.52657E-04  3.839E-05  7.93913E-02  4.598E-04  0.00000E+00  0.000E+00

   1.46000E+02  1.00000E+01  6.28283E-04  4.300E-05  8.72492E-02  5.058E-04  0.00000E+00  0.000E+00
   1.46000E+02  3.00000E+01  6.17274E-04  4.257E-05  8.72404E-02  5.058E-04  0.00000E+00  0.000E+00
   1.46000E+02  5.00000E+01  6.43697E-04  4.347E-05  8.76000E-02  5.068E-04  0.00000E+00  0.000E+00
   1.46000E+02  7.00000E+01  6.42229E-04  4.342E-05  8.69761E-02  5.050E-04  0.00000E+00  0.000E+00
   1.46000E+02  9.00000E+01  6.08466E-04  4.227E-05  8.70312E-02  5.052E-04  0.00000E+00  0.000E+00
   1.46000E+02  1.10000E+02  6.48101E-04  4.362E-05  8.71281E-02  5.055E-04  0.00000E+00  0.000E+00
   1.46000E+02  1.30000E+02  6.16540E-04  4.255E-05  8.73343E-02  5.061E-04  0.00000E+00  0.000E+00
   1.46000E+02  1.50000E+02  6.35623E-04  4.320E-05  8.74268E-02  5.063E-04  0.00000E+00  0.000E+00
   1.46000E+02  1.70000E+02  6.13604E-04  4.244E-05  8.70606E-02  5.053E-04  0.00000E+00  0.000E+00
   1.46000E+02  1.90000E+02  6.37825E-04  4.327E-05  8.73064E-02  5.060E-04  0.00000E+00  0.000E+00
   1.46000E+02  2.10000E+02  6.18742E-04  4.262E-05  8.75758E-02  5.068E-04  0.00000E+00  0.000E+00
   1.46000E+02  2.30000E+02  6.11402E-04  4.237E-05  8.73329E-02  5.061E-04  7.33976E-07  1.468E-06
   1.46000E+02  2.50000E+02  6.07732E-04  4.224E-05  8.70877E-02  5.053E-04  0.00000E+00  0.000E+00
   1.46000E+02  2.70000E+02  6.31953E-04  4.307E-05  8.70305E-02  5.052E-04  0.00000E+00  0.000E+00
   1.46000E+02  2.90000E+02  6.16540E-04  4.255E-05  8.71574E-02  5.056E-04  0.00000E+00  0.000E+00
   1.46000E+02  3.10000E+02  6.34889E-04  4.317E-05  8.75266E-02  5.066E-04  0.00000E+00  0.000E+00
   1.46000E+02  3.30000E+02  6.56174E-04  4.389E-05  8.70679E-02  5.053E-04  0.00000E+00  0.000E+00
   1.46000E+02  3.50000E+02  6.09934E-04  4.232E-05  8.73835E-02  5.062E-04  0.00000E+00  0.000E+00

   1.50000E+02  1.00000E+01  7.13335E-04  4.840E-05  9.51862E-02  5.587E-04  0.00000E+00  0.000E+00
   1.50000E+02  3.00000E+01  7.15797E-04  4.848E-05  9.52256E-02  5.588E-04  0.00000E+00  0.000E+00
   1.50000E+02  5.00000E+01  6.95275E-04  4.778E-05  9.51641E-02  5.587E-04  0.00000E+00  0.000E+00
   1.50000E+02  7.00000E+01  6.76395E-04  4.713E-05  9.52273E-02  5.589E-04  0.00000E+00  0.000E+00
   1.50000E+02  9.00000E+01  6.93634E-04  4.778E-05  9.55614E-02  5.598E-04  0.00000E+00  0.000E+00
   1.50000E+02  1.10000E+02  6.82142E-04  4.733E-05  9.50738E-02  5.584E-04  0.00000E+00  0.000E+00
   1.50000E+02  1.30000E+02  6.43561E-04  4.597E-05  9.56426E-02  5.601E-04  0.00000E+00  0.000E+00
   1.50000E+02  1.50000E+02  6.61620E-04  4.661E-05  9.52109E-02  5.588E-04  8.20868E-07  1.642E-06
   1.50000E+02  1.70000E+02  7.18260E-04  4.856E-05  9.53980E-02  5.594E-04  0.00000E+00  0.000E+00
   1.50000E+02  1.90000E+02  7.16618E-04  4.851E-05  9.55474E-02  5.598E-04  0.00000E+00  0.000E+00
   1.50000E+02  2.10000E+02  6.75575E-04  4.710E-05  9.54555E-02  5.595E-04  0.00000E+00  0.000E+00
   1.50000E+02  2.30000E+02  6.95275E-04  4.778E-05  9.52987E-02  5.591E-04  1.64174E-06  2.322E-06
   1.50000E+02  2.50000E+02  7.00201E-04  4.795E-05  9.49416E-02  5.580E-04  0.00000E+00  0.000E+00
   1.50000E+02  2.70000E+02  7.16618E-04  4.851E-05  9.54235E-02  5.594E-04  0.00000E+00  0.000E+00
   1.50000E+02  2.90000E+02  7.06768E-04  4.817E-05  9.52519E-02  5.589E-04  0.00000E+00  0.000E+00
   1.50000E+02  3.10000E+02  6.69008E-04  4.687E-05  9.52609E-02  5.589E-04  0.00000E+00  0.000E+00
   1.50000E+02  3.30000E+02  7.02663E-04  4.803E-05  9.52552E-02  5.589E-04  0.00000E+00  0.000E+00
   1.50000E+02  3.50000E+02  7.16618E-04  4.851E-05  9.55376E-02  5.598E-04  0.00000E+00  0.000E+00

   1.54000E+02  1.00000E+01  7.56507E-04  5.323E-05  1.03838E-01  6.233E-04  0.00000E+00  0.000E+00
   1.54000E+02  3.00000E+01  7.48080E-04  5.293E-05  1.03243E-01  6.215E-04  0.00000E+00  0.000E+00
   1.54000E+02  5.00000E+01  7.48080E-04  5.293E-05  1.04233E-01  6.244E-04  0.00000E+00  0.000E+00
   1.54000E+02  7.00000E+01  7.19056E-04  5.189E-05  1.03924E-01  6.235E-04  0.00000E+00  0.000E+00
   1.54000E+02  9.00000E+01  6.86287E-04  5.070E-05  1.04024E-01  6.238E-04  0.00000E+00  0.000E+00
   1.54000E+02  1.10000E+02  7.66806E-04  5.359E-05  1.03971E-01  6.237E-04  0.00000E+00  0.000E+00
   1.54000E+02  1.30000E+02  7.85531E-04  5.424E-05  1.04416E-01  6.250E-04  0.00000E+00  0.000E+00
   1.54000E+02  1.50000E+02  7.67742E-04  5.362E-05  1.03922E-01  6.235E-04  0.00000E+00  0.000E+00
   1.54000E+02  1.70000E+02  7.55571E-04  5.319E-05  1.04047E-01  6.239E-04  0.00000E+00  0.000E+00
   1.54000E+02  1.90000E+02  7.44335E-04  5.280E-05  1.04033E-01  6.238E-04  0.00000E+00  0.000E+00
   1.54000E+02  2.10000E+02  7.72423E-04  5.378E-05  1.04021E-01  6.238E-04  0.00000E+00  0.000E+00
   1.54000E+02  2.30000E+02  7.56507E-04  5.323E-05  1.04357E-01  6.248E-04  0.00000E+00  0.000E+00
   1.54000E+02  2.50000E+02  7.63997E-04  5.349E-05  1.04669E-01  6.257E-04  0.00000E+00  0.000E+00
   1.54000E+02  2.70000E+02  7.58379E-04  5.329E-05  1.03955E-01  6.236E-04  0.00000E+00  0.000E+00
   1.54000E+02  2.90000E+02  7.65870E-04  5.356E-05  1.04085E-01  6.240E-04  9.36271E-07  1.873E-06
   1.54000E+02  3.10000E+02  7.87404E-04  5.430E-05  1.03246E-01  6.215E-04  0.00000E+00  0.000E+00
   1.54000E+02  3.30000E+02  7.95830E-04  5.459E-05  1.03792E-01  6.231E-04  0.00000E+00  0.000E+00
   1.54000E+02  3.50000E+02  7.53698E-04  5.313E-05  1.03940E-01  6.236E-04  0.00000E+00  0.000E+00

   1.58000E+02  1.00000E+01  8.33782E-04  6.045E-05  1.16362E-01  7.137E-04  0.00000E+00  0.000E+00
   1.58000E+02  3.00000E+01  8.15156E-04  5.977E-05  1.15878E-01  7.123E-04  0.00000E+00  0.000E+00
   1.58000E+02  5.00000E+01  8.38165E-04  6.061E-05  1.15025E-01  7.096E-04  0.00000E+00  0.000E+00
   1.58000E+02  7.00000E+01  8.40356E-04  6.069E-05  1.15555E-01  7.113E-04  0.00000E+00  0.000E+00
   1.58000E+02  9.00000E+01  8.28304E-04  6.025E-05  1.16093E-01  7.129E-04  0.00000E+00  0.000E+00
   1.58000E+02  1.10000E+02  8.74321E-04  6.190E-05  1.15926E-01  7.124E-04  1.09564E-06  2.191E-06
   1.58000E+02  1.30000E+02  8.66652E-04  6.163E-05  1.16341E-01  7.137E-04  0.00000E+00  0.000E+00
   1.58000E+02  1.50000E+02  7.98722E-04  5.916E-05  1.15581E-01  7.113E-04  0.00000E+00  0.000E+00
   1.58000E+02  1.70000E+02  8.23922E-04  6.009E-05  1.16387E-01  7.138E-04  0.00000E+00  0.000E+00
   1.58000E+02  1.90000E+02  8.30495E-04  6.033E-05  1.15722E-01  7.118E-04  0.00000E+00  0.000E+00
   1.58000E+02  2.10000E+02  7.98722E-04  5.916E-05  1.15966E-01  7.125E-04  0.00000E+00  0.000E+00
   1.58000E+02  2.30000E+02  8.53504E-04  6.116E-05  1.15362E-01  7.107E-04  0.00000E+00  0.000E+00
   1.58000E+02  2.50000E+02  8.41452E-04  6.073E-05  1.15727E-01  7.118E-04  0.00000E+00  0.000E+00
   1.58000E+02  2.70000E+02  8.54600E-04  6.120E-05  1.15504E-01  7.111E-04  0.00000E+00  0.000E+00
   1.58000E+02  2.90000E+02  8.92947E-04  6.256E-05  1.16308E-01  7.136E-04  0.00000E+00  0.000E+00
   1.58000E+02  3.10000E+02  8.46930E-04  6.092E-05  1.16302E-01  7.136E-04  0.00000E+00  0.000E+00
   1.58000E+02  3.30000E+02  8.34878E-04  6.049E-05  1.16084E-01  7.129E-04  0.00000E+00  0.000E+00
   1.58000E+02  3.50000E+02  8.27209E-04  6.021E-05  1.15498E-01  7.111E-04  0.00000E+00  0.000E+00

   1.62000E+02  1.00000E+01  9.23094E-04  7.003E-05  1.32069E-01  8.372E-04  0.00000E+00  0.000E+00
   1.62000E+02  3.00000E+01  8.99187E-04  6.912E-05  1.31179E-01  8.344E-04  0.00000E+00  0.000E+00
   1.62000E+02  5.00000E+01  9.57627E-04  7.133E-05  1.31554E-01  8.356E-04  0.00000E+00  0.000E+00
   1.62000E+02  7.00000E+01  8.96530E-04  6.901E-05  1.31033E-01  8.339E-04  0.00000E+00  0.000E+00
   1.62000E+02  9.00000E+01  9.08484E-04  6.947E-05  1.31831E-01  8.365E-04  0.00000E+00  0.000E+00
   1.62000E+02  1.10000E+02  8.83248E-04  6.850E-05  1.30919E-01  8.336E-04  0.00000E+00  0.000E+00
   1.62000E+02  1.30000E+02  8.97858E-04  6.907E-05  1.31256E-01  8.347E-04  0.00000E+00  0.000E+00
   1.62000E+02  1.50000E+02  9.07156E-04  6.942E-05  1.30354E-01  8.318E-04  1.32819E-06  2.656E-06
   1.62000E+02  1.70000E+02  8.72623E-04  6.809E-05  1.31936E-01  8.368E-04  0.00000E+00  0.000E+00
   1.62000E+02  1.90000E+02  8.73951E-04  6.814E-05  1.31026E-01  8.339E-04  0.00000E+00  0.000E+00
   1.62000E+02  2.10000E+02  1.03201E-03  7.405E-05  1.31668E-01  8.360E-04  0.00000E+00  0.000E+00
   1.62000E+02  2.30000E+02  8.99187E-04  6.912E-05  1.30025E-01  8.307E-04  0.00000E+00  0.000E+00
   1.62000E+02  2.50000E+02  8.84576E-04  6.855E-05  1.31990E-01  8.370E-04  0.00000E+00  0.000E+00
   1.62000E+02  2.70000E+02  9.05827E-04  6.937E-05  1.31202E-01  8.345E-04  0.00000E+00  0.000E+00
   1.62000E+02  2.90000E+02  9.44345E-04  7.093E-05  1.30899E-01  8.335E-04  0.00000E+00  0.000E+00
   1.62000E+02  3.10000E+02  9.20438E-04  6.993E-05  1.31940E-01  8.368E-04  0.00000E+00  0.000E+00
   1.62000E+02  3.30000E+02  9.37704E-04  7.058E-05  1.30996E-01  8.338E-04  0.00000E+00  0.000E+00
   1.62000E+02  3.50000E+02  8.97858E-04  6.907E-05  1.31312E-01  8.348E-04  0.00000E+00  0.000E+00

   1.66000E+02  1.00000E+01  9.78913E-04  8.151E-05  1.45872E-01  9.945E-04  1.69656E-06  3.393E-06
   1.66000E+02  3.00000E+01  1.07562E-03  8.544E-05  1.45909E-01  9.946E-04  0.00000E+00  0.000E+00
   1.66000E+02  5.00000E+01  1.00266E-03  8.249E-05  1.45264E-01  9.924E-04  1.69656E-06  3.393E-06
   1.66000E+02  7.00000E+01  9.75520E-04  8.136E-05  1.45967E-01  9.948E-04  0.00000E+00  0.000E+00
   1.66000E+02  9.00000E+01  9.05961E-04  7.841E-05  1.45763E-01  9.941E-04  0.00000E+00  0.000E+00
   1.66000E+02  1.10000E+02  9.90789E-04  8.200E-05  1.46146E-01  9.955E-04  0.00000E+00  0.000E+00
   1.66000E+02  1.30000E+02  9.87396E-04  8.186E-05  1.47052E-01  9.985E-04  0.00000E+00  0.000E+00
   1.66000E+02  1.50000E+02  1.04169E-03  8.408E-05  1.45817E-01  9.943E-04  0.00000E+00  0.000E+00
   1.66000E+02  1.70000E+02  9.87396E-04  8.186E-05  1.45419E-01  9.930E-04  0.00000E+00  0.000E+00
   1.66000E+02  1.90000E+02  9.90789E-04  8.200E-05  1.47415E-01  9.998E-04  1.69656E-06  3.393E-06
   1.66000E+02  2.10000E+02  9.33106E-04  7.958E-05  1.46102E-01  9.953E-04  0.00000E+00  0.000E+00
   1.66000E+02  2.30000E+02  9.55161E-04  8.051E-05  1.46124E-01  9.954E-04  0.00000E+00  0.000E+00
   1.66000E+02  2.50000E+02  9.50072E-04  8.030E-05  1.46080E-01  9.952E-04  0.00000E+00  0.000E+00
   1.66000E+02  2.70000E+02  1.01624E-03  8.304E-05  1.46143E-01  9.954E-04  0.00000E+00  0.000E+00
   1.66000E+02  2.90000E+02  1.01284E-03  8.291E-05  1.46470E-01  9.966E-04  0.00000E+00  0.000E+00
   1.66000E+02  3.10000E+02  9.92485E-04  8.207E-05  1.46381E-01  9.963E-04  0.00000E+00  0.000E+00
   1.66000E+02  3.30000E+02  1.00775E-03  8.270E-05  1.46191E-01  9.956E-04  0.00000E+00  0.000E+00
   1.66000E+02  3.50000E+02  1.00266E-03  8.249E-05  1.46567E-01  9.969E-04  0.00000E+00  0.000E+00

   1.70000E+02  1.00000E+01  1.00453E-03  9.745E-05  1.58290E-01  1.223E-03  0.00000E+00  0.000E+00
   1.70000E+02  3.00000E+01  9.85620E-04  9.653E-05  1.59432E-01  1.227E-03  0.00000E+00  0.000E+00
   1.70000E+02  5.00000E+01  1.02344E-03  9.837E-05  1.60999E-01  1.233E-03  0.00000E+00  0.000E+00
   1.70000E+02  7.00000E+01  1.03053E-03  9.871E-05  1.59467E-01  1.227E-03  0.00000E+00  0.000E+00
   1.70000E+02  9.00000E+01  9.99801E-04  9.722E-05  1.59027E-01  1.226E-03  0.00000E+00  0.000E+00
   1.70000E+02  1.10000E+02  1.04707E-03  9.950E-05  1.59273E-01  1.227E-03  0.00000E+00  0.000E+00
   1.70000E+02  1.30000E+02  1.00216E-03  9.734E-05  1.58602E-01  1.224E-03  0.00000E+00  0.000E+00
   1.70000E+02  1.50000E+02  1.03526E-03  9.893E-05  1.59524E-01  1.228E-03  0.00000E+00  0.000E+00
   1.70000E+02  1.70000E+02  1.01162E-03  9.780E-05  1.59460E-01  1.227E-03  0.00000E+00  0.000E+00
   1.70000E+02  1.90000E+02  9.90347E-04  9.676E-05  1.59793E-01  1.229E-03  0.00000E+00  0.000E+00
   1.70000E+02  2.10000E+02  9.92710E-04  9.688E-05  1.59956E-01  1.229E-03  0.00000E+00  0.000E+00
   1.70000E+02  2.30000E+02  1.02816E-03  9.859E-05  1.59441E-01  1.227E-03  4.72719E-06  6.685E-06
   1.70000E+02  2.50000E+02  1.04944E-03  9.961E-05  1.58831E-01  1.225E-03  0.00000E+00  0.000E+00
   1.70000E+02  2.70000E+02  1.05653E-03  9.994E-05  1.59592E-01  1.228E-03  0.00000E+00  0.000E+00
   1.70000E+02  2.90000E+02  9.66711E-04  9.560E-05  1.58663E-01  1.224E-03  2.36360E-06  4.727E-06
   1.70000E+02  3.10000E+02  1.01398E-03  9.791E-05  1.59486E-01  1.228E-03  0.00000E+00  0.000E+00
   1.70000E+02  3.30000E+02  9.40711E-04  9.431E-05  1.58914E-01  1.225E-03  0.00000E+00  0.000E+00
   1.70000E+02  3.50000E+02  1.09671E-03  1.018E-04  1.60342E-01  1.231E-03  0.00000E+00  0.000E+00

   1.74000E+02  1.00000E+01  1.09550E-03  1.312E-04  1.73309E-01  1.649E-03  0.00000E+00  0.000E+00
   1.74000E+02  3.00000E+01  1.04053E-03  1.278E-04  1.73847E-01  1.652E-03  0.00000E+00  0.000E+00
   1.74000E+02  5.00000E+01  1.08372E-03  1.305E-04  1.74220E-01  1.654E-03  0.00000E+00  0.000E+00
   1.74000E+02  7.00000E+01  1.15047E-03  1.344E-04  1.74613E-01  1.656E-03  0.00000E+00  0.000E+00
   1.74000E+02  9.00000E+01  1.03268E-03  1.274E-04  1.73902E-01  1.652E-03  0.00000E+00  0.000E+00
   1.74000E+02  1.10000E+02  1.11513E-03  1.323E-04  1.74169E-01  1.654E-03  0.00000E+00  0.000E+00
   1.74000E+02  1.30000E+02  1.08765E-03  1.307E-04  1.74346E-01  1.654E-03  0.00000E+00  0.000E+00
   1.74000E+02  1.50000E+02  1.09943E-03  1.314E-04  1.74774E-01  1.656E-03  0.00000E+00  0.000E+00
   1.74000E+02  1.70000E+02  1.19367E-03  1.369E-04  1.73745E-01  1.652E-03  0.00000E+00  0.000E+00
   1.74000E+02  1.90000E+02  1.22900E-03  1.389E-04  1.73670E-01  1.651E-03  0.00000E+00  0.000E+00
   1.74000E+02  2.10000E+02  1.26042E-03  1.407E-04  1.74075E-01  1.653E-03  0.00000E+00  0.000E+00
   1.74000E+02  2.30000E+02  1.17796E-03  1.360E-04  1.75347E-01  1.659E-03  0.00000E+00  0.000E+00
   1.74000E+02  2.50000E+02  1.07587E-03  1.300E-04  1.73553E-01  1.651E-03  0.00000E+00  0.000E+00
   1.74000E+02  2.70000E+02  1.08765E-03  1.307E-04  1.75912E-01  1.662E-03  0.00000E+00  0.000E+00
   1.74000E+02  2.90000E+02  1.13477E-03  1.335E-04  1.74931E-01  1.657E-03  0.00000E+00  0.000E+00
   1.74000E+02  3.10000E+02  1.06802E-03  1.295E-04  1.73906E-01  1.652E-03  0.00000E+00  0.000E+00
   1.74000E+02  3.30000E+02  1.04838E-03  1.283E-04  1.74483E-01  1.655E-03  0.00000E+00  0.000E+00
   1.74000E+02  3.50000E+02  1.10728E-03  1.319E-04  1.75080E-01  1.658E-03  0.00000E+00  0.000E+00

   1.78000E+02  1.00000E+01  1.11724E-03  2.293E-04  2.63702E+02  9.810E-02  0.00000E+00  0.000E+00
   1.78000E+02  3.00000E+01  9.76118E-04  2.143E-04  3.30963E-01  3.945E-03  0.00000E+00  0.000E+00
   1.78000E+02  5.00000E+01  1.04668E-03  2.219E-04  3.33268E-01  3.959E-03  0.00000E+00  0.000E+00
   1.78000E+02  7.00000E+01  1.24661E-03  2.422E-04  3.32562E-01  3.955E-03  0.00000E+00  0.000E+00
   1.78000E+02  9.00000E+01  1.16429E-03  2.340E-04  3.30093E-01  3.940E-03  0.00000E+00  0.000E+00
   1.78000E+02  1.10000E+02  1.10548E-03  2.280E-04  3.32598E-01  3.955E-03  0.00000E+00  0.000E+00
   1.78000E+02  1.30000E+02  1.04668E-03  2.219E-04  3.34879E-01  3.968E-03  0.00000E+00  0.000E+00
   1.78000E+02  1.50000E+02  1.19957E-03  2.375E-04  3.32574E-01  3.955E-03  0.00000E+00  0.000E+00
   1.78000E+02  1.70000E+02  1.07020E-03  2.244E-04  3.32939E-01  3.957E-03  0.00000E+00  0.000E+00
   1.78000E+02  1.90000E+02  1.23485E-03  2.410E-04  3.31257E-01  3.947E-03  0.00000E+00  0.000E+00
   1.78000E+02  2.10000E+02  1.18781E-03  2.364E-04  3.31163E-01  3.946E-03  0.00000E+00  0.000E+00
   1.78000E+02  2.30000E+02  1.01140E-03  2.181E-04  3.33715E-01  3.962E-03  0.00000E+00  0.000E+00
   1.78000E+02  2.50000E+02  9.52597E-04  2.117E-04  3.32950E-01  3.957E-03  0.00000E+00  0.000E+00
   1.78000E+02  2.70000E+02  1.05844E-03  2.231E-04  3.34079E-01  3.964E-03  0.00000E+00  0.000E+00
   1.78000E+02  2.90000E+02  9.99639E-04  2.169E-04  3.26882E-01  3.921E-03  0.00000E+00  0.000E+00
   1.78000E+02  3.10000E+02  1.04668E-03  2.219E-04  3.30598E-01  3.943E-03  0.00000E+00  0.000E+00
   1.78000E+02  3.30000E+02  1.14076E-03  2.317E-04  3.32421E-01  3.954E-03  0.00000E+00  0.000E+00
   1.78000E+02  3.50000E+02  1.16429E-03  2.340E-04  3.31716E-01  3.950E-03  0.00000E+00  0.000E+00

