#>>>>>>>>>>>>>>>>>>>>>>>>>>>>>>>>>>>>>>>>>>>>>>>>>>>>>>>>>>>>
# [SECTION REPORT IMPACT DETECTOR - DEPOSITED ENERGY SPECTRUM]
# detector number:  1
# Mean energy deposited: 5.22143e+05  +- 1.044e+02
# Units are 1/(eV*particle)
#
# Linear scale
# Energy     min    ,    max    , number of bins
#       0.00000e+00  1.45000e+06      280
#
# deposited E (eV) :     prob     : +-2sigma
  2.58929E+03   2.55941E-07   1.405E-09 
  7.76786E+03   3.07179E-07   1.539E-09 
  1.29464E+04   3.04912E-07   1.533E-09 
  1.81250E+04   3.03018E-07   1.529E-09 
  2.33036E+04   3.02058E-07   1.526E-09 
  2.84821E+04   2.98889E-07   1.518E-09 
  3.36607E+04   3.03547E-07   1.530E-09 
  3.88393E+04   3.05677E-07   1.535E-09 
  4.40179E+04   3.05098E-07   1.534E-09 
  4.91964E+04   3.03734E-07   1.530E-09 
  5.43750E+04   3.01809E-07   1.526E-09 
  5.95536E+04   3.03288E-07   1.529E-09 
  6.47321E+04   3.01425E-07   1.525E-09 
  6.99107E+04   3.02624E-07   1.528E-09 
  7.50893E+04   3.03738E-07   1.530E-09 
  8.02679E+04   3.05337E-07   1.535E-09 
  8.54464E+04   3.08174E-07   1.542E-09 
  9.06250E+04   3.13695E-07   1.555E-09 
  9.58036E+04   3.15290E-07   1.559E-09 
  1.00982E+05   3.18221E-07   1.567E-09 
  1.06161E+05   3.21732E-07   1.575E-09 
  1.11339E+05   3.24373E-07   1.582E-09 
  1.16518E+05   3.25783E-07   1.585E-09 
  1.21696E+05   3.26005E-07   1.586E-09 
  1.26875E+05   3.31644E-07   1.599E-09 
  1.32054E+05   3.31640E-07   1.599E-09 
  1.37232E+05   3.34026E-07   1.605E-09 
  1.42411E+05   3.37325E-07   1.613E-09 
  1.47589E+05   3.56119E-07   1.657E-09 
  1.52768E+05   3.48882E-07   1.640E-09 
  1.57946E+05   3.56307E-07   1.657E-09 
  1.63125E+05   3.61430E-07   1.669E-09 
  1.68304E+05   3.67466E-07   1.683E-09 
  1.73482E+05   3.71340E-07   1.692E-09 
  1.78661E+05   3.75076E-07   1.700E-09 
  1.83839E+05   3.81273E-07   1.714E-09 
  1.89018E+05   3.83922E-07   1.720E-09 
  1.94196E+05   3.91544E-07   1.737E-09 
  1.99375E+05   3.98019E-07   1.752E-09 
  2.04554E+05   4.14047E-07   1.786E-09 
  2.09732E+05   4.61201E-07   1.885E-09 
  2.14911E+05   5.34170E-07   2.028E-09 
  2.20089E+05   5.58200E-07   2.073E-09 
  2.25268E+05   5.48545E-07   2.055E-09 
  2.30446E+05   5.31403E-07   2.023E-09 
  2.35625E+05   5.11201E-07   1.984E-09 
  2.40804E+05   4.91941E-07   1.947E-09 
  2.45982E+05   4.70226E-07   1.903E-09 
  2.51161E+05   4.50792E-07   1.864E-09 
  2.56339E+05   4.33326E-07   1.827E-09 
  2.61518E+05   4.17835E-07   1.795E-09 
  2.66696E+05   4.03482E-07   1.764E-09 
  2.71875E+05   3.89291E-07   1.732E-09 
  2.77054E+05   3.76847E-07   1.704E-09 
  2.82232E+05   3.65948E-07   1.680E-09 
  2.87411E+05   3.57344E-07   1.660E-09 
  2.92589E+05   3.48334E-07   1.639E-09 
  2.97768E+05   3.41894E-07   1.624E-09 
  3.02946E+05   3.35301E-07   1.608E-09 
  3.08125E+05   4.01927E-07   1.760E-09 
  3.13304E+05   3.27803E-07   1.590E-09 
  3.18482E+05   3.23174E-07   1.579E-09 
  3.23661E+05   3.18057E-07   1.566E-09 
  3.28839E+05   3.15180E-07   1.559E-09 
  3.34018E+05   3.13133E-07   1.554E-09 
  3.39196E+05   3.10960E-07   1.549E-09 
  3.44375E+05   3.09491E-07   1.545E-09 
  3.49554E+05   3.05766E-07   1.536E-09 
  3.54732E+05   3.05565E-07   1.535E-09 
  3.59911E+05   3.04856E-07   1.533E-09 
  3.65089E+05   3.05439E-07   1.535E-09 
  3.70268E+05   3.03265E-07   1.529E-09 
  3.75446E+05   3.04630E-07   1.533E-09 
  3.80625E+05   3.04831E-07   1.533E-09 
  3.85804E+05   3.04800E-07   1.533E-09 
  3.90982E+05   3.05177E-07   1.534E-09 
  3.96161E+05   3.05291E-07   1.534E-09 
  4.01339E+05   3.05492E-07   1.535E-09 
  4.06518E+05   3.05326E-07   1.534E-09 
  4.11696E+05   3.07851E-07   1.541E-09 
  4.16875E+05   3.06642E-07   1.538E-09 
  4.22054E+05   3.06679E-07   1.538E-09 
  4.27232E+05   3.09394E-07   1.545E-09 
  4.32411E+05   3.10425E-07   1.547E-09 
  4.37589E+05   3.09643E-07   1.545E-09 
  4.42768E+05   3.10483E-07   1.547E-09 
  4.47946E+05   3.11358E-07   1.550E-09 
  4.53125E+05   3.13364E-07   1.555E-09 
  4.58304E+05   3.11893E-07   1.551E-09 
  4.63482E+05   3.12451E-07   1.552E-09 
  4.68661E+05   3.15042E-07   1.559E-09 
  4.73839E+05   3.15952E-07   1.561E-09 
  4.79018E+05   3.15933E-07   1.561E-09 
  4.84196E+05   3.18014E-07   1.566E-09 
  4.89375E+05   3.18404E-07   1.567E-09 
  4.94554E+05   3.19677E-07   1.570E-09 
  4.99732E+05   3.20052E-07   1.571E-09 
  5.04911E+05   3.18636E-07   1.568E-09 
  5.10089E+05   3.29473E-07   1.594E-09 
  5.15268E+05   3.23626E-07   1.580E-09 
  5.20446E+05   3.23429E-07   1.579E-09 
  5.25625E+05   3.25314E-07   1.584E-09 
  5.30804E+05   3.26557E-07   1.587E-09 
  5.35982E+05   3.28160E-07   1.591E-09 
  5.41161E+05   3.26874E-07   1.588E-09 
  5.46339E+05   3.29139E-07   1.593E-09 
  5.51518E+05   3.30863E-07   1.597E-09 
  5.56696E+05   3.33092E-07   1.603E-09 
  5.61875E+05   3.32986E-07   1.602E-09 
  5.67054E+05   3.36052E-07   1.610E-09 
  5.72232E+05   3.36689E-07   1.611E-09 
  5.77411E+05   3.36485E-07   1.611E-09 
  5.82589E+05   3.39578E-07   1.618E-09 
  5.87768E+05   3.38682E-07   1.616E-09 
  5.92946E+05   3.40515E-07   1.620E-09 
  5.98125E+05   3.43071E-07   1.626E-09 
  6.03304E+05   3.45412E-07   1.632E-09 
  6.08482E+05   3.47441E-07   1.637E-09 
  6.13661E+05   3.46951E-07   1.636E-09 
  6.18839E+05   3.48341E-07   1.639E-09 
  6.24018E+05   3.50280E-07   1.643E-09 
  6.29196E+05   3.51442E-07   1.646E-09 
  6.34375E+05   3.53150E-07   1.650E-09 
  6.39554E+05   3.55554E-07   1.656E-09 
  6.44732E+05   3.56477E-07   1.658E-09 
  6.49911E+05   3.59087E-07   1.664E-09 
  6.55089E+05   3.61382E-07   1.669E-09 
  6.60268E+05   3.84788E-07   1.722E-09 
  6.65446E+05   3.64577E-07   1.677E-09 
  6.70625E+05   3.66837E-07   1.682E-09 
  6.75804E+05   3.68818E-07   1.686E-09 
  6.80982E+05   3.70515E-07   1.690E-09 
  6.86161E+05   3.73665E-07   1.697E-09 
  6.91339E+05   3.75438E-07   1.701E-09 
  6.96518E+05   3.77519E-07   1.706E-09 
  7.01696E+05   3.80927E-07   1.714E-09 
  7.06875E+05   3.81142E-07   1.714E-09 
  7.12054E+05   3.83212E-07   1.719E-09 
  7.17232E+05   3.84280E-07   1.721E-09 
  7.22411E+05   3.86489E-07   1.726E-09 
  7.27589E+05   3.90150E-07   1.734E-09 
  7.32768E+05   3.93120E-07   1.741E-09 
  7.37946E+05   3.95794E-07   1.747E-09 
  7.43125E+05   3.98535E-07   1.753E-09 
  7.48304E+05   4.01547E-07   1.759E-09 
  7.53482E+05   4.00454E-07   1.757E-09 
  7.58661E+05   4.06126E-07   1.769E-09 
  7.63839E+05   4.06913E-07   1.771E-09 
  7.69018E+05   4.09441E-07   1.776E-09 
  7.74196E+05   4.11569E-07   1.781E-09 
  7.79375E+05   4.15109E-07   1.789E-09 
  7.84554E+05   4.18913E-07   1.797E-09 
  7.89732E+05   4.21259E-07   1.802E-09 
  7.94911E+05   4.23016E-07   1.806E-09 
  8.00089E+05   4.23843E-07   1.807E-09 
  8.05268E+05   4.28126E-07   1.816E-09 
  8.10446E+05   4.33017E-07   1.827E-09 
  8.15625E+05   4.33090E-07   1.827E-09 
  8.20804E+05   5.57793E-07   2.073E-09 
  8.25982E+05   4.43924E-07   1.850E-09 
  8.31161E+05   4.49176E-07   1.860E-09 
  8.36339E+05   4.52492E-07   1.867E-09 
  8.41518E+05   4.54423E-07   1.871E-09 
  8.46696E+05   4.58615E-07   1.880E-09 
  8.51875E+05   4.61498E-07   1.886E-09 
  8.57054E+05   4.69002E-07   1.901E-09 
  8.62232E+05   4.73957E-07   1.911E-09 
  8.67411E+05   4.75564E-07   1.914E-09 
  8.72589E+05   4.78889E-07   1.921E-09 
  8.77768E+05   4.86586E-07   1.936E-09 
  8.82946E+05   4.87546E-07   1.938E-09 
  8.88125E+05   4.92729E-07   1.948E-09 
  8.93304E+05   4.93794E-07   1.950E-09 
  8.98482E+05   4.98908E-07   1.961E-09 
  9.03661E+05   4.98692E-07   1.960E-09 
  9.08839E+05   5.01277E-07   1.965E-09 
  9.14018E+05   5.03770E-07   1.970E-09 
  9.19196E+05   5.06804E-07   1.976E-09 
  9.24375E+05   5.11334E-07   1.985E-09 
  9.29554E+05   5.10566E-07   1.983E-09 
  9.34732E+05   5.15034E-07   1.992E-09 
  9.39911E+05   5.13939E-07   1.990E-09 
  9.45089E+05   5.10963E-07   1.984E-09 
  9.50268E+05   5.11147E-07   1.984E-09 
  9.55446E+05   4.92257E-07   1.947E-09 
  9.60625E+05   4.31430E-07   1.823E-09 
  9.65804E+05   3.72993E-07   1.696E-09 
  9.70982E+05   3.47959E-07   1.638E-09 
  9.76161E+05   3.37068E-07   1.612E-09 
  9.81339E+05   3.26466E-07   1.587E-09 
  9.86518E+05   3.16738E-07   1.563E-09 
  9.91696E+05   3.09408E-07   1.545E-09 
  9.96875E+05   3.02937E-07   1.528E-09 
  1.00205E+06   2.98694E-07   1.518E-09 
  1.00723E+06   2.93272E-07   1.504E-09 
  1.01241E+06   2.88672E-07   1.492E-09 
  1.01759E+06   2.86075E-07   1.485E-09 
  1.02277E+06   2.84032E-07   1.480E-09 
  1.02795E+06   2.81800E-07   1.474E-09 
  1.03312E+06   2.80008E-07   1.470E-09 
  1.03830E+06   2.80751E-07   1.472E-09 
  1.04348E+06   2.79654E-07   1.469E-09 
  1.04866E+06   2.79703E-07   1.469E-09 
  1.05384E+06   2.77080E-07   1.462E-09 
  1.05902E+06   2.78521E-07   1.466E-09 
  1.06420E+06   2.78550E-07   1.466E-09 
  1.06938E+06   2.78316E-07   1.465E-09 
  1.07455E+06   2.76910E-07   1.461E-09 
  1.07973E+06   2.77156E-07   1.462E-09 
  1.08491E+06   2.77383E-07   1.463E-09 
  1.09009E+06   2.76731E-07   1.461E-09 
  1.09527E+06   2.74948E-07   1.456E-09 
  1.10045E+06   2.72233E-07   1.449E-09 
  1.10562E+06   2.65973E-07   1.432E-09 
  1.11080E+06   2.50034E-07   1.389E-09 
  1.11598E+06   1.92318E-07   1.218E-09 
  1.12116E+06   1.37507E-07   1.030E-09 
  1.12634E+06   1.14246E-07   9.391E-10 
  1.13152E+06   9.98963E-08   8.782E-10 
  1.13670E+06   1.03183E-07   8.925E-10 
  1.14188E+06   1.22630E-07   9.729E-10 
  1.14705E+06   6.87062E-08   7.284E-10 
  1.15223E+06   6.10033E-08   6.863E-10 
  1.15741E+06   5.27810E-08   6.384E-10 
  1.16259E+06   4.64491E-08   5.989E-10 
  1.16777E+06   2.34952E-05   1.263E-08 
  1.17295E+06   3.25012E-08   5.010E-10 
  1.17812E+06   2.80290E-08   4.653E-10 
  1.18330E+06   2.33308E-08   4.245E-10 
  1.18848E+06   1.92466E-08   3.855E-10 
  1.19366E+06   1.66590E-08   3.587E-10 
  1.19884E+06   1.42452E-08   3.317E-10 
  1.20402E+06   1.18971E-08   3.031E-10 
  1.20920E+06   1.03677E-08   2.830E-10 
  1.21438E+06   8.98897E-09   2.635E-10 
  1.21955E+06   7.96166E-09   2.480E-10 
  1.22473E+06   7.00193E-09   2.326E-10 
  1.22991E+06   5.98041E-09   2.149E-10 
  1.23509E+06   5.59421E-09   2.079E-10 
  1.24027E+06   5.22924E-09   2.010E-10 
  1.24545E+06   4.65379E-09   1.896E-10 
  1.25062E+06   4.22510E-09   1.807E-10 
  1.25580E+06   4.25214E-09   1.812E-10 
  1.26098E+06   3.78869E-09   1.711E-10 
  1.26616E+06   3.42759E-09   1.627E-10 
  1.27134E+06   3.41214E-09   1.623E-10 
  1.27652E+06   2.95062E-09   1.510E-10 
  1.28170E+06   2.29600E-09   1.332E-10 
  1.28688E+06   2.18400E-09   1.299E-10 
  1.29205E+06   1.90593E-09   1.213E-10 
  1.29723E+06   1.56201E-08   3.473E-10 
  1.30241E+06   4.16466E-08   5.671E-10 
  1.30759E+06   1.45600E-09   1.060E-10 
  1.31277E+06   9.55862E-10   8.593E-11 
  1.31795E+06   7.08690E-10   7.399E-11 
  1.32312E+06   4.09379E-10   5.623E-11 
  1.32830E+06   2.07267E-05   1.195E-08 
  1.33348E+06   0.00000E+00   0.000E+00 
  1.33866E+06   0.00000E+00   0.000E+00 
  1.34384E+06   0.00000E+00   0.000E+00 
  1.34902E+06   0.00000E+00   0.000E+00 
  1.35420E+06   0.00000E+00   0.000E+00 
  1.35938E+06   0.00000E+00   0.000E+00 
  1.36455E+06   0.00000E+00   0.000E+00 
  1.36973E+06   0.00000E+00   0.000E+00 
  1.37491E+06   0.00000E+00   0.000E+00 
  1.38009E+06   0.00000E+00   0.000E+00 
  1.38527E+06   0.00000E+00   0.000E+00 
  1.39045E+06   0.00000E+00   0.000E+00 
  1.39562E+06   0.00000E+00   0.000E+00 
  1.40080E+06   0.00000E+00   0.000E+00 
  1.40598E+06   0.00000E+00   0.000E+00 
  1.41116E+06   0.00000E+00   0.000E+00 
  1.41634E+06   0.00000E+00   0.000E+00 
  1.42152E+06   0.00000E+00   0.000E+00 
  1.42670E+06   0.00000E+00   0.000E+00 
  1.43188E+06   0.00000E+00   0.000E+00 
  1.43705E+06   0.00000E+00   0.000E+00 
  1.44223E+06   0.00000E+00   0.000E+00 
  1.44741E+06   0.00000E+00   0.000E+00 
