#>>>>>>>>>>>>>>>>>>>>>>>>>>>>>>>>>>>>>>>>>>>>>>>>>>>>>>>>>>>>
# [SECTION REPORT EMERGING UPBOUND PARTICLES DISTRIBUTION]
# Units are particles/(eV history)
# Energy window (eV), energy bins:
#  0.00000E+00  1.41000E+06   140
#
# Energy (eV) :     e-     : +-2sigma :   photons  : +-2sigma :     e+     : +-2sigma :
   5.03571E+03  0.00000E+00  0.000E+00  3.81277E-11  7.783E-12  0.00000E+00  0.000E+00
   1.51071E+04  0.00000E+00  0.000E+00  1.02976E-08  1.280E-10  0.00000E+00  0.000E+00
   2.51786E+04  0.00000E+00  0.000E+00  1.94344E-08  1.758E-10  0.00000E+00  0.000E+00
   3.52500E+04  0.00000E+00  0.000E+00  2.84750E-08  2.128E-10  0.00000E+00  0.000E+00
   4.53214E+04  5.20284E-11  9.091E-12  4.87768E-08  2.786E-10  0.00000E+00  0.000E+00
   5.53929E+04  2.49498E-09  6.306E-11  8.13692E-08  3.598E-10  3.97163E-13  7.943E-13
   6.54643E+04  2.86672E-09  6.761E-11  1.19494E-07  4.359E-10  7.94326E-13  1.123E-12
   7.55357E+04  3.18843E-09  7.127E-11  1.49534E-07  4.875E-10  3.97163E-13  7.943E-13
   8.56071E+04  3.38304E-09  7.340E-11  1.67936E-07  5.165E-10  3.97163E-13  7.943E-13
   9.56786E+04  3.65549E-09  7.628E-11  1.89889E-07  5.491E-10  1.19149E-12  1.376E-12
   1.05750E+05  4.00579E-09  7.986E-11  2.17462E-07  5.875E-10  7.94326E-13  1.123E-12
   1.15821E+05  4.18292E-09  8.159E-11  2.44712E-07  6.231E-10  3.97163E-13  7.943E-13
   1.25893E+05  4.43433E-09  8.403E-11  2.76374E-07  6.620E-10  7.94326E-13  1.123E-12
   1.35964E+05  4.65912E-09  8.608E-11  2.67694E-07  6.515E-10  1.19149E-12  1.376E-12
   1.46036E+05  4.91887E-09  8.845E-11  2.48523E-07  6.278E-10  7.94326E-13  1.123E-12
   1.56107E+05  5.04953E-09  8.963E-11  2.33247E-07  6.082E-10  3.97163E-13  7.943E-13
   1.66179E+05  5.29935E-09  9.179E-11  2.16991E-07  5.866E-10  7.94326E-13  1.123E-12
   1.76250E+05  5.38911E-09  9.256E-11  2.01167E-07  5.649E-10  3.97163E-13  7.943E-13
   1.86321E+05  5.65282E-09  9.480E-11  1.85687E-07  5.427E-10  1.19149E-12  1.376E-12
   1.96393E+05  5.88675E-09  9.677E-11  1.71876E-07  5.222E-10  7.94326E-13  1.123E-12
   2.06464E+05  6.03330E-09  9.796E-11  1.60115E-07  5.040E-10  1.58865E-12  1.589E-12
   2.16536E+05  6.06865E-09  9.820E-11  1.50528E-07  4.887E-10  1.19149E-12  1.376E-12
   2.26607E+05  6.32760E-09  1.003E-10  1.41959E-07  4.746E-10  3.97163E-13  7.943E-13
   2.36679E+05  6.48210E-09  1.015E-10  1.34998E-07  4.629E-10  3.97163E-13  7.943E-13
   2.46750E+05  6.59330E-09  1.024E-10  1.28606E-07  4.518E-10  7.94326E-13  1.123E-12
   2.56821E+05  6.65645E-09  1.029E-10  1.23275E-07  4.423E-10  1.19149E-12  1.376E-12
   2.66893E+05  6.81572E-09  1.041E-10  1.18451E-07  4.336E-10  0.00000E+00  0.000E+00
   2.76964E+05  6.99881E-09  1.055E-10  1.13762E-07  4.249E-10  0.00000E+00  0.000E+00
   2.87036E+05  7.08738E-09  1.061E-10  1.10057E-07  4.179E-10  3.97163E-13  7.943E-13
   2.97107E+05  7.19699E-09  1.069E-10  1.06283E-07  4.107E-10  0.00000E+00  0.000E+00
   3.07179E+05  7.23750E-09  1.072E-10  1.03247E-07  4.048E-10  0.00000E+00  0.000E+00
   3.17250E+05  7.30860E-09  1.078E-10  1.00267E-07  3.989E-10  0.00000E+00  0.000E+00
   3.27321E+05  7.41742E-09  1.086E-10  9.75973E-08  3.936E-10  0.00000E+00  0.000E+00
   3.37393E+05  7.64221E-09  1.102E-10  9.63637E-08  3.911E-10  0.00000E+00  0.000E+00
   3.47464E+05  7.67399E-09  1.104E-10  9.86100E-08  3.956E-10  0.00000E+00  0.000E+00
   3.57536E+05  7.67955E-09  1.105E-10  1.02865E-07  4.040E-10  0.00000E+00  0.000E+00
   3.67607E+05  7.78043E-09  1.112E-10  1.09496E-07  4.169E-10  0.00000E+00  0.000E+00
   3.77679E+05  7.82848E-09  1.115E-10  1.17866E-07  4.325E-10  0.00000E+00  0.000E+00
   3.87750E+05  7.85748E-09  1.117E-10  1.26512E-07  4.480E-10  0.00000E+00  0.000E+00
   3.97821E+05  7.99410E-09  1.127E-10  1.35897E-07  4.643E-10  0.00000E+00  0.000E+00
   4.07893E+05  8.01396E-09  1.128E-10  1.46531E-07  4.821E-10  0.00000E+00  0.000E+00
   4.17964E+05  8.01555E-09  1.128E-10  1.55198E-07  4.962E-10  0.00000E+00  0.000E+00
   4.28036E+05  8.11881E-09  1.136E-10  1.63929E-07  5.099E-10  0.00000E+00  0.000E+00
   4.38107E+05  8.04017E-09  1.130E-10  1.70977E-07  5.207E-10  0.00000E+00  0.000E+00
   4.48179E+05  8.18156E-09  1.140E-10  1.76934E-07  5.297E-10  0.00000E+00  0.000E+00
   4.58250E+05  8.27370E-09  1.146E-10  1.83166E-07  5.389E-10  0.00000E+00  0.000E+00
   4.68321E+05  8.18752E-09  1.140E-10  1.87631E-07  5.455E-10  0.00000E+00  0.000E+00
   4.78393E+05  8.27728E-09  1.147E-10  1.92060E-07  5.518E-10  0.00000E+00  0.000E+00
   4.88464E+05  8.29157E-09  1.148E-10  1.95246E-07  5.564E-10  0.00000E+00  0.000E+00
   4.98536E+05  8.25623E-09  1.145E-10  1.98636E-07  5.612E-10  0.00000E+00  0.000E+00
   5.08607E+05  8.32295E-09  1.150E-10  2.08609E-07  5.751E-10  0.00000E+00  0.000E+00
   5.18679E+05  8.36664E-09  1.153E-10  2.03060E-07  5.674E-10  0.00000E+00  0.000E+00
   5.28750E+05  8.31818E-09  1.150E-10  2.04342E-07  5.692E-10  0.00000E+00  0.000E+00
   5.38821E+05  8.27767E-09  1.147E-10  2.06499E-07  5.722E-10  0.00000E+00  0.000E+00
   5.48893E+05  8.26735E-09  1.146E-10  2.07573E-07  5.736E-10  0.00000E+00  0.000E+00
   5.58964E+05  8.32811E-09  1.150E-10  2.08122E-07  5.744E-10  0.00000E+00  0.000E+00
   5.69036E+05  8.32533E-09  1.150E-10  2.09413E-07  5.762E-10  0.00000E+00  0.000E+00
   5.79107E+05  8.21889E-09  1.143E-10  2.10135E-07  5.772E-10  0.00000E+00  0.000E+00
   5.89179E+05  8.20976E-09  1.142E-10  2.10412E-07  5.776E-10  0.00000E+00  0.000E+00
   5.99250E+05  8.31262E-09  1.149E-10  2.11188E-07  5.786E-10  0.00000E+00  0.000E+00
   6.09321E+05  8.21016E-09  1.142E-10  2.11094E-07  5.785E-10  0.00000E+00  0.000E+00
   6.19393E+05  8.14304E-09  1.137E-10  2.11321E-07  5.788E-10  0.00000E+00  0.000E+00
   6.29464E+05  8.16170E-09  1.139E-10  2.11626E-07  5.792E-10  0.00000E+00  0.000E+00
   6.39536E+05  8.16170E-09  1.139E-10  2.11692E-07  5.793E-10  0.00000E+00  0.000E+00
   6.49607E+05  8.17521E-09  1.140E-10  2.11331E-07  5.788E-10  0.00000E+00  0.000E+00
   6.59679E+05  7.95121E-09  1.124E-10  2.11651E-07  5.792E-10  0.00000E+00  0.000E+00
   6.69750E+05  7.92102E-09  1.122E-10  2.11922E-07  5.796E-10  0.00000E+00  0.000E+00
   6.79821E+05  7.95637E-09  1.124E-10  2.11848E-07  5.795E-10  0.00000E+00  0.000E+00
   6.89893E+05  7.89203E-09  1.120E-10  2.11895E-07  5.796E-10  0.00000E+00  0.000E+00
   6.99964E+05  7.88051E-09  1.119E-10  2.11801E-07  5.794E-10  0.00000E+00  0.000E+00
   7.10036E+05  7.82292E-09  1.115E-10  2.11983E-07  5.797E-10  0.00000E+00  0.000E+00
   7.20107E+05  7.71688E-09  1.107E-10  2.11980E-07  5.797E-10  0.00000E+00  0.000E+00
   7.30179E+05  7.63149E-09  1.101E-10  2.12366E-07  5.802E-10  0.00000E+00  0.000E+00
   7.40250E+05  7.50599E-09  1.092E-10  2.11718E-07  5.793E-10  0.00000E+00  0.000E+00
   7.50321E+05  7.39081E-09  1.084E-10  2.12172E-07  5.800E-10  0.00000E+00  0.000E+00
   7.60393E+05  7.33799E-09  1.080E-10  2.12219E-07  5.800E-10  0.00000E+00  0.000E+00
   7.70464E+05  7.30304E-09  1.077E-10  2.12544E-07  5.805E-10  0.00000E+00  0.000E+00
   7.80536E+05  7.09333E-09  1.062E-10  2.12765E-07  5.808E-10  0.00000E+00  0.000E+00
   7.90607E+05  6.99166E-09  1.054E-10  2.12526E-07  5.804E-10  0.00000E+00  0.000E+00
   8.00679E+05  6.86060E-09  1.044E-10  2.12710E-07  5.807E-10  0.00000E+00  0.000E+00
   8.10750E+05  6.63977E-09  1.027E-10  2.13094E-07  5.812E-10  0.00000E+00  0.000E+00
   8.20821E+05  6.54763E-09  1.020E-10  2.13493E-07  5.818E-10  0.00000E+00  0.000E+00
   8.30893E+05  6.30417E-09  1.001E-10  2.13560E-07  5.818E-10  0.00000E+00  0.000E+00
   8.40964E+05  6.28948E-09  9.996E-11  2.13943E-07  5.824E-10  0.00000E+00  0.000E+00
   8.51036E+05  6.04879E-09  9.802E-11  2.14061E-07  5.825E-10  0.00000E+00  0.000E+00
   8.61107E+05  5.88437E-09  9.668E-11  2.14988E-07  5.838E-10  0.00000E+00  0.000E+00
   8.71179E+05  5.62105E-09  9.450E-11  2.14778E-07  5.835E-10  0.00000E+00  0.000E+00
   8.81250E+05  5.48562E-09  9.335E-11  2.14942E-07  5.837E-10  0.00000E+00  0.000E+00
   8.91321E+05  5.08091E-09  8.984E-11  2.15837E-07  5.849E-10  0.00000E+00  0.000E+00
   9.01393E+05  4.88233E-09  8.807E-11  2.15936E-07  5.851E-10  0.00000E+00  0.000E+00
   9.11464E+05  4.68414E-09  8.626E-11  2.16579E-07  5.859E-10  0.00000E+00  0.000E+00
   9.21536E+05  4.33702E-09  8.300E-11  2.16753E-07  5.862E-10  0.00000E+00  0.000E+00
   9.31607E+05  3.95892E-09  7.930E-11  2.17362E-07  5.870E-10  0.00000E+00  0.000E+00
   9.41679E+05  3.61736E-09  7.581E-11  2.17881E-07  5.877E-10  0.00000E+00  0.000E+00
   9.51750E+05  3.18525E-09  7.113E-11  2.17791E-07  5.876E-10  0.00000E+00  0.000E+00
   9.61821E+05  2.84051E-09  6.717E-11  2.18209E-07  5.881E-10  0.00000E+00  0.000E+00
   9.71893E+05  2.63915E-09  6.475E-11  2.19366E-07  5.897E-10  0.00000E+00  0.000E+00
   9.81964E+05  2.54820E-09  6.362E-11  2.19112E-07  5.893E-10  0.00000E+00  0.000E+00
   9.92036E+05  2.44057E-09  6.227E-11  2.20171E-07  5.908E-10  0.00000E+00  0.000E+00
   1.00211E+06  2.31745E-09  6.068E-11  2.20349E-07  5.910E-10  0.00000E+00  0.000E+00
   1.01218E+06  2.18082E-09  5.886E-11  2.21690E-07  5.928E-10  0.00000E+00  0.000E+00
   1.02225E+06  2.08113E-09  5.750E-11  2.21831E-07  5.930E-10  0.00000E+00  0.000E+00
   1.03232E+06  1.91671E-09  5.518E-11  2.22400E-07  5.937E-10  0.00000E+00  0.000E+00
   1.04239E+06  1.73600E-09  5.252E-11  2.22791E-07  5.943E-10  0.00000E+00  0.000E+00
   1.05246E+06  1.54496E-09  4.954E-11  2.23631E-07  5.954E-10  0.00000E+00  0.000E+00
   1.06254E+06  1.34638E-09  4.625E-11  2.24075E-07  5.960E-10  0.00000E+00  0.000E+00
   1.07261E+06  1.16250E-09  4.297E-11  2.24557E-07  5.966E-10  0.00000E+00  0.000E+00
   1.08268E+06  9.18638E-10  3.820E-11  2.25126E-07  5.974E-10  0.00000E+00  0.000E+00
   1.09275E+06  7.28794E-10  3.403E-11  2.26012E-07  5.985E-10  0.00000E+00  0.000E+00
   1.10282E+06  4.06695E-10  2.542E-11  2.26540E-07  5.992E-10  0.00000E+00  0.000E+00
   1.11289E+06  1.20738E-10  1.385E-11  2.26925E-07  5.997E-10  0.00000E+00  0.000E+00
   1.12296E+06  3.17730E-12  2.247E-12  2.27951E-07  6.011E-10  0.00000E+00  0.000E+00
   1.13304E+06  3.97163E-13  7.943E-13  2.29054E-07  6.025E-10  0.00000E+00  0.000E+00
   1.14311E+06  1.19149E-12  1.376E-12  2.29045E-07  6.025E-10  0.00000E+00  0.000E+00
   1.15318E+06  7.94326E-13  1.123E-12  2.29841E-07  6.036E-10  0.00000E+00  0.000E+00
   1.16325E+06  1.19149E-12  1.376E-12  2.30749E-07  6.048E-10  0.00000E+00  0.000E+00
   1.17332E+06  7.94326E-13  1.123E-12  3.28471E-05  5.909E-09  0.00000E+00  0.000E+00
   1.18339E+06  0.00000E+00  0.000E+00  1.00309E-07  3.990E-10  0.00000E+00  0.000E+00
   1.19346E+06  3.97163E-13  7.943E-13  1.00492E-07  3.994E-10  0.00000E+00  0.000E+00
   1.20354E+06  7.94326E-13  1.123E-12  1.00765E-07  3.999E-10  0.00000E+00  0.000E+00
   1.21361E+06  3.97163E-13  7.943E-13  1.00928E-07  4.002E-10  0.00000E+00  0.000E+00
   1.22368E+06  3.97163E-13  7.943E-13  1.01325E-07  4.010E-10  0.00000E+00  0.000E+00
   1.23375E+06  0.00000E+00  0.000E+00  1.01287E-07  4.009E-10  0.00000E+00  0.000E+00
   1.24382E+06  0.00000E+00  0.000E+00  1.01935E-07  4.022E-10  0.00000E+00  0.000E+00
   1.25389E+06  0.00000E+00  0.000E+00  1.02121E-07  4.026E-10  0.00000E+00  0.000E+00
   1.26396E+06  7.94326E-13  1.123E-12  1.01935E-07  4.022E-10  0.00000E+00  0.000E+00
   1.27404E+06  0.00000E+00  0.000E+00  1.02438E-07  4.032E-10  0.00000E+00  0.000E+00
   1.28411E+06  0.00000E+00  0.000E+00  1.02768E-07  4.038E-10  0.00000E+00  0.000E+00
   1.29418E+06  3.97163E-13  7.943E-13  1.03260E-07  4.048E-10  0.00000E+00  0.000E+00
   1.30425E+06  3.97163E-13  7.943E-13  1.03495E-07  4.053E-10  0.00000E+00  0.000E+00
   1.31432E+06  3.97163E-13  7.943E-13  1.03739E-07  4.058E-10  0.00000E+00  0.000E+00
   1.32439E+06  0.00000E+00  0.000E+00  1.03301E-07  4.049E-10  0.00000E+00  0.000E+00
   1.33446E+06  0.00000E+00  0.000E+00  3.35986E-05  5.943E-09  0.00000E+00  0.000E+00
   1.34454E+06  0.00000E+00  0.000E+00  0.00000E+00  0.000E+00  0.00000E+00  0.000E+00
   1.35461E+06  0.00000E+00  0.000E+00  0.00000E+00  0.000E+00  0.00000E+00  0.000E+00
   1.36468E+06  0.00000E+00  0.000E+00  0.00000E+00  0.000E+00  0.00000E+00  0.000E+00
   1.37475E+06  0.00000E+00  0.000E+00  0.00000E+00  0.000E+00  0.00000E+00  0.000E+00
   1.38482E+06  0.00000E+00  0.000E+00  0.00000E+00  0.000E+00  0.00000E+00  0.000E+00
   1.39489E+06  0.00000E+00  0.000E+00  0.00000E+00  0.000E+00  0.00000E+00  0.000E+00
   1.40496E+06  0.00000E+00  0.000E+00  0.00000E+00  0.000E+00  0.00000E+00  0.000E+00
