#>>>>>>>>>>>>>>>>>>>>>>>>>>>>>>>>>>>>>>>>>>>>>>>>>>>>>>>>>>>>
# [SECTION REPORT EMERGING ANGULAR PARTICLES DISTRIBUTION]
# Units are particles/(sr history)
# Polar angle minimum, maximum, polar bins:
#  0.00000E+00  1.80000E+02    45
# Azimuthal angle minimum, maximum, azimuthal bins:
#  0.00000E+00  3.60000E+02    18
#
# theta (deg) :  phi (deg) :     e-     : +-2sigma :   photons  : +-2sigma :     e+     : +-2sigma :
   2.00000E+00  1.00000E+01  4.52543E-03  2.918E-04  7.13536E+00  1.155E-02  0.00000E+00  0.000E+00
   2.00000E+00  3.00000E+01  4.99584E-03  3.066E-04  7.14175E+00  1.156E-02  0.00000E+00  0.000E+00
   2.00000E+00  5.00000E+01  4.97232E-03  3.059E-04  7.13275E+00  1.155E-02  0.00000E+00  0.000E+00
   2.00000E+00  7.00000E+01  4.92058E-03  3.043E-04  7.13464E+00  1.155E-02  0.00000E+00  0.000E+00
   2.00000E+00  9.00000E+01  4.64303E-03  2.956E-04  7.14794E+00  1.156E-02  0.00000E+00  0.000E+00
   2.00000E+00  1.10000E+02  4.91587E-03  3.041E-04  7.12874E+00  1.155E-02  0.00000E+00  0.000E+00
   2.00000E+00  1.30000E+02  5.02407E-03  3.075E-04  7.14312E+00  1.156E-02  0.00000E+00  0.000E+00
   2.00000E+00  1.50000E+02  5.04759E-03  3.082E-04  7.14130E+00  1.156E-02  0.00000E+00  0.000E+00
   2.00000E+00  1.70000E+02  4.87353E-03  3.028E-04  7.14283E+00  1.156E-02  0.00000E+00  0.000E+00
   2.00000E+00  1.90000E+02  4.96762E-03  3.057E-04  7.15624E+00  1.157E-02  0.00000E+00  0.000E+00
   2.00000E+00  2.10000E+02  4.94410E-03  3.050E-04  7.13860E+00  1.155E-02  0.00000E+00  0.000E+00
   2.00000E+00  2.30000E+02  4.95821E-03  3.054E-04  7.14091E+00  1.156E-02  0.00000E+00  0.000E+00
   2.00000E+00  2.50000E+02  4.86883E-03  3.027E-04  7.14611E+00  1.156E-02  0.00000E+00  0.000E+00
   2.00000E+00  2.70000E+02  5.02877E-03  3.076E-04  7.13831E+00  1.155E-02  0.00000E+00  0.000E+00
   2.00000E+00  2.90000E+02  5.10404E-03  3.099E-04  7.14332E+00  1.156E-02  0.00000E+00  0.000E+00
   2.00000E+00  3.10000E+02  4.83120E-03  3.015E-04  7.15282E+00  1.157E-02  0.00000E+00  0.000E+00
   2.00000E+00  3.30000E+02  5.06641E-03  3.088E-04  7.14370E+00  1.156E-02  0.00000E+00  0.000E+00
   2.00000E+00  3.50000E+02  4.93939E-03  3.049E-04  7.14718E+00  1.156E-02  0.00000E+00  0.000E+00

   6.00000E+00  1.00000E+01  4.67257E-03  1.713E-04  7.12667E+00  6.630E-03  0.00000E+00  0.000E+00
   6.00000E+00  3.00000E+01  4.76995E-03  1.731E-04  7.12719E+00  6.630E-03  0.00000E+00  0.000E+00
   6.00000E+00  5.00000E+01  4.75110E-03  1.728E-04  7.12885E+00  6.631E-03  0.00000E+00  0.000E+00
   6.00000E+00  7.00000E+01  4.59561E-03  1.699E-04  7.12682E+00  6.630E-03  0.00000E+00  0.000E+00
   6.00000E+00  9.00000E+01  4.78565E-03  1.734E-04  7.13335E+00  6.633E-03  0.00000E+00  0.000E+00
   6.00000E+00  1.10000E+02  4.91759E-03  1.758E-04  7.13113E+00  6.632E-03  0.00000E+00  0.000E+00
   6.00000E+00  1.30000E+02  4.73540E-03  1.725E-04  7.12606E+00  6.630E-03  0.00000E+00  0.000E+00
   6.00000E+00  1.50000E+02  4.76052E-03  1.729E-04  7.12982E+00  6.632E-03  0.00000E+00  0.000E+00
   6.00000E+00  1.70000E+02  4.85162E-03  1.746E-04  7.12812E+00  6.631E-03  0.00000E+00  0.000E+00
   6.00000E+00  1.90000E+02  4.68042E-03  1.715E-04  7.12392E+00  6.629E-03  1.57061E-06  3.141E-06
   6.00000E+00  2.10000E+02  4.74325E-03  1.726E-04  7.12954E+00  6.632E-03  0.00000E+00  0.000E+00
   6.00000E+00  2.30000E+02  4.81707E-03  1.740E-04  7.12671E+00  6.630E-03  0.00000E+00  0.000E+00
   6.00000E+00  2.50000E+02  4.81078E-03  1.738E-04  7.12360E+00  6.629E-03  0.00000E+00  0.000E+00
   6.00000E+00  2.70000E+02  4.72597E-03  1.723E-04  7.12964E+00  6.632E-03  0.00000E+00  0.000E+00
   6.00000E+00  2.90000E+02  4.82021E-03  1.740E-04  7.12312E+00  6.629E-03  0.00000E+00  0.000E+00
   6.00000E+00  3.10000E+02  4.73068E-03  1.724E-04  7.11969E+00  6.627E-03  0.00000E+00  0.000E+00
   6.00000E+00  3.30000E+02  4.66629E-03  1.712E-04  7.12508E+00  6.630E-03  0.00000E+00  0.000E+00
   6.00000E+00  3.50000E+02  4.74011E-03  1.726E-04  7.12938E+00  6.631E-03  0.00000E+00  0.000E+00

   1.00000E+01  1.00000E+01  4.45963E-03  1.299E-04  3.26542E+00  3.490E-03  0.00000E+00  0.000E+00
   1.00000E+01  3.00000E+01  4.39345E-03  1.289E-04  3.26565E+00  3.490E-03  0.00000E+00  0.000E+00
   1.00000E+01  5.00000E+01  4.42654E-03  1.294E-04  3.26525E+00  3.490E-03  0.00000E+00  0.000E+00
   1.00000E+01  7.00000E+01  4.48232E-03  1.302E-04  3.26528E+00  3.490E-03  0.00000E+00  0.000E+00
   1.00000E+01  9.00000E+01  4.37927E-03  1.287E-04  3.26307E+00  3.489E-03  0.00000E+00  0.000E+00
   1.00000E+01  1.10000E+02  4.44167E-03  1.296E-04  3.26777E+00  3.491E-03  9.45438E-07  1.891E-06
   1.00000E+01  1.30000E+02  4.43883E-03  1.296E-04  3.26487E+00  3.489E-03  9.45438E-07  1.891E-06
   1.00000E+01  1.50000E+02  4.38305E-03  1.287E-04  3.26286E+00  3.488E-03  0.00000E+00  0.000E+00
   1.00000E+01  1.70000E+02  4.48516E-03  1.302E-04  3.26512E+00  3.490E-03  9.45438E-07  1.891E-06
   1.00000E+01  1.90000E+02  4.46436E-03  1.299E-04  3.26502E+00  3.490E-03  0.00000E+00  0.000E+00
   1.00000E+01  2.10000E+02  4.54283E-03  1.311E-04  3.26283E+00  3.488E-03  0.00000E+00  0.000E+00
   1.00000E+01  2.30000E+02  4.41803E-03  1.293E-04  3.26349E+00  3.489E-03  0.00000E+00  0.000E+00
   1.00000E+01  2.50000E+02  4.50407E-03  1.305E-04  3.26515E+00  3.490E-03  0.00000E+00  0.000E+00
   1.00000E+01  2.70000E+02  4.35658E-03  1.284E-04  3.26536E+00  3.490E-03  0.00000E+00  0.000E+00
   1.00000E+01  2.90000E+02  4.45680E-03  1.298E-04  3.26669E+00  3.490E-03  0.00000E+00  0.000E+00
   1.00000E+01  3.10000E+02  4.44923E-03  1.297E-04  3.26553E+00  3.490E-03  0.00000E+00  0.000E+00
   1.00000E+01  3.30000E+02  4.37738E-03  1.287E-04  3.26330E+00  3.489E-03  0.00000E+00  0.000E+00
   1.00000E+01  3.50000E+02  4.47476E-03  1.301E-04  3.26594E+00  3.490E-03  9.45438E-07  1.891E-06

   1.40000E+01  1.00000E+01  4.01473E-03  1.044E-04  1.11703E-01  5.505E-04  0.00000E+00  0.000E+00
   1.40000E+01  3.00000E+01  4.05681E-03  1.049E-04  1.12505E-01  5.524E-04  0.00000E+00  0.000E+00
   1.40000E+01  5.00000E+01  4.02016E-03  1.045E-04  1.12077E-01  5.514E-04  0.00000E+00  0.000E+00
   1.40000E+01  7.00000E+01  3.96994E-03  1.038E-04  1.11351E-01  5.496E-04  0.00000E+00  0.000E+00
   1.40000E+01  9.00000E+01  4.03373E-03  1.046E-04  1.11356E-01  5.496E-04  0.00000E+00  0.000E+00
   1.40000E+01  1.10000E+02  4.02152E-03  1.045E-04  1.12231E-01  5.518E-04  0.00000E+00  0.000E+00
   1.40000E+01  1.30000E+02  4.05816E-03  1.050E-04  1.11304E-01  5.495E-04  0.00000E+00  0.000E+00
   1.40000E+01  1.50000E+02  4.03238E-03  1.046E-04  1.11388E-01  5.497E-04  0.00000E+00  0.000E+00
   1.40000E+01  1.70000E+02  3.97469E-03  1.039E-04  1.11438E-01  5.498E-04  6.78623E-07  1.357E-06
   1.40000E+01  1.90000E+02  4.06698E-03  1.051E-04  1.11485E-01  5.499E-04  0.00000E+00  0.000E+00
   1.40000E+01  2.10000E+02  4.04595E-03  1.048E-04  1.11988E-01  5.512E-04  0.00000E+00  0.000E+00
   1.40000E+01  2.30000E+02  4.09209E-03  1.054E-04  1.11412E-01  5.498E-04  0.00000E+00  0.000E+00
   1.40000E+01  2.50000E+02  4.00862E-03  1.043E-04  1.11342E-01  5.496E-04  0.00000E+00  0.000E+00
   1.40000E+01  2.70000E+02  4.00387E-03  1.043E-04  1.11294E-01  5.495E-04  0.00000E+00  0.000E+00
   1.40000E+01  2.90000E+02  4.04391E-03  1.048E-04  1.11878E-01  5.509E-04  0.00000E+00  0.000E+00
   1.40000E+01  3.10000E+02  4.04391E-03  1.048E-04  1.11737E-01  5.506E-04  0.00000E+00  0.000E+00
   1.40000E+01  3.30000E+02  4.18574E-03  1.066E-04  1.11289E-01  5.495E-04  0.00000E+00  0.000E+00
   1.40000E+01  3.50000E+02  4.06359E-03  1.050E-04  1.11973E-01  5.511E-04  0.00000E+00  0.000E+00

   1.80000E+01  1.00000E+01  3.55743E-03  8.695E-05  1.02726E-01  4.670E-04  0.00000E+00  0.000E+00
   1.80000E+01  3.00000E+01  3.53777E-03  8.671E-05  1.02289E-01  4.661E-04  0.00000E+00  0.000E+00
   1.80000E+01  5.00000E+01  3.66528E-03  8.825E-05  1.02405E-01  4.663E-04  5.31277E-07  1.063E-06
   1.80000E+01  7.00000E+01  3.58771E-03  8.732E-05  1.02187E-01  4.658E-04  0.00000E+00  0.000E+00
   1.80000E+01  9.00000E+01  3.61375E-03  8.763E-05  1.02748E-01  4.671E-04  0.00000E+00  0.000E+00
   1.80000E+01  1.10000E+02  3.60418E-03  8.752E-05  1.02801E-01  4.672E-04  0.00000E+00  0.000E+00
   1.80000E+01  1.30000E+02  3.55796E-03  8.695E-05  1.02700E-01  4.670E-04  0.00000E+00  0.000E+00
   1.80000E+01  1.50000E+02  3.57603E-03  8.717E-05  1.03038E-01  4.678E-04  5.31277E-07  1.063E-06
   1.80000E+01  1.70000E+02  3.64562E-03  8.802E-05  1.02345E-01  4.662E-04  0.00000E+00  0.000E+00
   1.80000E+01  1.90000E+02  3.59250E-03  8.737E-05  1.02434E-01  4.664E-04  5.31277E-07  1.063E-06
   1.80000E+01  2.10000E+02  3.64137E-03  8.797E-05  1.03016E-01  4.677E-04  5.31277E-07  1.063E-06
   1.80000E+01  2.30000E+02  3.67484E-03  8.837E-05  1.02662E-01  4.669E-04  0.00000E+00  0.000E+00
   1.80000E+01  2.50000E+02  3.57815E-03  8.720E-05  1.02721E-01  4.670E-04  0.00000E+00  0.000E+00
   1.80000E+01  2.70000E+02  3.54734E-03  8.682E-05  1.02753E-01  4.671E-04  0.00000E+00  0.000E+00
   1.80000E+01  2.90000E+02  3.62597E-03  8.778E-05  1.02797E-01  4.672E-04  0.00000E+00  0.000E+00
   1.80000E+01  3.10000E+02  3.58559E-03  8.729E-05  1.02567E-01  4.667E-04  5.31277E-07  1.063E-06
   1.80000E+01  3.30000E+02  3.58081E-03  8.724E-05  1.02349E-01  4.662E-04  0.00000E+00  0.000E+00
   1.80000E+01  3.50000E+02  3.62437E-03  8.776E-05  1.02553E-01  4.667E-04  0.00000E+00  0.000E+00

   2.20000E+01  1.00000E+01  3.10548E-03  7.379E-05  9.30738E-02  4.038E-04  0.00000E+00  0.000E+00
   2.20000E+01  3.00000E+01  3.16377E-03  7.447E-05  9.24874E-02  4.025E-04  4.38256E-07  8.765E-07
   2.20000E+01  5.00000E+01  3.15720E-03  7.439E-05  9.29695E-02  4.035E-04  0.00000E+00  0.000E+00
   2.20000E+01  7.00000E+01  3.19007E-03  7.479E-05  9.31439E-02  4.039E-04  0.00000E+00  0.000E+00
   2.20000E+01  9.00000E+01  3.12389E-03  7.400E-05  9.23371E-02  4.022E-04  0.00000E+00  0.000E+00
   2.20000E+01  1.10000E+02  3.13704E-03  7.416E-05  9.32614E-02  4.042E-04  0.00000E+00  0.000E+00
   2.20000E+01  1.30000E+02  3.17560E-03  7.462E-05  9.26846E-02  4.029E-04  0.00000E+00  0.000E+00
   2.20000E+01  1.50000E+02  3.11951E-03  7.395E-05  9.27346E-02  4.030E-04  8.76512E-07  1.240E-06
   2.20000E+01  1.70000E+02  3.24660E-03  7.544E-05  9.27512E-02  4.031E-04  0.00000E+00  0.000E+00
   2.20000E+01  1.90000E+02  3.22863E-03  7.523E-05  9.25606E-02  4.026E-04  0.00000E+00  0.000E+00
   2.20000E+01  2.10000E+02  3.15457E-03  7.436E-05  9.27297E-02  4.030E-04  0.00000E+00  0.000E+00
   2.20000E+01  2.30000E+02  3.13748E-03  7.416E-05  9.28235E-02  4.032E-04  0.00000E+00  0.000E+00
   2.20000E+01  2.50000E+02  3.15676E-03  7.439E-05  9.30413E-02  4.037E-04  0.00000E+00  0.000E+00
   2.20000E+01  2.70000E+02  3.19138E-03  7.480E-05  9.24799E-02  4.025E-04  0.00000E+00  0.000E+00
   2.20000E+01  2.90000E+02  3.10855E-03  7.382E-05  9.27372E-02  4.030E-04  0.00000E+00  0.000E+00
   2.20000E+01  3.10000E+02  3.28298E-03  7.586E-05  9.27977E-02  4.032E-04  0.00000E+00  0.000E+00
   2.20000E+01  3.30000E+02  3.17210E-03  7.457E-05  9.30619E-02  4.037E-04  0.00000E+00  0.000E+00
   2.20000E+01  3.50000E+02  3.16421E-03  7.448E-05  9.29353E-02  4.035E-04  8.76512E-07  1.240E-06

   2.60000E+01  1.00000E+01  2.80507E-03  6.482E-05  8.30285E-02  3.525E-04  0.00000E+00  0.000E+00
   2.60000E+01  3.00000E+01  2.73204E-03  6.397E-05  8.30734E-02  3.526E-04  3.74508E-07  7.490E-07
   2.60000E+01  5.00000E+01  2.72904E-03  6.394E-05  8.28989E-02  3.522E-04  3.74508E-07  7.490E-07
   2.60000E+01  7.00000E+01  2.77623E-03  6.449E-05  8.31708E-02  3.528E-04  3.74508E-07  7.490E-07
   2.60000E+01  9.00000E+01  2.71444E-03  6.377E-05  8.30083E-02  3.525E-04  0.00000E+00  0.000E+00
   2.60000E+01  1.10000E+02  2.68036E-03  6.337E-05  8.28199E-02  3.521E-04  0.00000E+00  0.000E+00
   2.60000E+01  1.30000E+02  2.68822E-03  6.347E-05  8.31259E-02  3.527E-04  0.00000E+00  0.000E+00
   2.60000E+01  1.50000E+02  2.75226E-03  6.421E-05  8.29712E-02  3.524E-04  3.74508E-07  7.490E-07
   2.60000E+01  1.70000E+02  2.76013E-03  6.430E-05  8.30038E-02  3.525E-04  0.00000E+00  0.000E+00
   2.60000E+01  1.90000E+02  2.70695E-03  6.368E-05  8.32019E-02  3.529E-04  0.00000E+00  0.000E+00
   2.60000E+01  2.10000E+02  2.71331E-03  6.375E-05  8.31577E-02  3.528E-04  0.00000E+00  0.000E+00
   2.60000E+01  2.30000E+02  2.74927E-03  6.417E-05  8.28783E-02  3.522E-04  0.00000E+00  0.000E+00
   2.60000E+01  2.50000E+02  2.72717E-03  6.392E-05  8.32457E-02  3.530E-04  0.00000E+00  0.000E+00
   2.60000E+01  2.70000E+02  2.81293E-03  6.492E-05  8.29847E-02  3.524E-04  0.00000E+00  0.000E+00
   2.60000E+01  2.90000E+02  2.77398E-03  6.446E-05  8.32686E-02  3.530E-04  0.00000E+00  0.000E+00
   2.60000E+01  3.10000E+02  2.76986E-03  6.441E-05  8.30087E-02  3.525E-04  0.00000E+00  0.000E+00
   2.60000E+01  3.30000E+02  2.72754E-03  6.392E-05  8.32461E-02  3.530E-04  0.00000E+00  0.000E+00
   2.60000E+01  3.50000E+02  2.72342E-03  6.387E-05  8.31240E-02  3.527E-04  0.00000E+00  0.000E+00

   3.00000E+01  1.00000E+01  2.35589E-03  5.562E-05  7.37064E-02  3.110E-04  0.00000E+00  0.000E+00
   3.00000E+01  3.00000E+01  2.37428E-03  5.584E-05  7.38673E-02  3.113E-04  0.00000E+00  0.000E+00
   3.00000E+01  5.00000E+01  2.33619E-03  5.539E-05  7.38690E-02  3.113E-04  0.00000E+00  0.000E+00
   3.00000E+01  7.00000E+01  2.34243E-03  5.547E-05  7.38617E-02  3.113E-04  0.00000E+00  0.000E+00
   3.00000E+01  9.00000E+01  2.38446E-03  5.596E-05  7.38112E-02  3.112E-04  0.00000E+00  0.000E+00
   3.00000E+01  1.10000E+02  2.37231E-03  5.582E-05  7.38030E-02  3.112E-04  3.28347E-07  6.567E-07
   3.00000E+01  1.30000E+02  2.37461E-03  5.585E-05  7.39179E-02  3.114E-04  0.00000E+00  0.000E+00
   3.00000E+01  1.50000E+02  2.32864E-03  5.530E-05  7.38824E-02  3.114E-04  0.00000E+00  0.000E+00
   3.00000E+01  1.70000E+02  2.37855E-03  5.589E-05  7.40193E-02  3.117E-04  0.00000E+00  0.000E+00
   3.00000E+01  1.90000E+02  2.36738E-03  5.576E-05  7.35649E-02  3.107E-04  0.00000E+00  0.000E+00
   3.00000E+01  2.10000E+02  2.36804E-03  5.577E-05  7.37704E-02  3.111E-04  0.00000E+00  0.000E+00
   3.00000E+01  2.30000E+02  2.37297E-03  5.583E-05  7.37048E-02  3.110E-04  0.00000E+00  0.000E+00
   3.00000E+01  2.50000E+02  2.40055E-03  5.615E-05  7.37836E-02  3.112E-04  0.00000E+00  0.000E+00
   3.00000E+01  2.70000E+02  2.35721E-03  5.564E-05  7.39698E-02  3.116E-04  0.00000E+00  0.000E+00
   3.00000E+01  2.90000E+02  2.39037E-03  5.603E-05  7.35639E-02  3.107E-04  0.00000E+00  0.000E+00
   3.00000E+01  3.10000E+02  2.36738E-03  5.576E-05  7.36614E-02  3.109E-04  0.00000E+00  0.000E+00
   3.00000E+01  3.30000E+02  2.31780E-03  5.517E-05  7.37475E-02  3.111E-04  3.28347E-07  6.567E-07
   3.00000E+01  3.50000E+02  2.34998E-03  5.555E-05  7.37268E-02  3.110E-04  0.00000E+00  0.000E+00

   3.40000E+01  1.00000E+01  2.03576E-03  4.889E-05  6.54560E-02  2.771E-04  0.00000E+00  0.000E+00
   3.40000E+01  3.00000E+01  2.02695E-03  4.879E-05  6.55913E-02  2.774E-04  0.00000E+00  0.000E+00
   3.40000E+01  5.00000E+01  2.02724E-03  4.879E-05  6.53705E-02  2.770E-04  8.80771E-07  1.017E-06
   3.40000E+01  7.00000E+01  2.03634E-03  4.891E-05  6.52839E-02  2.768E-04  0.00000E+00  0.000E+00
   3.40000E+01  9.00000E+01  2.01638E-03  4.866E-05  6.54237E-02  2.771E-04  0.00000E+00  0.000E+00
   3.40000E+01  1.10000E+02  1.98320E-03  4.826E-05  6.54636E-02  2.771E-04  0.00000E+00  0.000E+00
   3.40000E+01  1.30000E+02  2.01021E-03  4.859E-05  6.52769E-02  2.768E-04  0.00000E+00  0.000E+00
   3.40000E+01  1.50000E+02  1.99964E-03  4.847E-05  6.53268E-02  2.769E-04  0.00000E+00  0.000E+00
   3.40000E+01  1.70000E+02  2.02607E-03  4.878E-05  6.54510E-02  2.771E-04  0.00000E+00  0.000E+00
   3.40000E+01  1.90000E+02  1.98350E-03  4.826E-05  6.52258E-02  2.767E-04  0.00000E+00  0.000E+00
   3.40000E+01  2.10000E+02  2.04809E-03  4.904E-05  6.52220E-02  2.766E-04  2.93590E-07  5.872E-07
   3.40000E+01  2.30000E+02  2.00552E-03  4.853E-05  6.50050E-02  2.762E-04  2.93590E-07  5.872E-07
   3.40000E+01  2.50000E+02  2.01080E-03  4.859E-05  6.54994E-02  2.772E-04  0.00000E+00  0.000E+00
   3.40000E+01  2.70000E+02  2.01139E-03  4.861E-05  6.51304E-02  2.764E-04  0.00000E+00  0.000E+00
   3.40000E+01  2.90000E+02  2.05044E-03  4.907E-05  6.52135E-02  2.766E-04  0.00000E+00  0.000E+00
   3.40000E+01  3.10000E+02  2.01344E-03  4.863E-05  6.54748E-02  2.772E-04  0.00000E+00  0.000E+00
   3.40000E+01  3.30000E+02  1.93799E-03  4.771E-05  6.53708E-02  2.770E-04  0.00000E+00  0.000E+00
   3.40000E+01  3.50000E+02  2.01843E-03  4.869E-05  6.52108E-02  2.766E-04  0.00000E+00  0.000E+00

   3.80000E+01  1.00000E+01  1.70344E-03  4.263E-05  5.75412E-02  2.476E-04  0.00000E+00  0.000E+00
   3.80000E+01  3.00000E+01  1.70264E-03  4.262E-05  5.74177E-02  2.474E-04  0.00000E+00  0.000E+00
   3.80000E+01  5.00000E+01  1.73997E-03  4.308E-05  5.78246E-02  2.483E-04  0.00000E+00  0.000E+00
   3.80000E+01  7.00000E+01  1.70504E-03  4.265E-05  5.77108E-02  2.480E-04  0.00000E+00  0.000E+00
   3.80000E+01  9.00000E+01  1.71997E-03  4.283E-05  5.76028E-02  2.478E-04  0.00000E+00  0.000E+00
   3.80000E+01  1.10000E+02  1.70450E-03  4.264E-05  5.79182E-02  2.484E-04  0.00000E+00  0.000E+00
   3.80000E+01  1.30000E+02  1.68344E-03  4.237E-05  5.74430E-02  2.474E-04  0.00000E+00  0.000E+00
   3.80000E+01  1.50000E+02  1.70264E-03  4.262E-05  5.76209E-02  2.478E-04  0.00000E+00  0.000E+00
   3.80000E+01  1.70000E+02  1.66531E-03  4.215E-05  5.78153E-02  2.482E-04  0.00000E+00  0.000E+00
   3.80000E+01  1.90000E+02  1.70290E-03  4.262E-05  5.77513E-02  2.481E-04  0.00000E+00  0.000E+00
   3.80000E+01  2.10000E+02  1.70130E-03  4.260E-05  5.77814E-02  2.482E-04  0.00000E+00  0.000E+00
   3.80000E+01  2.30000E+02  1.67544E-03  4.227E-05  5.76174E-02  2.478E-04  0.00000E+00  0.000E+00
   3.80000E+01  2.50000E+02  1.70504E-03  4.265E-05  5.78420E-02  2.483E-04  0.00000E+00  0.000E+00
   3.80000E+01  2.70000E+02  1.70184E-03  4.261E-05  5.75308E-02  2.476E-04  0.00000E+00  0.000E+00
   3.80000E+01  2.90000E+02  1.68797E-03  4.243E-05  5.75270E-02  2.476E-04  0.00000E+00  0.000E+00
   3.80000E+01  3.10000E+02  1.69944E-03  4.258E-05  5.77166E-02  2.480E-04  0.00000E+00  0.000E+00
   3.80000E+01  3.30000E+02  1.71224E-03  4.274E-05  5.78876E-02  2.484E-04  0.00000E+00  0.000E+00
   3.80000E+01  3.50000E+02  1.68104E-03  4.234E-05  5.78316E-02  2.483E-04  0.00000E+00  0.000E+00

   4.20000E+01  1.00000E+01  1.41275E-03  3.724E-05  5.08162E-02  2.232E-04  0.00000E+00  0.000E+00
   4.20000E+01  3.00000E+01  1.45004E-03  3.772E-05  5.07612E-02  2.231E-04  0.00000E+00  0.000E+00
   4.20000E+01  5.00000E+01  1.46157E-03  3.787E-05  5.11177E-02  2.239E-04  0.00000E+00  0.000E+00
   4.20000E+01  7.00000E+01  1.42968E-03  3.746E-05  5.09160E-02  2.235E-04  0.00000E+00  0.000E+00
   4.20000E+01  9.00000E+01  1.44145E-03  3.761E-05  5.10527E-02  2.238E-04  0.00000E+00  0.000E+00
   4.20000E+01  1.10000E+02  1.42060E-03  3.734E-05  5.10797E-02  2.238E-04  0.00000E+00  0.000E+00
   4.20000E+01  1.30000E+02  1.44366E-03  3.764E-05  5.09470E-02  2.235E-04  0.00000E+00  0.000E+00
   4.20000E+01  1.50000E+02  1.42968E-03  3.746E-05  5.11560E-02  2.240E-04  0.00000E+00  0.000E+00
   4.20000E+01  1.70000E+02  1.46035E-03  3.786E-05  5.09001E-02  2.234E-04  0.00000E+00  0.000E+00
   4.20000E+01  1.90000E+02  1.41495E-03  3.726E-05  5.10610E-02  2.238E-04  0.00000E+00  0.000E+00
   4.20000E+01  2.10000E+02  1.39263E-03  3.697E-05  5.09730E-02  2.236E-04  0.00000E+00  0.000E+00
   4.20000E+01  2.30000E+02  1.44513E-03  3.767E-05  5.08822E-02  2.234E-04  0.00000E+00  0.000E+00
   4.20000E+01  2.50000E+02  1.40735E-03  3.716E-05  5.11975E-02  2.241E-04  2.45354E-07  4.907E-07
   4.20000E+01  2.70000E+02  1.42477E-03  3.739E-05  5.11143E-02  2.239E-04  0.00000E+00  0.000E+00
   4.20000E+01  2.90000E+02  1.44047E-03  3.760E-05  5.07433E-02  2.231E-04  0.00000E+00  0.000E+00
   4.20000E+01  3.10000E+02  1.46329E-03  3.790E-05  5.11349E-02  2.239E-04  0.00000E+00  0.000E+00
   4.20000E+01  3.30000E+02  1.42452E-03  3.739E-05  5.10171E-02  2.237E-04  0.00000E+00  0.000E+00
   4.20000E+01  3.50000E+02  1.45053E-03  3.774E-05  5.07970E-02  2.232E-04  0.00000E+00  0.000E+00

   4.60000E+01  1.00000E+01  1.19797E-03  3.307E-05  4.49452E-02  2.025E-04  0.00000E+00  0.000E+00
   4.60000E+01  3.00000E+01  1.19774E-03  3.308E-05  4.51502E-02  2.030E-04  0.00000E+00  0.000E+00
   4.60000E+01  5.00000E+01  1.21828E-03  3.335E-05  4.52791E-02  2.032E-04  0.00000E+00  0.000E+00
   4.60000E+01  7.00000E+01  1.16693E-03  3.264E-05  4.51668E-02  2.030E-04  0.00000E+00  0.000E+00
   4.60000E+01  9.00000E+01  1.18610E-03  3.291E-05  4.51739E-02  2.030E-04  0.00000E+00  0.000E+00
   4.60000E+01  1.10000E+02  1.19044E-03  3.297E-05  4.49938E-02  2.026E-04  0.00000E+00  0.000E+00
   4.60000E+01  1.30000E+02  1.21075E-03  3.325E-05  4.51967E-02  2.031E-04  0.00000E+00  0.000E+00
   4.60000E+01  1.50000E+02  1.20459E-03  3.316E-05  4.49210E-02  2.024E-04  0.00000E+00  0.000E+00
   4.60000E+01  1.70000E+02  1.20322E-03  3.314E-05  4.50771E-02  2.028E-04  0.00000E+00  0.000E+00
   4.60000E+01  1.90000E+02  1.19592E-03  3.304E-05  4.50235E-02  2.027E-04  0.00000E+00  0.000E+00
   4.60000E+01  2.10000E+02  1.20002E-03  3.310E-05  4.50997E-02  2.028E-04  2.28228E-07  4.565E-07
   4.60000E+01  2.30000E+02  1.19774E-03  3.307E-05  4.49607E-02  2.025E-04  0.00000E+00  0.000E+00
   4.60000E+01  2.50000E+02  1.18040E-03  3.283E-05  4.49226E-02  2.024E-04  0.00000E+00  0.000E+00
   4.60000E+01  2.70000E+02  1.19432E-03  3.302E-05  4.50281E-02  2.027E-04  0.00000E+00  0.000E+00
   4.60000E+01  2.90000E+02  1.15712E-03  3.251E-05  4.51846E-02  2.030E-04  0.00000E+00  0.000E+00
   4.60000E+01  3.10000E+02  1.20390E-03  3.316E-05  4.49429E-02  2.025E-04  0.00000E+00  0.000E+00
   4.60000E+01  3.30000E+02  1.18062E-03  3.283E-05  4.50673E-02  2.028E-04  0.00000E+00  0.000E+00
   4.60000E+01  3.50000E+02  1.20824E-03  3.321E-05  4.51410E-02  2.029E-04  2.28228E-07  4.565E-07

   5.00000E+01  1.00000E+01  9.69983E-04  2.884E-05  3.99073E-02  1.849E-04  0.00000E+00  0.000E+00
   5.00000E+01  3.00000E+01  9.77912E-04  2.895E-05  3.98773E-02  1.848E-04  0.00000E+00  0.000E+00
   5.00000E+01  5.00000E+01  9.75769E-04  2.892E-05  3.99703E-02  1.850E-04  0.00000E+00  0.000E+00
   5.00000E+01  7.00000E+01  9.73412E-04  2.889E-05  3.97106E-02  1.844E-04  0.00000E+00  0.000E+00
   5.00000E+01  9.00000E+01  9.74912E-04  2.891E-05  3.98179E-02  1.847E-04  0.00000E+00  0.000E+00
   5.00000E+01  1.10000E+02  9.47051E-04  2.849E-05  4.00106E-02  1.851E-04  0.00000E+00  0.000E+00
   5.00000E+01  1.30000E+02  9.72126E-04  2.887E-05  3.98456E-02  1.848E-04  2.14313E-07  4.286E-07
   5.00000E+01  1.50000E+02  9.92057E-04  2.916E-05  3.99193E-02  1.849E-04  0.00000E+00  0.000E+00
   5.00000E+01  1.70000E+02  1.01199E-03  2.945E-05  3.99245E-02  1.849E-04  2.14313E-07  4.286E-07
   5.00000E+01  1.90000E+02  9.90343E-04  2.914E-05  3.98872E-02  1.848E-04  2.14313E-07  4.286E-07
   5.00000E+01  2.10000E+02  9.78341E-04  2.896E-05  4.00113E-02  1.851E-04  2.14313E-07  4.286E-07
   5.00000E+01  2.30000E+02  9.90771E-04  2.914E-05  3.97131E-02  1.844E-04  0.00000E+00  0.000E+00
   5.00000E+01  2.50000E+02  9.98272E-04  2.925E-05  3.98449E-02  1.848E-04  0.00000E+00  0.000E+00
   5.00000E+01  2.70000E+02  9.50266E-04  2.854E-05  3.99750E-02  1.851E-04  0.00000E+00  0.000E+00
   5.00000E+01  2.90000E+02  9.86271E-04  2.908E-05  3.98955E-02  1.849E-04  0.00000E+00  0.000E+00
   5.00000E+01  3.10000E+02  9.92914E-04  2.917E-05  3.99080E-02  1.849E-04  0.00000E+00  0.000E+00
   5.00000E+01  3.30000E+02  9.90771E-04  2.914E-05  3.99401E-02  1.850E-04  0.00000E+00  0.000E+00
   5.00000E+01  3.50000E+02  9.62482E-04  2.872E-05  3.99630E-02  1.850E-04  0.00000E+00  0.000E+00

   5.40000E+01  1.00000E+01  7.94673E-04  2.540E-05  3.53721E-02  1.694E-04  0.00000E+00  0.000E+00
   5.40000E+01  3.00000E+01  8.20445E-04  2.581E-05  3.54650E-02  1.696E-04  0.00000E+00  0.000E+00
   5.40000E+01  5.00000E+01  7.93861E-04  2.538E-05  3.53906E-02  1.694E-04  0.00000E+00  0.000E+00
   5.40000E+01  7.00000E+01  8.32215E-04  2.599E-05  3.54317E-02  1.695E-04  0.00000E+00  0.000E+00
   5.40000E+01  9.00000E+01  7.95079E-04  2.540E-05  3.52349E-02  1.691E-04  0.00000E+00  0.000E+00
   5.40000E+01  1.10000E+02  8.05631E-04  2.557E-05  3.52787E-02  1.692E-04  0.00000E+00  0.000E+00
   5.40000E+01  1.30000E+02  7.84324E-04  2.523E-05  3.53658E-02  1.694E-04  0.00000E+00  0.000E+00
   5.40000E+01  1.50000E+02  7.92238E-04  2.536E-05  3.55009E-02  1.697E-04  0.00000E+00  0.000E+00
   5.40000E+01  1.70000E+02  7.93861E-04  2.538E-05  3.53680E-02  1.694E-04  0.00000E+00  0.000E+00
   5.40000E+01  1.90000E+02  8.03399E-04  2.554E-05  3.53433E-02  1.693E-04  0.00000E+00  0.000E+00
   5.40000E+01  2.10000E+02  7.90006E-04  2.533E-05  3.53252E-02  1.693E-04  0.00000E+00  0.000E+00
   5.40000E+01  2.30000E+02  7.82294E-04  2.520E-05  3.53636E-02  1.694E-04  0.00000E+00  0.000E+00
   5.40000E+01  2.50000E+02  7.79656E-04  2.516E-05  3.52321E-02  1.691E-04  0.00000E+00  0.000E+00
   5.40000E+01  2.70000E+02  8.03805E-04  2.554E-05  3.51773E-02  1.689E-04  0.00000E+00  0.000E+00
   5.40000E+01  2.90000E+02  7.96297E-04  2.542E-05  3.53236E-02  1.693E-04  0.00000E+00  0.000E+00
   5.40000E+01  3.10000E+02  7.83918E-04  2.523E-05  3.54695E-02  1.696E-04  0.00000E+00  0.000E+00
   5.40000E+01  3.30000E+02  7.94064E-04  2.539E-05  3.53183E-02  1.693E-04  0.00000E+00  0.000E+00
   5.40000E+01  3.50000E+02  8.07052E-04  2.559E-05  3.53524E-02  1.693E-04  0.00000E+00  0.000E+00

   5.80000E+01  1.00000E+01  6.60336E-04  2.262E-05  3.11591E-02  1.553E-04  0.00000E+00  0.000E+00
   5.80000E+01  3.00000E+01  6.61110E-04  2.263E-05  3.11182E-02  1.552E-04  0.00000E+00  0.000E+00
   5.80000E+01  5.00000E+01  6.35169E-04  2.218E-05  3.11535E-02  1.553E-04  0.00000E+00  0.000E+00
   5.80000E+01  7.00000E+01  6.27425E-04  2.204E-05  3.10710E-02  1.551E-04  0.00000E+00  0.000E+00
   5.80000E+01  9.00000E+01  6.50269E-04  2.244E-05  3.10877E-02  1.551E-04  3.87180E-07  5.476E-07
   5.80000E+01  1.10000E+02  6.40783E-04  2.228E-05  3.11078E-02  1.552E-04  0.00000E+00  0.000E+00
   5.80000E+01  1.30000E+02  6.30523E-04  2.210E-05  3.12052E-02  1.554E-04  0.00000E+00  0.000E+00
   5.80000E+01  1.50000E+02  6.18714E-04  2.189E-05  3.10296E-02  1.550E-04  0.00000E+00  0.000E+00
   5.80000E+01  1.70000E+02  6.16003E-04  2.184E-05  3.13089E-02  1.557E-04  0.00000E+00  0.000E+00
   5.80000E+01  1.90000E+02  6.30136E-04  2.209E-05  3.11357E-02  1.552E-04  0.00000E+00  0.000E+00
   5.80000E+01  2.10000E+02  6.46204E-04  2.237E-05  3.11041E-02  1.551E-04  0.00000E+00  0.000E+00
   5.80000E+01  2.30000E+02  6.54334E-04  2.251E-05  3.11879E-02  1.554E-04  0.00000E+00  0.000E+00
   5.80000E+01  2.50000E+02  6.22392E-04  2.195E-05  3.11552E-02  1.553E-04  0.00000E+00  0.000E+00
   5.80000E+01  2.70000E+02  6.28200E-04  2.206E-05  3.11887E-02  1.554E-04  1.93590E-07  3.872E-07
   5.80000E+01  2.90000E+02  6.38266E-04  2.223E-05  3.10896E-02  1.551E-04  0.00000E+00  0.000E+00
   5.80000E+01  3.10000E+02  6.53560E-04  2.250E-05  3.11608E-02  1.553E-04  1.93590E-07  3.872E-07
   5.80000E+01  3.30000E+02  6.33814E-04  2.215E-05  3.11707E-02  1.553E-04  1.93590E-07  3.872E-07
   5.80000E+01  3.50000E+02  6.42912E-04  2.231E-05  3.10613E-02  1.550E-04  0.00000E+00  0.000E+00

   6.20000E+01  1.00000E+01  4.92364E-04  1.914E-05  2.72667E-02  1.424E-04  0.00000E+00  0.000E+00
   6.20000E+01  3.00000E+01  5.11144E-04  1.950E-05  2.72719E-02  1.424E-04  0.00000E+00  0.000E+00
   6.20000E+01  5.00000E+01  5.04636E-04  1.937E-05  2.72485E-02  1.423E-04  0.00000E+00  0.000E+00
   6.20000E+01  7.00000E+01  5.03706E-04  1.936E-05  2.72068E-02  1.422E-04  0.00000E+00  0.000E+00
   6.20000E+01  9.00000E+01  5.06310E-04  1.941E-05  2.72349E-02  1.423E-04  0.00000E+00  0.000E+00
   6.20000E+01  1.10000E+02  5.12260E-04  1.952E-05  2.72998E-02  1.425E-04  0.00000E+00  0.000E+00
   6.20000E+01  1.30000E+02  5.08169E-04  1.944E-05  2.72357E-02  1.423E-04  0.00000E+00  0.000E+00
   6.20000E+01  1.50000E+02  4.96455E-04  1.922E-05  2.72083E-02  1.422E-04  0.00000E+00  0.000E+00
   6.20000E+01  1.70000E+02  5.01475E-04  1.931E-05  2.71176E-02  1.420E-04  0.00000E+00  0.000E+00
   6.20000E+01  1.90000E+02  5.13747E-04  1.955E-05  2.72940E-02  1.424E-04  0.00000E+00  0.000E+00
   6.20000E+01  2.10000E+02  5.02219E-04  1.933E-05  2.71288E-02  1.420E-04  0.00000E+00  0.000E+00
   6.20000E+01  2.30000E+02  4.96641E-04  1.922E-05  2.73115E-02  1.425E-04  0.00000E+00  0.000E+00
   6.20000E+01  2.50000E+02  5.00174E-04  1.929E-05  2.72370E-02  1.423E-04  0.00000E+00  0.000E+00
   6.20000E+01  2.70000E+02  5.09099E-04  1.946E-05  2.71760E-02  1.421E-04  0.00000E+00  0.000E+00
   6.20000E+01  2.90000E+02  5.25275E-04  1.977E-05  2.71217E-02  1.420E-04  0.00000E+00  0.000E+00
   6.20000E+01  3.10000E+02  4.97942E-04  1.924E-05  2.71925E-02  1.422E-04  0.00000E+00  0.000E+00
   6.20000E+01  3.30000E+02  4.88460E-04  1.906E-05  2.72524E-02  1.423E-04  0.00000E+00  0.000E+00
   6.20000E+01  3.50000E+02  5.15792E-04  1.959E-05  2.72976E-02  1.424E-04  0.00000E+00  0.000E+00

   6.60000E+01  1.00000E+01  3.74696E-04  1.641E-05  2.33827E-02  1.296E-04  0.00000E+00  0.000E+00
   6.60000E+01  3.00000E+01  3.99496E-04  1.695E-05  2.34720E-02  1.299E-04  0.00000E+00  0.000E+00
   6.60000E+01  5.00000E+01  3.79009E-04  1.651E-05  2.34919E-02  1.299E-04  0.00000E+00  0.000E+00
   6.60000E+01  7.00000E+01  3.84401E-04  1.662E-05  2.34826E-02  1.299E-04  0.00000E+00  0.000E+00
   6.60000E+01  9.00000E+01  3.97519E-04  1.691E-05  2.34134E-02  1.297E-04  0.00000E+00  0.000E+00
   6.60000E+01  1.10000E+02  3.96801E-04  1.689E-05  2.34278E-02  1.297E-04  0.00000E+00  0.000E+00
   6.60000E+01  1.30000E+02  3.77572E-04  1.647E-05  2.34998E-02  1.299E-04  0.00000E+00  0.000E+00
   6.60000E+01  1.50000E+02  3.77033E-04  1.646E-05  2.33615E-02  1.296E-04  0.00000E+00  0.000E+00
   6.60000E+01  1.70000E+02  3.94464E-04  1.684E-05  2.34817E-02  1.299E-04  0.00000E+00  0.000E+00
   6.60000E+01  1.90000E+02  3.81525E-04  1.656E-05  2.33672E-02  1.296E-04  0.00000E+00  0.000E+00
   6.60000E+01  2.10000E+02  3.70383E-04  1.632E-05  2.35252E-02  1.300E-04  0.00000E+00  0.000E+00
   6.60000E+01  2.30000E+02  3.79189E-04  1.651E-05  2.33642E-02  1.296E-04  1.79710E-07  3.594E-07
   6.60000E+01  2.50000E+02  3.79369E-04  1.651E-05  2.35210E-02  1.300E-04  0.00000E+00  0.000E+00
   6.60000E+01  2.70000E+02  3.84940E-04  1.663E-05  2.33476E-02  1.295E-04  1.79710E-07  3.594E-07
   6.60000E+01  2.90000E+02  3.81525E-04  1.656E-05  2.34502E-02  1.298E-04  0.00000E+00  0.000E+00
   6.60000E+01  3.10000E+02  3.83502E-04  1.660E-05  2.34423E-02  1.298E-04  0.00000E+00  0.000E+00
   6.60000E+01  3.30000E+02  3.82783E-04  1.659E-05  2.34436E-02  1.298E-04  0.00000E+00  0.000E+00
   6.60000E+01  3.50000E+02  3.89972E-04  1.674E-05  2.36125E-02  1.303E-04  0.00000E+00  0.000E+00

   7.00000E+01  1.00000E+01  2.82506E-04  1.405E-05  1.96638E-02  1.172E-04  0.00000E+00  0.000E+00
   7.00000E+01  3.00000E+01  2.74819E-04  1.386E-05  1.96732E-02  1.172E-04  0.00000E+00  0.000E+00
   7.00000E+01  5.00000E+01  2.94386E-04  1.434E-05  1.96103E-02  1.170E-04  0.00000E+00  0.000E+00
   7.00000E+01  7.00000E+01  2.82331E-04  1.405E-05  1.97630E-02  1.175E-04  0.00000E+00  0.000E+00
   7.00000E+01  9.00000E+01  2.92290E-04  1.429E-05  1.96234E-02  1.171E-04  0.00000E+00  0.000E+00
   7.00000E+01  1.10000E+02  2.78138E-04  1.394E-05  1.97651E-02  1.175E-04  0.00000E+00  0.000E+00
   7.00000E+01  1.30000E+02  2.98929E-04  1.445E-05  1.97080E-02  1.173E-04  0.00000E+00  0.000E+00
   7.00000E+01  1.50000E+02  2.78488E-04  1.395E-05  1.96543E-02  1.172E-04  0.00000E+00  0.000E+00
   7.00000E+01  1.70000E+02  2.76915E-04  1.391E-05  1.97038E-02  1.173E-04  0.00000E+00  0.000E+00
   7.00000E+01  1.90000E+02  2.86874E-04  1.416E-05  1.97064E-02  1.173E-04  0.00000E+00  0.000E+00
   7.00000E+01  2.10000E+02  2.86524E-04  1.415E-05  1.97522E-02  1.175E-04  0.00000E+00  0.000E+00
   7.00000E+01  2.30000E+02  2.88621E-04  1.420E-05  1.96610E-02  1.172E-04  1.74710E-07  3.494E-07
   7.00000E+01  2.50000E+02  2.88621E-04  1.420E-05  1.96007E-02  1.170E-04  0.00000E+00  0.000E+00
   7.00000E+01  2.70000E+02  2.84253E-04  1.409E-05  1.98270E-02  1.177E-04  0.00000E+00  0.000E+00
   7.00000E+01  2.90000E+02  2.81632E-04  1.403E-05  1.96491E-02  1.172E-04  0.00000E+00  0.000E+00
   7.00000E+01  3.10000E+02  2.85476E-04  1.412E-05  1.95714E-02  1.169E-04  0.00000E+00  0.000E+00
   7.00000E+01  3.30000E+02  2.88271E-04  1.419E-05  1.97071E-02  1.173E-04  0.00000E+00  0.000E+00
   7.00000E+01  3.50000E+02  2.80759E-04  1.401E-05  1.97076E-02  1.173E-04  0.00000E+00  0.000E+00

   7.40000E+01  1.00000E+01  2.05631E-04  1.185E-05  1.58602E-02  1.041E-04  0.00000E+00  0.000E+00
   7.40000E+01  3.00000E+01  2.11438E-04  1.202E-05  1.58495E-02  1.040E-04  0.00000E+00  0.000E+00
   7.40000E+01  5.00000E+01  1.98458E-04  1.164E-05  1.58635E-02  1.041E-04  0.00000E+00  0.000E+00
   7.40000E+01  7.00000E+01  1.99312E-04  1.167E-05  1.57441E-02  1.037E-04  0.00000E+00  0.000E+00
   7.40000E+01  9.00000E+01  2.11096E-04  1.201E-05  1.58489E-02  1.040E-04  0.00000E+00  0.000E+00
   7.40000E+01  1.10000E+02  1.95383E-04  1.155E-05  1.57519E-02  1.037E-04  0.00000E+00  0.000E+00
   7.40000E+01  1.30000E+02  1.92822E-04  1.148E-05  1.57982E-02  1.039E-04  0.00000E+00  0.000E+00
   7.40000E+01  1.50000E+02  2.07680E-04  1.191E-05  1.57579E-02  1.037E-04  0.00000E+00  0.000E+00
   7.40000E+01  1.70000E+02  2.02215E-04  1.175E-05  1.58353E-02  1.040E-04  0.00000E+00  0.000E+00
   7.40000E+01  1.90000E+02  2.02386E-04  1.176E-05  1.58442E-02  1.040E-04  0.00000E+00  0.000E+00
   7.40000E+01  2.10000E+02  1.98970E-04  1.166E-05  1.58121E-02  1.039E-04  0.00000E+00  0.000E+00
   7.40000E+01  2.30000E+02  2.09047E-04  1.195E-05  1.57917E-02  1.038E-04  0.00000E+00  0.000E+00
   7.40000E+01  2.50000E+02  1.96750E-04  1.159E-05  1.58358E-02  1.040E-04  0.00000E+00  0.000E+00
   7.40000E+01  2.70000E+02  1.91455E-04  1.144E-05  1.58800E-02  1.041E-04  0.00000E+00  0.000E+00
   7.40000E+01  2.90000E+02  1.97775E-04  1.162E-05  1.58324E-02  1.040E-04  0.00000E+00  0.000E+00
   7.40000E+01  3.10000E+02  1.97262E-04  1.161E-05  1.59021E-02  1.042E-04  0.00000E+00  0.000E+00
   7.40000E+01  3.30000E+02  2.01532E-04  1.173E-05  1.59270E-02  1.043E-04  0.00000E+00  0.000E+00
   7.40000E+01  3.50000E+02  1.92480E-04  1.147E-05  1.58117E-02  1.039E-04  0.00000E+00  0.000E+00

   7.80000E+01  1.00000E+01  1.28734E-04  9.297E-06  1.18186E-02  8.907E-05  0.00000E+00  0.000E+00
   7.80000E+01  3.00000E+01  1.34273E-04  9.495E-06  1.18238E-02  8.909E-05  0.00000E+00  0.000E+00
   7.80000E+01  5.00000E+01  1.36623E-04  9.577E-06  1.18175E-02  8.906E-05  0.00000E+00  0.000E+00
   7.80000E+01  7.00000E+01  1.27727E-04  9.260E-06  1.17962E-02  8.898E-05  0.00000E+00  0.000E+00
   7.80000E+01  9.00000E+01  1.30245E-04  9.351E-06  1.18133E-02  8.905E-05  0.00000E+00  0.000E+00
   7.80000E+01  1.10000E+02  1.28734E-04  9.297E-06  1.18288E-02  8.910E-05  0.00000E+00  0.000E+00
   7.80000E+01  1.30000E+02  1.33937E-04  9.483E-06  1.17150E-02  8.867E-05  0.00000E+00  0.000E+00
   7.80000E+01  1.50000E+02  1.25545E-04  9.181E-06  1.17946E-02  8.898E-05  0.00000E+00  0.000E+00
   7.80000E+01  1.70000E+02  1.29070E-04  9.309E-06  1.18140E-02  8.905E-05  0.00000E+00  0.000E+00
   7.80000E+01  1.90000E+02  1.23196E-04  9.094E-06  1.17841E-02  8.893E-05  0.00000E+00  0.000E+00
   7.80000E+01  2.10000E+02  1.30916E-04  9.375E-06  1.18127E-02  8.905E-05  0.00000E+00  0.000E+00
   7.80000E+01  2.30000E+02  1.30413E-04  9.357E-06  1.18013E-02  8.900E-05  0.00000E+00  0.000E+00
   7.80000E+01  2.50000E+02  1.31923E-04  9.411E-06  1.19258E-02  8.947E-05  0.00000E+00  0.000E+00
   7.80000E+01  2.70000E+02  1.36287E-04  9.565E-06  1.18733E-02  8.927E-05  0.00000E+00  0.000E+00
   7.80000E+01  2.90000E+02  1.30245E-04  9.351E-06  1.17700E-02  8.888E-05  0.00000E+00  0.000E+00
   7.80000E+01  3.10000E+02  1.28399E-04  9.285E-06  1.18152E-02  8.905E-05  0.00000E+00  0.000E+00
   7.80000E+01  3.30000E+02  1.28399E-04  9.285E-06  1.17935E-02  8.897E-05  0.00000E+00  0.000E+00
   7.80000E+01  3.50000E+02  1.29574E-04  9.327E-06  1.17630E-02  8.886E-05  0.00000E+00  0.000E+00

   8.20000E+01  1.00000E+01  7.16200E-05  6.892E-06  7.60664E-03  7.102E-05  0.00000E+00  0.000E+00
   8.20000E+01  3.00000E+01  6.97964E-05  6.803E-06  7.61609E-03  7.106E-05  0.00000E+00  0.000E+00
   8.20000E+01  5.00000E+01  7.51015E-05  7.057E-06  7.62886E-03  7.112E-05  0.00000E+00  0.000E+00
   8.20000E+01  7.00000E+01  7.12884E-05  6.876E-06  7.60532E-03  7.102E-05  0.00000E+00  0.000E+00
   8.20000E+01  9.00000E+01  7.52673E-05  7.065E-06  7.61377E-03  7.105E-05  0.00000E+00  0.000E+00
   8.20000E+01  1.10000E+02  7.24490E-05  6.931E-06  7.68108E-03  7.137E-05  0.00000E+00  0.000E+00
   8.20000E+01  1.30000E+02  7.46042E-05  7.034E-06  7.67578E-03  7.134E-05  0.00000E+00  0.000E+00
   8.20000E+01  1.50000E+02  7.55989E-05  7.080E-06  7.62969E-03  7.113E-05  0.00000E+00  0.000E+00
   8.20000E+01  1.70000E+02  7.04595E-05  6.836E-06  7.61841E-03  7.107E-05  0.00000E+00  0.000E+00
   8.20000E+01  1.90000E+02  7.06253E-05  6.844E-06  7.67362E-03  7.133E-05  0.00000E+00  0.000E+00
   8.20000E+01  2.10000E+02  7.07911E-05  6.852E-06  7.65124E-03  7.122E-05  0.00000E+00  0.000E+00
   8.20000E+01  2.30000E+02  7.41068E-05  7.010E-06  7.60979E-03  7.103E-05  0.00000E+00  0.000E+00
   8.20000E+01  2.50000E+02  7.04595E-05  6.836E-06  7.65870E-03  7.126E-05  0.00000E+00  0.000E+00
   8.20000E+01  2.70000E+02  6.54859E-05  6.590E-06  7.61875E-03  7.107E-05  0.00000E+00  0.000E+00
   8.20000E+01  2.90000E+02  7.36095E-05  6.987E-06  7.63682E-03  7.116E-05  0.00000E+00  0.000E+00
   8.20000E+01  3.10000E+02  7.02937E-05  6.828E-06  7.59437E-03  7.096E-05  0.00000E+00  0.000E+00
   8.20000E+01  3.30000E+02  7.44384E-05  7.026E-06  7.57697E-03  7.088E-05  0.00000E+00  0.000E+00
   8.20000E+01  3.50000E+02  7.39410E-05  7.002E-06  7.66948E-03  7.131E-05  0.00000E+00  0.000E+00

   8.60000E+01  1.00000E+01  2.63319E-05  4.163E-06  3.64154E-03  4.896E-05  0.00000E+00  0.000E+00
   8.60000E+01  3.00000E+01  2.61674E-05  4.150E-06  3.56304E-03  4.843E-05  0.00000E+00  0.000E+00
   8.60000E+01  5.00000E+01  3.14337E-05  4.549E-06  3.58328E-03  4.857E-05  0.00000E+00  0.000E+00
   8.60000E+01  7.00000E+01  2.50153E-05  4.058E-06  3.54954E-03  4.834E-05  0.00000E+00  0.000E+00
   8.60000E+01  9.00000E+01  2.99526E-05  4.440E-06  3.62278E-03  4.883E-05  0.00000E+00  0.000E+00
   8.60000E+01  1.10000E+02  2.53445E-05  4.085E-06  3.59628E-03  4.865E-05  0.00000E+00  0.000E+00
   8.60000E+01  1.30000E+02  2.84714E-05  4.329E-06  3.53342E-03  4.823E-05  0.00000E+00  0.000E+00
   8.60000E+01  1.50000E+02  2.71548E-05  4.228E-06  3.57752E-03  4.853E-05  0.00000E+00  0.000E+00
   8.60000E+01  1.70000E+02  2.91297E-05  4.379E-06  3.56748E-03  4.846E-05  0.00000E+00  0.000E+00
   8.60000E+01  1.90000E+02  2.43570E-05  4.004E-06  3.54132E-03  4.828E-05  0.00000E+00  0.000E+00
   8.60000E+01  2.10000E+02  2.66611E-05  4.189E-06  3.55349E-03  4.836E-05  0.00000E+00  0.000E+00
   8.60000E+01  2.30000E+02  2.17238E-05  3.782E-06  3.57242E-03  4.849E-05  0.00000E+00  0.000E+00
   8.60000E+01  2.50000E+02  3.32441E-05  4.678E-06  3.61883E-03  4.881E-05  0.00000E+00  0.000E+00
   8.60000E+01  2.70000E+02  2.64965E-05  4.176E-06  3.56403E-03  4.844E-05  0.00000E+00  0.000E+00
   8.60000E+01  2.90000E+02  2.73194E-05  4.241E-06  3.58674E-03  4.859E-05  0.00000E+00  0.000E+00
   8.60000E+01  3.10000E+02  3.12692E-05  4.537E-06  3.58361E-03  4.857E-05  0.00000E+00  0.000E+00
   8.60000E+01  3.30000E+02  2.74840E-05  4.254E-06  3.57341E-03  4.850E-05  0.00000E+00  0.000E+00
   8.60000E+01  3.50000E+02  2.73194E-05  4.241E-06  3.60682E-03  4.873E-05  0.00000E+00  0.000E+00

   9.00000E+01  1.00000E+01  3.11930E-06  1.431E-06  8.92612E-04  2.421E-05  0.00000E+00  0.000E+00
   9.00000E+01  3.00000E+01  3.44765E-06  1.505E-06  8.76687E-04  2.399E-05  0.00000E+00  0.000E+00
   9.00000E+01  5.00000E+01  1.64174E-06  1.038E-06  8.88836E-04  2.416E-05  0.00000E+00  0.000E+00
   9.00000E+01  7.00000E+01  3.28347E-06  1.468E-06  9.05910E-04  2.439E-05  0.00000E+00  0.000E+00
   9.00000E+01  9.00000E+01  4.76104E-06  1.768E-06  8.95403E-04  2.425E-05  0.00000E+00  0.000E+00
   9.00000E+01  1.10000E+02  2.79095E-06  1.354E-06  8.97537E-04  2.428E-05  0.00000E+00  0.000E+00
   9.00000E+01  1.30000E+02  3.44765E-06  1.505E-06  8.97866E-04  2.428E-05  0.00000E+00  0.000E+00
   9.00000E+01  1.50000E+02  1.97008E-06  1.137E-06  8.90806E-04  2.419E-05  0.00000E+00  0.000E+00
   9.00000E+01  1.70000E+02  3.77599E-06  1.575E-06  9.02627E-04  2.435E-05  0.00000E+00  0.000E+00
   9.00000E+01  1.90000E+02  1.97008E-06  1.137E-06  8.93269E-04  2.422E-05  0.00000E+00  0.000E+00
   9.00000E+01  2.10000E+02  2.95513E-06  1.393E-06  8.98687E-04  2.429E-05  0.00000E+00  0.000E+00
   9.00000E+01  2.30000E+02  2.46260E-06  1.272E-06  8.99343E-04  2.430E-05  0.00000E+00  0.000E+00
   9.00000E+01  2.50000E+02  4.10434E-06  1.642E-06  9.15432E-04  2.452E-05  0.00000E+00  0.000E+00
   9.00000E+01  2.70000E+02  1.64174E-06  1.038E-06  8.95567E-04  2.425E-05  0.00000E+00  0.000E+00
   9.00000E+01  2.90000E+02  3.61182E-06  1.540E-06  9.10507E-04  2.445E-05  0.00000E+00  0.000E+00
   9.00000E+01  3.10000E+02  4.92521E-06  1.798E-06  8.91791E-04  2.420E-05  0.00000E+00  0.000E+00
   9.00000E+01  3.30000E+02  2.46260E-06  1.272E-06  8.86045E-04  2.412E-05  0.00000E+00  0.000E+00
   9.00000E+01  3.50000E+02  2.46260E-06  1.272E-06  8.97373E-04  2.428E-05  0.00000E+00  0.000E+00

   9.40000E+01  1.00000E+01  1.31660E-06  9.310E-07  3.39879E-03  4.730E-05  0.00000E+00  0.000E+00
   9.40000E+01  3.00000E+01  9.87447E-07  8.062E-07  3.37691E-03  4.715E-05  0.00000E+00  0.000E+00
   9.40000E+01  5.00000E+01  1.81032E-06  1.092E-06  3.40867E-03  4.737E-05  0.00000E+00  0.000E+00
   9.40000E+01  7.00000E+01  1.48117E-06  9.874E-07  3.39534E-03  4.728E-05  0.00000E+00  0.000E+00
   9.40000E+01  9.00000E+01  6.58298E-07  6.583E-07  3.42249E-03  4.746E-05  0.00000E+00  0.000E+00
   9.40000E+01  1.10000E+02  8.22873E-07  7.360E-07  3.40587E-03  4.735E-05  0.00000E+00  0.000E+00
   9.40000E+01  1.30000E+02  8.22873E-07  7.360E-07  3.44224E-03  4.760E-05  0.00000E+00  0.000E+00
   9.40000E+01  1.50000E+02  1.64575E-06  1.041E-06  3.39188E-03  4.725E-05  0.00000E+00  0.000E+00
   9.40000E+01  1.70000E+02  1.31660E-06  9.310E-07  3.39830E-03  4.730E-05  0.00000E+00  0.000E+00
   9.40000E+01  1.90000E+02  1.15202E-06  8.708E-07  3.39517E-03  4.727E-05  0.00000E+00  0.000E+00
   9.40000E+01  2.10000E+02  9.87447E-07  8.062E-07  3.34745E-03  4.694E-05  0.00000E+00  0.000E+00
   9.40000E+01  2.30000E+02  1.81032E-06  1.092E-06  3.39665E-03  4.728E-05  0.00000E+00  0.000E+00
   9.40000E+01  2.50000E+02  1.15202E-06  8.708E-07  3.43434E-03  4.755E-05  0.00000E+00  0.000E+00
   9.40000E+01  2.70000E+02  2.13947E-06  1.187E-06  3.40505E-03  4.734E-05  0.00000E+00  0.000E+00
   9.40000E+01  2.90000E+02  1.81032E-06  1.092E-06  3.38612E-03  4.721E-05  0.00000E+00  0.000E+00
   9.40000E+01  3.10000E+02  9.87447E-07  8.062E-07  3.39567E-03  4.728E-05  0.00000E+00  0.000E+00
   9.40000E+01  3.30000E+02  1.31660E-06  9.310E-07  3.39254E-03  4.726E-05  0.00000E+00  0.000E+00
   9.40000E+01  3.50000E+02  1.81032E-06  1.092E-06  3.37361E-03  4.712E-05  0.00000E+00  0.000E+00

   9.80000E+01  1.00000E+01  4.14468E-06  1.658E-06  6.79014E-03  6.710E-05  0.00000E+00  0.000E+00
   9.80000E+01  3.00000E+01  4.14468E-06  1.658E-06  6.78782E-03  6.709E-05  0.00000E+00  0.000E+00
   9.80000E+01  5.00000E+01  5.96834E-06  1.989E-06  6.83043E-03  6.730E-05  0.00000E+00  0.000E+00
   9.80000E+01  7.00000E+01  3.48153E-06  1.519E-06  6.70940E-03  6.670E-05  0.00000E+00  0.000E+00
   9.80000E+01  9.00000E+01  4.64204E-06  1.755E-06  6.78500E-03  6.707E-05  0.00000E+00  0.000E+00
   9.80000E+01  1.10000E+02  3.97889E-06  1.624E-06  6.82894E-03  6.729E-05  0.00000E+00  0.000E+00
   9.80000E+01  1.30000E+02  3.97889E-06  1.624E-06  6.76345E-03  6.697E-05  0.00000E+00  0.000E+00
   9.80000E+01  1.50000E+02  3.48153E-06  1.519E-06  6.77671E-03  6.703E-05  0.00000E+00  0.000E+00
   9.80000E+01  1.70000E+02  2.81838E-06  1.367E-06  6.72267E-03  6.676E-05  0.00000E+00  0.000E+00
   9.80000E+01  1.90000E+02  2.98417E-06  1.407E-06  6.73510E-03  6.683E-05  0.00000E+00  0.000E+00
   9.80000E+01  2.10000E+02  3.31574E-06  1.483E-06  6.77472E-03  6.702E-05  0.00000E+00  0.000E+00
   9.80000E+01  2.30000E+02  3.64732E-06  1.555E-06  6.80888E-03  6.719E-05  0.00000E+00  0.000E+00
   9.80000E+01  2.50000E+02  3.81310E-06  1.590E-06  6.77207E-03  6.701E-05  0.00000E+00  0.000E+00
   9.80000E+01  2.70000E+02  4.97361E-06  1.816E-06  6.76726E-03  6.698E-05  0.00000E+00  0.000E+00
   9.80000E+01  2.90000E+02  3.31574E-06  1.483E-06  6.76395E-03  6.697E-05  0.00000E+00  0.000E+00
   9.80000E+01  3.10000E+02  3.81310E-06  1.590E-06  6.76693E-03  6.699E-05  0.00000E+00  0.000E+00
   9.80000E+01  3.30000E+02  6.79727E-06  2.123E-06  6.78782E-03  6.709E-05  0.00000E+00  0.000E+00
   9.80000E+01  3.50000E+02  4.80783E-06  1.786E-06  6.78135E-03  6.706E-05  0.00000E+00  0.000E+00

   1.02000E+02  1.00000E+01  6.37797E-06  2.069E-06  9.74571E-03  8.088E-05  0.00000E+00  0.000E+00
   1.02000E+02  3.00000E+01  6.37797E-06  2.069E-06  9.78012E-03  8.102E-05  0.00000E+00  0.000E+00
   1.02000E+02  5.00000E+01  8.22423E-06  2.350E-06  9.77424E-03  8.100E-05  0.00000E+00  0.000E+00
   1.02000E+02  7.00000E+01  7.04934E-06  2.175E-06  9.83584E-03  8.125E-05  0.00000E+00  0.000E+00
   1.02000E+02  9.00000E+01  8.55991E-06  2.397E-06  9.81402E-03  8.116E-05  0.00000E+00  0.000E+00
   1.02000E+02  1.10000E+02  7.21718E-06  2.201E-06  9.79220E-03  8.107E-05  0.00000E+00  0.000E+00
   1.02000E+02  1.30000E+02  6.54581E-06  2.096E-06  9.86891E-03  8.139E-05  0.00000E+00  0.000E+00
   1.02000E+02  1.50000E+02  7.04934E-06  2.175E-06  9.82544E-03  8.121E-05  0.00000E+00  0.000E+00
   1.02000E+02  1.70000E+02  8.22423E-06  2.350E-06  9.74386E-03  8.087E-05  0.00000E+00  0.000E+00
   1.02000E+02  1.90000E+02  5.53877E-06  1.928E-06  9.86790E-03  8.138E-05  0.00000E+00  0.000E+00
   1.02000E+02  2.10000E+02  9.39912E-06  2.512E-06  9.82426E-03  8.121E-05  0.00000E+00  0.000E+00
   1.02000E+02  2.30000E+02  7.21718E-06  2.201E-06  9.82460E-03  8.121E-05  0.00000E+00  0.000E+00
   1.02000E+02  2.50000E+02  4.53172E-06  1.744E-06  9.85464E-03  8.133E-05  0.00000E+00  0.000E+00
   1.02000E+02  2.70000E+02  6.37797E-06  2.069E-06  9.80026E-03  8.111E-05  1.67841E-07  3.357E-07
   1.02000E+02  2.90000E+02  6.88150E-06  2.149E-06  9.75444E-03  8.092E-05  0.00000E+00  0.000E+00
   1.02000E+02  3.10000E+02  5.70661E-06  1.957E-06  9.83937E-03  8.127E-05  0.00000E+00  0.000E+00
   1.02000E+02  3.30000E+02  6.54581E-06  2.096E-06  9.79237E-03  8.107E-05  0.00000E+00  0.000E+00
   1.02000E+02  3.50000E+02  6.71366E-06  2.123E-06  9.84759E-03  8.130E-05  0.00000E+00  0.000E+00

   1.06000E+02  1.00000E+01  8.19791E-06  2.367E-06  1.22385E-02  9.143E-05  0.00000E+00  0.000E+00
   1.06000E+02  3.00000E+01  1.11013E-05  2.754E-06  1.23177E-02  9.172E-05  0.00000E+00  0.000E+00
   1.06000E+02  5.00000E+01  8.71028E-06  2.439E-06  1.22748E-02  9.156E-05  0.00000E+00  0.000E+00
   1.06000E+02  7.00000E+01  7.85633E-06  2.317E-06  1.23575E-02  9.187E-05  0.00000E+00  0.000E+00
   1.06000E+02  9.00000E+01  1.17845E-05  2.837E-06  1.22798E-02  9.158E-05  0.00000E+00  0.000E+00
   1.06000E+02  1.10000E+02  1.02474E-05  2.646E-06  1.23917E-02  9.199E-05  0.00000E+00  0.000E+00
   1.06000E+02  1.30000E+02  9.22265E-06  2.510E-06  1.22707E-02  9.154E-05  0.00000E+00  0.000E+00
   1.06000E+02  1.50000E+02  1.17845E-05  2.837E-06  1.23589E-02  9.188E-05  0.00000E+00  0.000E+00
   1.06000E+02  1.70000E+02  8.36870E-06  2.391E-06  1.23864E-02  9.198E-05  0.00000E+00  0.000E+00
   1.06000E+02  1.90000E+02  1.14429E-05  2.796E-06  1.23826E-02  9.196E-05  0.00000E+00  0.000E+00
   1.06000E+02  2.10000E+02  1.04182E-05  2.668E-06  1.23423E-02  9.181E-05  0.00000E+00  0.000E+00
   1.06000E+02  2.30000E+02  1.21261E-05  2.878E-06  1.23290E-02  9.176E-05  0.00000E+00  0.000E+00
   1.06000E+02  2.50000E+02  1.12721E-05  2.775E-06  1.23963E-02  9.201E-05  0.00000E+00  0.000E+00
   1.06000E+02  2.70000E+02  1.17845E-05  2.837E-06  1.23720E-02  9.192E-05  0.00000E+00  0.000E+00
   1.06000E+02  2.90000E+02  1.04182E-05  2.668E-06  1.23466E-02  9.183E-05  0.00000E+00  0.000E+00
   1.06000E+02  3.10000E+02  1.00766E-05  2.624E-06  1.23565E-02  9.187E-05  0.00000E+00  0.000E+00
   1.06000E+02  3.30000E+02  9.73502E-06  2.579E-06  1.22624E-02  9.152E-05  0.00000E+00  0.000E+00
   1.06000E+02  3.50000E+02  7.00238E-06  2.187E-06  1.23870E-02  9.198E-05  0.00000E+00  0.000E+00

   1.10000E+02  1.00000E+01  1.18803E-05  2.881E-06  1.43944E-02  1.003E-04  0.00000E+00  0.000E+00
   1.10000E+02  3.00000E+01  1.53745E-05  3.278E-06  1.43999E-02  1.003E-04  0.00000E+00  0.000E+00
   1.10000E+02  5.00000E+01  1.11814E-05  2.795E-06  1.44807E-02  1.006E-04  0.00000E+00  0.000E+00
   1.10000E+02  7.00000E+01  1.57239E-05  3.315E-06  1.43779E-02  1.002E-04  0.00000E+00  0.000E+00
   1.10000E+02  9.00000E+01  1.39768E-05  3.125E-06  1.44489E-02  1.005E-04  0.00000E+00  0.000E+00
   1.10000E+02  1.10000E+02  1.24044E-05  2.944E-06  1.44952E-02  1.006E-04  1.74710E-07  3.494E-07
   1.10000E+02  1.30000E+02  1.41515E-05  3.145E-06  1.44013E-02  1.003E-04  0.00000E+00  0.000E+00
   1.10000E+02  1.50000E+02  1.57239E-05  3.315E-06  1.43355E-02  1.001E-04  0.00000E+00  0.000E+00
   1.10000E+02  1.70000E+02  1.48503E-05  3.221E-06  1.44289E-02  1.004E-04  0.00000E+00  0.000E+00
   1.10000E+02  1.90000E+02  1.29285E-05  3.006E-06  1.44918E-02  1.006E-04  0.00000E+00  0.000E+00
   1.10000E+02  2.10000E+02  1.24044E-05  2.944E-06  1.44363E-02  1.004E-04  0.00000E+00  0.000E+00
   1.10000E+02  2.30000E+02  1.11814E-05  2.795E-06  1.43129E-02  1.000E-04  0.00000E+00  0.000E+00
   1.10000E+02  2.50000E+02  1.53745E-05  3.278E-06  1.44041E-02  1.003E-04  0.00000E+00  0.000E+00
   1.10000E+02  2.70000E+02  1.62480E-05  3.370E-06  1.44422E-02  1.004E-04  0.00000E+00  0.000E+00
   1.10000E+02  2.90000E+02  1.64227E-05  3.388E-06  1.44426E-02  1.004E-04  0.00000E+00  0.000E+00
   1.10000E+02  3.10000E+02  1.29285E-05  3.006E-06  1.44478E-02  1.005E-04  0.00000E+00  0.000E+00
   1.10000E+02  3.30000E+02  1.45009E-05  3.183E-06  1.43999E-02  1.003E-04  0.00000E+00  0.000E+00
   1.10000E+02  3.50000E+02  1.46756E-05  3.202E-06  1.44122E-02  1.003E-04  0.00000E+00  0.000E+00

   1.14000E+02  1.00000E+01  1.83305E-05  3.630E-06  1.60284E-02  1.073E-04  0.00000E+00  0.000E+00
   1.14000E+02  3.00000E+01  2.03073E-05  3.821E-06  1.60828E-02  1.075E-04  0.00000E+00  0.000E+00
   1.14000E+02  5.00000E+01  1.72522E-05  3.522E-06  1.59049E-02  1.069E-04  0.00000E+00  0.000E+00
   1.14000E+02  7.00000E+01  1.77913E-05  3.576E-06  1.60410E-02  1.074E-04  0.00000E+00  0.000E+00
   1.14000E+02  9.00000E+01  2.03073E-05  3.821E-06  1.60361E-02  1.074E-04  0.00000E+00  0.000E+00
   1.14000E+02  1.10000E+02  1.88696E-05  3.683E-06  1.61184E-02  1.076E-04  0.00000E+00  0.000E+00
   1.14000E+02  1.30000E+02  1.79710E-05  3.594E-06  1.60392E-02  1.074E-04  0.00000E+00  0.000E+00
   1.14000E+02  1.50000E+02  1.90493E-05  3.700E-06  1.60747E-02  1.075E-04  0.00000E+00  0.000E+00
   1.14000E+02  1.70000E+02  1.92290E-05  3.718E-06  1.60541E-02  1.074E-04  0.00000E+00  0.000E+00
   1.14000E+02  1.90000E+02  1.56348E-05  3.352E-06  1.60940E-02  1.075E-04  0.00000E+00  0.000E+00
   1.14000E+02  2.10000E+02  1.86899E-05  3.665E-06  1.60122E-02  1.073E-04  0.00000E+00  0.000E+00
   1.14000E+02  2.30000E+02  2.04870E-05  3.838E-06  1.59773E-02  1.072E-04  0.00000E+00  0.000E+00
   1.14000E+02  2.50000E+02  1.58145E-05  3.372E-06  1.61416E-02  1.077E-04  0.00000E+00  0.000E+00
   1.14000E+02  2.70000E+02  1.50957E-05  3.294E-06  1.61364E-02  1.077E-04  0.00000E+00  0.000E+00
   1.14000E+02  2.90000E+02  1.97681E-05  3.770E-06  1.60079E-02  1.073E-04  0.00000E+00  0.000E+00
   1.14000E+02  3.10000E+02  1.83305E-05  3.630E-06  1.60273E-02  1.073E-04  0.00000E+00  0.000E+00
   1.14000E+02  3.30000E+02  1.92290E-05  3.718E-06  1.59682E-02  1.071E-04  0.00000E+00  0.000E+00
   1.14000E+02  3.50000E+02  1.85102E-05  3.648E-06  1.60117E-02  1.073E-04  0.00000E+00  0.000E+00

   1.18000E+02  1.00000E+01  2.58454E-05  4.384E-06  1.72731E-02  1.133E-04  0.00000E+00  0.000E+00
   1.18000E+02  3.00000E+01  2.45438E-05  4.273E-06  1.73306E-02  1.135E-04  0.00000E+00  0.000E+00
   1.18000E+02  5.00000E+01  2.58454E-05  4.384E-06  1.73174E-02  1.135E-04  0.00000E+00  0.000E+00
   1.18000E+02  7.00000E+01  2.19407E-05  4.040E-06  1.74265E-02  1.138E-04  0.00000E+00  0.000E+00
   1.18000E+02  9.00000E+01  2.43579E-05  4.256E-06  1.73328E-02  1.135E-04  0.00000E+00  0.000E+00
   1.18000E+02  1.10000E+02  2.38001E-05  4.207E-06  1.73956E-02  1.137E-04  0.00000E+00  0.000E+00
   1.18000E+02  1.30000E+02  2.08251E-05  3.936E-06  1.74390E-02  1.139E-04  0.00000E+00  0.000E+00
   1.18000E+02  1.50000E+02  2.19407E-05  4.040E-06  1.73586E-02  1.136E-04  0.00000E+00  0.000E+00
   1.18000E+02  1.70000E+02  2.19407E-05  4.040E-06  1.74060E-02  1.138E-04  0.00000E+00  0.000E+00
   1.18000E+02  1.90000E+02  2.10110E-05  3.953E-06  1.73432E-02  1.136E-04  0.00000E+00  0.000E+00
   1.18000E+02  2.10000E+02  1.82219E-05  3.681E-06  1.73471E-02  1.136E-04  0.00000E+00  0.000E+00
   1.18000E+02  2.30000E+02  2.17548E-05  4.022E-06  1.73101E-02  1.134E-04  0.00000E+00  0.000E+00
   1.18000E+02  2.50000E+02  2.43579E-05  4.256E-06  1.74139E-02  1.138E-04  0.00000E+00  0.000E+00
   1.18000E+02  2.70000E+02  2.34282E-05  4.174E-06  1.74581E-02  1.139E-04  0.00000E+00  0.000E+00
   1.18000E+02  2.90000E+02  2.49157E-05  4.305E-06  1.73605E-02  1.136E-04  0.00000E+00  0.000E+00
   1.18000E+02  3.10000E+02  1.71063E-05  3.567E-06  1.73495E-02  1.136E-04  0.00000E+00  0.000E+00
   1.18000E+02  3.30000E+02  2.30563E-05  4.141E-06  1.73904E-02  1.137E-04  0.00000E+00  0.000E+00
   1.18000E+02  3.50000E+02  2.13829E-05  3.988E-06  1.73674E-02  1.136E-04  0.00000E+00  0.000E+00

   1.22000E+02  1.00000E+01  3.21359E-05  4.988E-06  1.84733E-02  1.196E-04  0.00000E+00  0.000E+00
   1.22000E+02  3.00000E+01  2.49731E-05  4.398E-06  1.83738E-02  1.193E-04  0.00000E+00  0.000E+00
   1.22000E+02  5.00000E+01  2.84577E-05  4.694E-06  1.84511E-02  1.195E-04  0.00000E+00  0.000E+00
   1.22000E+02  7.00000E+01  2.55539E-05  4.448E-06  1.84884E-02  1.196E-04  0.00000E+00  0.000E+00
   1.22000E+02  9.00000E+01  2.38116E-05  4.294E-06  1.84677E-02  1.196E-04  0.00000E+00  0.000E+00
   1.22000E+02  1.10000E+02  2.32308E-05  4.241E-06  1.84280E-02  1.194E-04  0.00000E+00  0.000E+00
   1.22000E+02  1.30000E+02  2.82641E-05  4.678E-06  1.84054E-02  1.194E-04  0.00000E+00  0.000E+00
   1.22000E+02  1.50000E+02  2.53603E-05  4.431E-06  1.83754E-02  1.193E-04  0.00000E+00  0.000E+00
   1.22000E+02  1.70000E+02  2.94257E-05  4.773E-06  1.84106E-02  1.194E-04  0.00000E+00  0.000E+00
   1.22000E+02  1.90000E+02  2.98129E-05  4.805E-06  1.84578E-02  1.195E-04  0.00000E+00  0.000E+00
   1.22000E+02  2.10000E+02  2.61347E-05  4.499E-06  1.83415E-02  1.192E-04  1.93590E-07  3.872E-07
   1.22000E+02  2.30000E+02  2.72962E-05  4.598E-06  1.84195E-02  1.194E-04  0.00000E+00  0.000E+00
   1.22000E+02  2.50000E+02  2.41988E-05  4.329E-06  1.83705E-02  1.193E-04  0.00000E+00  0.000E+00
   1.22000E+02  2.70000E+02  2.67154E-05  4.548E-06  1.84538E-02  1.195E-04  0.00000E+00  0.000E+00
   1.22000E+02  2.90000E+02  3.05872E-05  4.867E-06  1.84898E-02  1.196E-04  0.00000E+00  0.000E+00
   1.22000E+02  3.10000E+02  2.41988E-05  4.329E-06  1.83785E-02  1.193E-04  0.00000E+00  0.000E+00
   1.22000E+02  3.30000E+02  2.51667E-05  4.415E-06  1.82952E-02  1.190E-04  0.00000E+00  0.000E+00
   1.22000E+02  3.50000E+02  2.63282E-05  4.515E-06  1.84367E-02  1.195E-04  0.00000E+00  0.000E+00

   1.26000E+02  1.00000E+01  3.12512E-05  5.037E-06  1.91434E-02  1.246E-04  2.02930E-07  4.059E-07
   1.26000E+02  3.00000E+01  3.16570E-05  5.069E-06  1.92921E-02  1.251E-04  0.00000E+00  0.000E+00
   1.26000E+02  5.00000E+01  3.20629E-05  5.102E-06  1.91064E-02  1.245E-04  0.00000E+00  0.000E+00
   1.26000E+02  7.00000E+01  2.94248E-05  4.887E-06  1.91692E-02  1.247E-04  0.00000E+00  0.000E+00
   1.26000E+02  9.00000E+01  3.06424E-05  4.987E-06  1.92166E-02  1.249E-04  0.00000E+00  0.000E+00
   1.26000E+02  1.10000E+02  3.20629E-05  5.102E-06  1.90545E-02  1.243E-04  0.00000E+00  0.000E+00
   1.26000E+02  1.30000E+02  3.30776E-05  5.182E-06  1.92116E-02  1.249E-04  0.00000E+00  0.000E+00
   1.26000E+02  1.50000E+02  3.24688E-05  5.134E-06  1.92499E-02  1.250E-04  0.00000E+00  0.000E+00
   1.26000E+02  1.70000E+02  2.98307E-05  4.921E-06  1.92440E-02  1.250E-04  0.00000E+00  0.000E+00
   1.26000E+02  1.90000E+02  2.92219E-05  4.870E-06  1.92816E-02  1.251E-04  0.00000E+00  0.000E+00
   1.26000E+02  2.10000E+02  2.75985E-05  4.733E-06  1.92678E-02  1.250E-04  0.00000E+00  0.000E+00
   1.26000E+02  2.30000E+02  2.75985E-05  4.733E-06  1.91769E-02  1.247E-04  0.00000E+00  0.000E+00
   1.26000E+02  2.50000E+02  2.65838E-05  4.645E-06  1.91925E-02  1.248E-04  0.00000E+00  0.000E+00
   1.26000E+02  2.70000E+02  3.06424E-05  4.987E-06  1.92418E-02  1.250E-04  0.00000E+00  0.000E+00
   1.26000E+02  2.90000E+02  2.90190E-05  4.853E-06  1.92517E-02  1.250E-04  0.00000E+00  0.000E+00
   1.26000E+02  3.10000E+02  3.47010E-05  5.307E-06  1.92195E-02  1.249E-04  0.00000E+00  0.000E+00
   1.26000E+02  3.30000E+02  2.80043E-05  4.768E-06  1.93017E-02  1.252E-04  0.00000E+00  0.000E+00
   1.26000E+02  3.50000E+02  2.78014E-05  4.750E-06  1.92422E-02  1.250E-04  2.02930E-07  4.059E-07

   1.30000E+02  1.00000E+01  3.47188E-05  5.456E-06  1.97093E-02  1.300E-04  0.00000E+00  0.000E+00
   1.30000E+02  3.00000E+01  3.83621E-05  5.735E-06  1.98467E-02  1.304E-04  0.00000E+00  0.000E+00
   1.30000E+02  5.00000E+01  3.64333E-05  5.589E-06  1.97535E-02  1.301E-04  0.00000E+00  0.000E+00
   1.30000E+02  7.00000E+01  4.15768E-05  5.970E-06  1.99425E-02  1.307E-04  0.00000E+00  0.000E+00
   1.30000E+02  9.00000E+01  3.68619E-05  5.621E-06  2.00201E-02  1.310E-04  0.00000E+00  0.000E+00
   1.30000E+02  1.10000E+02  3.12898E-05  5.179E-06  1.98913E-02  1.306E-04  0.00000E+00  0.000E+00
   1.30000E+02  1.30000E+02  3.34329E-05  5.354E-06  1.98139E-02  1.303E-04  0.00000E+00  0.000E+00
   1.30000E+02  1.50000E+02  3.77192E-05  5.686E-06  1.98669E-02  1.305E-04  0.00000E+00  0.000E+00
   1.30000E+02  1.70000E+02  3.68619E-05  5.621E-06  1.98936E-02  1.306E-04  0.00000E+00  0.000E+00
   1.30000E+02  1.90000E+02  4.02909E-05  5.877E-06  1.99222E-02  1.307E-04  0.00000E+00  0.000E+00
   1.30000E+02  2.10000E+02  3.04325E-05  5.108E-06  1.99642E-02  1.308E-04  0.00000E+00  0.000E+00
   1.30000E+02  2.30000E+02  3.32186E-05  5.336E-06  1.97794E-02  1.302E-04  0.00000E+00  0.000E+00
   1.30000E+02  2.50000E+02  3.40758E-05  5.405E-06  1.98336E-02  1.304E-04  0.00000E+00  0.000E+00
   1.30000E+02  2.70000E+02  3.62190E-05  5.572E-06  1.97981E-02  1.303E-04  0.00000E+00  0.000E+00
   1.30000E+02  2.90000E+02  3.87907E-05  5.767E-06  1.99618E-02  1.308E-04  0.00000E+00  0.000E+00
   1.30000E+02  3.10000E+02  3.38615E-05  5.388E-06  1.99084E-02  1.306E-04  0.00000E+00  0.000E+00
   1.30000E+02  3.30000E+02  3.40758E-05  5.405E-06  1.98611E-02  1.305E-04  0.00000E+00  0.000E+00
   1.30000E+02  3.50000E+02  3.85764E-05  5.751E-06  1.98448E-02  1.304E-04  0.00000E+00  0.000E+00

   1.34000E+02  1.00000E+01  3.72012E-05  5.828E-06  2.04196E-02  1.365E-04  0.00000E+00  0.000E+00
   1.34000E+02  3.00000E+01  3.78859E-05  5.881E-06  2.04004E-02  1.365E-04  0.00000E+00  0.000E+00
   1.34000E+02  5.00000E+01  3.92553E-05  5.986E-06  2.03723E-02  1.364E-04  0.00000E+00  0.000E+00
   1.34000E+02  7.00000E+01  4.10811E-05  6.124E-06  2.04677E-02  1.367E-04  0.00000E+00  0.000E+00
   1.34000E+02  9.00000E+01  4.17658E-05  6.175E-06  2.04449E-02  1.366E-04  0.00000E+00  0.000E+00
   1.34000E+02  1.10000E+02  3.81141E-05  5.899E-06  2.05305E-02  1.369E-04  0.00000E+00  0.000E+00
   1.34000E+02  1.30000E+02  3.83423E-05  5.916E-06  2.04470E-02  1.366E-04  0.00000E+00  0.000E+00
   1.34000E+02  1.50000E+02  4.06246E-05  6.090E-06  2.02806E-02  1.361E-04  0.00000E+00  0.000E+00
   1.34000E+02  1.70000E+02  3.74294E-05  5.845E-06  2.03340E-02  1.362E-04  0.00000E+00  0.000E+00
   1.34000E+02  1.90000E+02  3.76577E-05  5.863E-06  2.04175E-02  1.365E-04  0.00000E+00  0.000E+00
   1.34000E+02  2.10000E+02  4.22222E-05  6.208E-06  2.04157E-02  1.365E-04  0.00000E+00  0.000E+00
   1.34000E+02  2.30000E+02  3.69730E-05  5.810E-06  2.05369E-02  1.369E-04  0.00000E+00  0.000E+00
   1.34000E+02  2.50000E+02  4.13093E-05  6.141E-06  2.04257E-02  1.365E-04  0.00000E+00  0.000E+00
   1.34000E+02  2.70000E+02  4.40481E-05  6.341E-06  2.04203E-02  1.365E-04  0.00000E+00  0.000E+00
   1.34000E+02  2.90000E+02  4.08529E-05  6.107E-06  2.04954E-02  1.368E-04  0.00000E+00  0.000E+00
   1.34000E+02  3.10000E+02  3.74294E-05  5.845E-06  2.06245E-02  1.372E-04  0.00000E+00  0.000E+00
   1.34000E+02  3.30000E+02  3.97117E-05  6.021E-06  2.03575E-02  1.363E-04  0.00000E+00  0.000E+00
   1.34000E+02  3.50000E+02  3.87988E-05  5.951E-06  2.05832E-02  1.371E-04  0.00000E+00  0.000E+00

   1.38000E+02  1.00000E+01  4.39183E-05  6.565E-06  2.07236E-02  1.426E-04  0.00000E+00  0.000E+00
   1.38000E+02  3.00000E+01  4.24462E-05  6.454E-06  2.08008E-02  1.429E-04  0.00000E+00  0.000E+00
   1.38000E+02  5.00000E+01  4.17101E-05  6.398E-06  2.07530E-02  1.427E-04  0.00000E+00  0.000E+00
   1.38000E+02  7.00000E+01  3.72938E-05  6.050E-06  2.09657E-02  1.434E-04  0.00000E+00  0.000E+00
   1.38000E+02  9.00000E+01  3.90112E-05  6.188E-06  2.06411E-02  1.423E-04  0.00000E+00  0.000E+00
   1.38000E+02  1.10000E+02  3.99926E-05  6.265E-06  2.07687E-02  1.428E-04  0.00000E+00  0.000E+00
   1.38000E+02  1.30000E+02  4.39183E-05  6.565E-06  2.07802E-02  1.428E-04  0.00000E+00  0.000E+00
   1.38000E+02  1.50000E+02  4.17101E-05  6.398E-06  2.08013E-02  1.429E-04  0.00000E+00  0.000E+00
   1.38000E+02  1.70000E+02  4.31822E-05  6.510E-06  2.09392E-02  1.433E-04  0.00000E+00  0.000E+00
   1.38000E+02  1.90000E+02  3.95019E-05  6.226E-06  2.06877E-02  1.425E-04  0.00000E+00  0.000E+00
   1.38000E+02  2.10000E+02  4.12194E-05  6.360E-06  2.08443E-02  1.430E-04  0.00000E+00  0.000E+00
   1.38000E+02  2.30000E+02  3.87659E-05  6.168E-06  2.08443E-02  1.430E-04  0.00000E+00  0.000E+00
   1.38000E+02  2.50000E+02  4.14648E-05  6.379E-06  2.07726E-02  1.428E-04  0.00000E+00  0.000E+00
   1.38000E+02  2.70000E+02  4.48997E-05  6.638E-06  2.07255E-02  1.426E-04  0.00000E+00  0.000E+00
   1.38000E+02  2.90000E+02  4.26915E-05  6.473E-06  2.07827E-02  1.428E-04  0.00000E+00  0.000E+00
   1.38000E+02  3.10000E+02  4.04834E-05  6.303E-06  2.06870E-02  1.425E-04  0.00000E+00  0.000E+00
   1.38000E+02  3.30000E+02  4.09741E-05  6.341E-06  2.08234E-02  1.429E-04  0.00000E+00  0.000E+00
   1.38000E+02  3.50000E+02  4.04834E-05  6.303E-06  2.07542E-02  1.427E-04  0.00000E+00  0.000E+00

   1.42000E+02  1.00000E+01  5.01325E-05  7.313E-06  2.11868E-02  1.503E-04  0.00000E+00  0.000E+00
   1.42000E+02  3.00000E+01  4.79992E-05  7.155E-06  2.10418E-02  1.498E-04  0.00000E+00  0.000E+00
   1.42000E+02  5.00000E+01  4.58659E-05  6.994E-06  2.12380E-02  1.505E-04  0.00000E+00  0.000E+00
   1.42000E+02  7.00000E+01  4.61326E-05  7.015E-06  2.11559E-02  1.502E-04  0.00000E+00  0.000E+00
   1.42000E+02  9.00000E+01  4.37326E-05  6.830E-06  2.11044E-02  1.500E-04  0.00000E+00  0.000E+00
   1.42000E+02  1.10000E+02  4.95992E-05  7.274E-06  2.11732E-02  1.503E-04  0.00000E+00  0.000E+00
   1.42000E+02  1.30000E+02  4.31993E-05  6.788E-06  2.12748E-02  1.506E-04  0.00000E+00  0.000E+00
   1.42000E+02  1.50000E+02  4.79992E-05  7.155E-06  2.11079E-02  1.500E-04  0.00000E+00  0.000E+00
   1.42000E+02  1.70000E+02  4.58659E-05  6.994E-06  2.11183E-02  1.501E-04  0.00000E+00  0.000E+00
   1.42000E+02  1.90000E+02  4.71992E-05  7.095E-06  2.11607E-02  1.502E-04  2.66662E-07  5.333E-07
   1.42000E+02  2.10000E+02  4.45326E-05  6.892E-06  2.10890E-02  1.500E-04  0.00000E+00  0.000E+00
   1.42000E+02  2.30000E+02  4.37326E-05  6.830E-06  2.11194E-02  1.501E-04  0.00000E+00  0.000E+00
   1.42000E+02  2.50000E+02  4.10660E-05  6.618E-06  2.11319E-02  1.501E-04  0.00000E+00  0.000E+00
   1.42000E+02  2.70000E+02  3.97327E-05  6.510E-06  2.10204E-02  1.497E-04  0.00000E+00  0.000E+00
   1.42000E+02  2.90000E+02  4.95992E-05  7.274E-06  2.11828E-02  1.503E-04  0.00000E+00  0.000E+00
   1.42000E+02  3.10000E+02  4.45326E-05  6.892E-06  2.11532E-02  1.502E-04  0.00000E+00  0.000E+00
   1.42000E+02  3.30000E+02  4.61326E-05  7.015E-06  2.11375E-02  1.501E-04  0.00000E+00  0.000E+00
   1.42000E+02  3.50000E+02  4.45326E-05  6.892E-06  2.10922E-02  1.500E-04  0.00000E+00  0.000E+00

   1.46000E+02  1.00000E+01  5.34334E-05  7.921E-06  2.12756E-02  1.580E-04  0.00000E+00  0.000E+00
   1.46000E+02  3.00000E+01  4.60937E-05  7.357E-06  2.13320E-02  1.583E-04  0.00000E+00  0.000E+00
   1.46000E+02  5.00000E+01  5.07911E-05  7.723E-06  2.13931E-02  1.585E-04  0.00000E+00  0.000E+00
   1.46000E+02  7.00000E+01  5.40206E-05  7.965E-06  2.12380E-02  1.579E-04  0.00000E+00  0.000E+00
   1.46000E+02  9.00000E+01  5.49014E-05  8.030E-06  2.14183E-02  1.586E-04  0.00000E+00  0.000E+00
   1.46000E+02  1.10000E+02  4.72681E-05  7.450E-06  2.13663E-02  1.584E-04  0.00000E+00  0.000E+00
   1.46000E+02  1.30000E+02  5.13783E-05  7.768E-06  2.15284E-02  1.590E-04  0.00000E+00  0.000E+00
   1.46000E+02  1.50000E+02  5.16719E-05  7.790E-06  2.15219E-02  1.590E-04  0.00000E+00  0.000E+00
   1.46000E+02  1.70000E+02  5.02040E-05  7.678E-06  2.14233E-02  1.586E-04  0.00000E+00  0.000E+00
   1.46000E+02  1.90000E+02  4.58001E-05  7.334E-06  2.13167E-02  1.582E-04  0.00000E+00  0.000E+00
   1.46000E+02  2.10000E+02  4.69745E-05  7.427E-06  2.12330E-02  1.579E-04  0.00000E+00  0.000E+00
   1.46000E+02  2.30000E+02  4.46257E-05  7.239E-06  2.15225E-02  1.590E-04  0.00000E+00  0.000E+00
   1.46000E+02  2.50000E+02  4.75616E-05  7.474E-06  2.13687E-02  1.584E-04  0.00000E+00  0.000E+00
   1.46000E+02  2.70000E+02  4.22770E-05  7.046E-06  2.15216E-02  1.590E-04  2.93590E-07  5.872E-07
   1.46000E+02  2.90000E+02  5.07911E-05  7.723E-06  2.15410E-02  1.590E-04  0.00000E+00  0.000E+00
   1.46000E+02  3.10000E+02  4.99104E-05  7.656E-06  2.14430E-02  1.587E-04  0.00000E+00  0.000E+00
   1.46000E+02  3.30000E+02  5.40206E-05  7.965E-06  2.13754E-02  1.584E-04  2.93590E-07  5.872E-07
   1.46000E+02  3.50000E+02  5.13783E-05  7.768E-06  2.12201E-02  1.578E-04  0.00000E+00  0.000E+00

   1.50000E+02  1.00000E+01  5.64757E-05  8.612E-06  2.15445E-02  1.682E-04  0.00000E+00  0.000E+00
   1.50000E+02  3.00000E+01  5.08938E-05  8.176E-06  2.14650E-02  1.679E-04  0.00000E+00  0.000E+00
   1.50000E+02  5.00000E+01  4.85954E-05  7.989E-06  2.15872E-02  1.684E-04  0.00000E+00  0.000E+00
   1.50000E+02  7.00000E+01  5.41773E-05  8.435E-06  2.14010E-02  1.676E-04  0.00000E+00  0.000E+00
   1.50000E+02  9.00000E+01  4.92521E-05  8.043E-06  2.16003E-02  1.684E-04  0.00000E+00  0.000E+00
   1.50000E+02  1.10000E+02  5.71324E-05  8.662E-06  2.16660E-02  1.687E-04  0.00000E+00  0.000E+00
   1.50000E+02  1.30000E+02  5.38490E-05  8.410E-06  2.15432E-02  1.682E-04  0.00000E+00  0.000E+00
   1.50000E+02  1.50000E+02  5.18789E-05  8.255E-06  2.16581E-02  1.686E-04  0.00000E+00  0.000E+00
   1.50000E+02  1.70000E+02  6.17293E-05  9.004E-06  2.16578E-02  1.686E-04  0.00000E+00  0.000E+00
   1.50000E+02  1.90000E+02  4.69537E-05  7.853E-06  2.15826E-02  1.683E-04  0.00000E+00  0.000E+00
   1.50000E+02  2.10000E+02  5.35206E-05  8.384E-06  2.14733E-02  1.679E-04  0.00000E+00  0.000E+00
   1.50000E+02  2.30000E+02  5.28639E-05  8.333E-06  2.15248E-02  1.681E-04  0.00000E+00  0.000E+00
   1.50000E+02  2.50000E+02  5.41773E-05  8.435E-06  2.14516E-02  1.678E-04  0.00000E+00  0.000E+00
   1.50000E+02  2.70000E+02  5.08938E-05  8.176E-06  2.16154E-02  1.685E-04  0.00000E+00  0.000E+00
   1.50000E+02  2.90000E+02  4.66253E-05  7.825E-06  2.14637E-02  1.679E-04  0.00000E+00  0.000E+00
   1.50000E+02  3.10000E+02  5.41773E-05  8.435E-06  2.15435E-02  1.682E-04  3.28347E-07  6.567E-07
   1.50000E+02  3.30000E+02  5.84458E-05  8.761E-06  2.17159E-02  1.689E-04  0.00000E+00  0.000E+00
   1.50000E+02  3.50000E+02  5.35206E-05  8.384E-06  2.16325E-02  1.685E-04  0.00000E+00  0.000E+00

   1.54000E+02  1.00000E+01  5.84233E-05  9.355E-06  2.17784E-02  1.806E-04  0.00000E+00  0.000E+00
   1.54000E+02  3.00000E+01  5.24312E-05  8.862E-06  2.17455E-02  1.805E-04  0.00000E+00  0.000E+00
   1.54000E+02  5.00000E+01  5.65508E-05  9.204E-06  2.16870E-02  1.802E-04  0.00000E+00  0.000E+00
   1.54000E+02  7.00000E+01  6.06704E-05  9.533E-06  2.17447E-02  1.805E-04  0.00000E+00  0.000E+00
   1.54000E+02  9.00000E+01  6.29174E-05  9.708E-06  2.16192E-02  1.799E-04  0.00000E+00  0.000E+00
   1.54000E+02  1.10000E+02  5.39292E-05  8.988E-06  2.16829E-02  1.802E-04  0.00000E+00  0.000E+00
   1.54000E+02  1.30000E+02  5.69253E-05  9.234E-06  2.17840E-02  1.806E-04  0.00000E+00  0.000E+00
   1.54000E+02  1.50000E+02  5.76743E-05  9.295E-06  2.16702E-02  1.802E-04  0.00000E+00  0.000E+00
   1.54000E+02  1.70000E+02  5.01841E-05  8.670E-06  2.16402E-02  1.800E-04  0.00000E+00  0.000E+00
   1.54000E+02  1.90000E+02  5.01841E-05  8.670E-06  2.16537E-02  1.801E-04  0.00000E+00  0.000E+00
   1.54000E+02  2.10000E+02  5.39292E-05  8.988E-06  2.17125E-02  1.803E-04  0.00000E+00  0.000E+00
   1.54000E+02  2.30000E+02  5.80488E-05  9.325E-06  2.17413E-02  1.805E-04  0.00000E+00  0.000E+00
   1.54000E+02  2.50000E+02  5.16822E-05  8.799E-06  2.15829E-02  1.798E-04  0.00000E+00  0.000E+00
   1.54000E+02  2.70000E+02  5.69253E-05  9.234E-06  2.15728E-02  1.797E-04  0.00000E+00  0.000E+00
   1.54000E+02  2.90000E+02  5.35547E-05  8.957E-06  2.17301E-02  1.804E-04  0.00000E+00  0.000E+00
   1.54000E+02  3.10000E+02  5.09331E-05  8.735E-06  2.17125E-02  1.803E-04  0.00000E+00  0.000E+00
   1.54000E+02  3.30000E+02  5.24312E-05  8.862E-06  2.15990E-02  1.799E-04  0.00000E+00  0.000E+00
   1.54000E+02  3.50000E+02  6.17939E-05  9.621E-06  2.17230E-02  1.804E-04  0.00000E+00  0.000E+00

   1.58000E+02  1.00000E+01  6.13559E-05  1.037E-05  2.19067E-02  1.959E-04  0.00000E+00  0.000E+00
   1.58000E+02  3.00000E+01  6.13559E-05  1.037E-05  2.17783E-02  1.954E-04  0.00000E+00  0.000E+00
   1.58000E+02  5.00000E+01  6.31089E-05  1.052E-05  2.17033E-02  1.950E-04  0.00000E+00  0.000E+00
   1.58000E+02  7.00000E+01  5.56585E-05  9.878E-06  2.16591E-02  1.948E-04  0.00000E+00  0.000E+00
   1.58000E+02  9.00000E+01  5.69733E-05  9.994E-06  2.17594E-02  1.953E-04  0.00000E+00  0.000E+00
   1.58000E+02  1.10000E+02  4.77699E-05  9.151E-06  2.18032E-02  1.955E-04  0.00000E+00  0.000E+00
   1.58000E+02  1.30000E+02  6.04794E-05  1.030E-05  2.20206E-02  1.965E-04  4.38256E-07  8.765E-07
   1.58000E+02  1.50000E+02  4.68934E-05  9.067E-06  2.19566E-02  1.962E-04  0.00000E+00  0.000E+00
   1.58000E+02  1.70000E+02  4.29491E-05  8.677E-06  2.18664E-02  1.958E-04  0.00000E+00  0.000E+00
   1.58000E+02  1.90000E+02  5.60968E-05  9.917E-06  2.18151E-02  1.955E-04  0.00000E+00  0.000E+00
   1.58000E+02  2.10000E+02  5.69733E-05  9.994E-06  2.18173E-02  1.956E-04  0.00000E+00  0.000E+00
   1.58000E+02  2.30000E+02  5.03995E-05  9.400E-06  2.18287E-02  1.956E-04  0.00000E+00  0.000E+00
   1.58000E+02  2.50000E+02  5.47820E-05  9.800E-06  2.19150E-02  1.960E-04  0.00000E+00  0.000E+00
   1.58000E+02  2.70000E+02  6.39854E-05  1.059E-05  2.18120E-02  1.955E-04  0.00000E+00  0.000E+00
   1.58000E+02  2.90000E+02  5.78498E-05  1.007E-05  2.18598E-02  1.957E-04  0.00000E+00  0.000E+00
   1.58000E+02  3.10000E+02  6.35471E-05  1.055E-05  2.16678E-02  1.949E-04  0.00000E+00  0.000E+00
   1.58000E+02  3.30000E+02  5.60968E-05  9.917E-06  2.19181E-02  1.960E-04  0.00000E+00  0.000E+00
   1.58000E+02  3.50000E+02  6.31089E-05  1.052E-05  2.16884E-02  1.950E-04  0.00000E+00  0.000E+00

   1.62000E+02  1.00000E+01  5.47215E-05  1.078E-05  2.20087E-02  2.163E-04  0.00000E+00  0.000E+00
   1.62000E+02  3.00000E+01  6.42845E-05  1.169E-05  2.18886E-02  2.157E-04  0.00000E+00  0.000E+00
   1.62000E+02  5.00000E+01  7.11911E-05  1.230E-05  2.19556E-02  2.160E-04  0.00000E+00  0.000E+00
   1.62000E+02  7.00000E+01  5.31277E-05  1.063E-05  2.19694E-02  2.161E-04  0.00000E+00  0.000E+00
   1.62000E+02  9.00000E+01  5.68467E-05  1.099E-05  2.18201E-02  2.153E-04  0.00000E+00  0.000E+00
   1.62000E+02  1.10000E+02  6.21594E-05  1.149E-05  2.18695E-02  2.156E-04  0.00000E+00  0.000E+00
   1.62000E+02  1.30000E+02  5.57841E-05  1.089E-05  2.18344E-02  2.154E-04  0.00000E+00  0.000E+00
   1.62000E+02  1.50000E+02  4.78149E-05  1.008E-05  2.20018E-02  2.162E-04  0.00000E+00  0.000E+00
   1.62000E+02  1.70000E+02  5.68467E-05  1.099E-05  2.17553E-02  2.150E-04  0.00000E+00  0.000E+00
   1.62000E+02  1.90000E+02  6.48158E-05  1.174E-05  2.17090E-02  2.148E-04  0.00000E+00  0.000E+00
   1.62000E+02  2.10000E+02  5.68467E-05  1.099E-05  2.18998E-02  2.157E-04  0.00000E+00  0.000E+00
   1.62000E+02  2.30000E+02  6.10969E-05  1.139E-05  2.19593E-02  2.160E-04  0.00000E+00  0.000E+00
   1.62000E+02  2.50000E+02  5.57841E-05  1.089E-05  2.18153E-02  2.153E-04  5.31277E-07  1.063E-06
   1.62000E+02  2.70000E+02  5.95030E-05  1.125E-05  2.19231E-02  2.158E-04  0.00000E+00  0.000E+00
   1.62000E+02  2.90000E+02  4.67524E-05  9.968E-06  2.19912E-02  2.162E-04  0.00000E+00  0.000E+00
   1.62000E+02  3.10000E+02  5.25964E-05  1.057E-05  2.17452E-02  2.149E-04  0.00000E+00  0.000E+00
   1.62000E+02  3.30000E+02  5.41903E-05  1.073E-05  2.20172E-02  2.163E-04  0.00000E+00  0.000E+00
   1.62000E+02  3.50000E+02  5.10026E-05  1.041E-05  2.19641E-02  2.160E-04  0.00000E+00  0.000E+00

   1.66000E+02  1.00000E+01  5.49684E-05  1.222E-05  2.19066E-02  2.438E-04  0.00000E+00  0.000E+00
   1.66000E+02  3.00000E+01  5.15753E-05  1.183E-05  2.18571E-02  2.436E-04  0.00000E+00  0.000E+00
   1.66000E+02  5.00000E+01  6.85409E-05  1.364E-05  2.18958E-02  2.438E-04  0.00000E+00  0.000E+00
   1.66000E+02  7.00000E+01  6.44691E-05  1.323E-05  2.16813E-02  2.426E-04  0.00000E+00  0.000E+00
   1.66000E+02  9.00000E+01  5.56470E-05  1.229E-05  2.19772E-02  2.442E-04  0.00000E+00  0.000E+00
   1.66000E+02  1.10000E+02  5.97188E-05  1.273E-05  2.19148E-02  2.439E-04  0.00000E+00  0.000E+00
   1.66000E+02  1.30000E+02  6.58264E-05  1.337E-05  2.19745E-02  2.442E-04  0.00000E+00  0.000E+00
   1.66000E+02  1.50000E+02  6.10760E-05  1.288E-05  2.19921E-02  2.443E-04  0.00000E+00  0.000E+00
   1.66000E+02  1.70000E+02  5.83615E-05  1.259E-05  2.21801E-02  2.454E-04  0.00000E+00  0.000E+00
   1.66000E+02  1.90000E+02  6.31119E-05  1.309E-05  2.19487E-02  2.441E-04  0.00000E+00  0.000E+00
   1.66000E+02  2.10000E+02  5.49684E-05  1.222E-05  2.18021E-02  2.433E-04  0.00000E+00  0.000E+00
   1.66000E+02  2.30000E+02  4.95394E-05  1.160E-05  2.16854E-02  2.426E-04  0.00000E+00  0.000E+00
   1.66000E+02  2.50000E+02  7.26126E-05  1.404E-05  2.18632E-02  2.436E-04  0.00000E+00  0.000E+00
   1.66000E+02  2.70000E+02  5.29326E-05  1.199E-05  2.17383E-02  2.429E-04  0.00000E+00  0.000E+00
   1.66000E+02  2.90000E+02  7.73630E-05  1.449E-05  2.19534E-02  2.441E-04  0.00000E+00  0.000E+00
   1.66000E+02  3.10000E+02  5.76829E-05  1.251E-05  2.20518E-02  2.446E-04  0.00000E+00  0.000E+00
   1.66000E+02  3.30000E+02  5.56470E-05  1.229E-05  2.21197E-02  2.450E-04  0.00000E+00  0.000E+00
   1.66000E+02  3.50000E+02  6.17547E-05  1.295E-05  2.18876E-02  2.437E-04  0.00000E+00  0.000E+00

   1.70000E+02  1.00000E+01  4.91628E-05  1.364E-05  2.19332E-02  2.880E-04  0.00000E+00  0.000E+00
   1.70000E+02  3.00000E+01  5.48354E-05  1.440E-05  2.21592E-02  2.895E-04  0.00000E+00  0.000E+00
   1.70000E+02  5.00000E+01  6.52352E-05  1.571E-05  2.21989E-02  2.897E-04  0.00000E+00  0.000E+00
   1.70000E+02  7.00000E+01  6.05081E-05  1.513E-05  2.20968E-02  2.891E-04  0.00000E+00  0.000E+00
   1.70000E+02  9.00000E+01  6.23989E-05  1.536E-05  2.19928E-02  2.884E-04  0.00000E+00  0.000E+00
   1.70000E+02  1.10000E+02  5.57809E-05  1.452E-05  2.19294E-02  2.880E-04  0.00000E+00  0.000E+00
   1.70000E+02  1.30000E+02  7.27988E-05  1.659E-05  2.20845E-02  2.890E-04  0.00000E+00  0.000E+00
   1.70000E+02  1.50000E+02  5.38900E-05  1.428E-05  2.21147E-02  2.892E-04  0.00000E+00  0.000E+00
   1.70000E+02  1.70000E+02  5.57809E-05  1.452E-05  2.21469E-02  2.894E-04  0.00000E+00  0.000E+00
   1.70000E+02  1.90000E+02  5.57809E-05  1.452E-05  2.20259E-02  2.886E-04  0.00000E+00  0.000E+00
   1.70000E+02  2.10000E+02  5.95626E-05  1.501E-05  2.18822E-02  2.877E-04  0.00000E+00  0.000E+00
   1.70000E+02  2.30000E+02  5.76717E-05  1.477E-05  2.18595E-02  2.875E-04  0.00000E+00  0.000E+00
   1.70000E+02  2.50000E+02  6.61807E-05  1.582E-05  2.18623E-02  2.875E-04  0.00000E+00  0.000E+00
   1.70000E+02  2.70000E+02  5.86172E-05  1.489E-05  2.20561E-02  2.888E-04  0.00000E+00  0.000E+00
   1.70000E+02  2.90000E+02  6.52352E-05  1.571E-05  2.18756E-02  2.876E-04  0.00000E+00  0.000E+00
   1.70000E+02  3.10000E+02  5.67263E-05  1.465E-05  2.17375E-02  2.867E-04  0.00000E+00  0.000E+00
   1.70000E+02  3.30000E+02  5.19991E-05  1.402E-05  2.18935E-02  2.877E-04  0.00000E+00  0.000E+00
   1.70000E+02  3.50000E+02  6.52352E-05  1.571E-05  2.18472E-02  2.874E-04  0.00000E+00  0.000E+00

   1.74000E+02  1.00000E+01  5.49714E-05  1.858E-05  2.18299E-02  3.703E-04  0.00000E+00  0.000E+00
   1.74000E+02  3.00000E+01  5.96833E-05  1.936E-05  2.19132E-02  3.710E-04  0.00000E+00  0.000E+00
   1.74000E+02  5.00000E+01  6.75363E-05  2.060E-05  2.19006E-02  3.709E-04  0.00000E+00  0.000E+00
   1.74000E+02  7.00000E+01  7.22482E-05  2.130E-05  2.21346E-02  3.729E-04  0.00000E+00  0.000E+00
   1.74000E+02  9.00000E+01  7.38188E-05  2.154E-05  2.21095E-02  3.727E-04  0.00000E+00  0.000E+00
   1.74000E+02  1.10000E+02  7.22482E-05  2.130E-05  2.19666E-02  3.715E-04  0.00000E+00  0.000E+00
   1.74000E+02  1.30000E+02  6.59657E-05  2.036E-05  2.17593E-02  3.697E-04  0.00000E+00  0.000E+00
   1.74000E+02  1.50000E+02  6.91069E-05  2.084E-05  2.21598E-02  3.731E-04  0.00000E+00  0.000E+00
   1.74000E+02  1.70000E+02  4.86890E-05  1.749E-05  2.20797E-02  3.724E-04  0.00000E+00  0.000E+00
   1.74000E+02  1.90000E+02  6.28245E-05  1.987E-05  2.21362E-02  3.729E-04  0.00000E+00  0.000E+00
   1.74000E+02  2.10000E+02  6.12539E-05  1.962E-05  2.20577E-02  3.722E-04  0.00000E+00  0.000E+00
   1.74000E+02  2.30000E+02  6.91069E-05  2.084E-05  2.21613E-02  3.731E-04  0.00000E+00  0.000E+00
   1.74000E+02  2.50000E+02  7.69600E-05  2.199E-05  2.16949E-02  3.692E-04  0.00000E+00  0.000E+00
   1.74000E+02  2.70000E+02  5.18302E-05  1.804E-05  2.22587E-02  3.739E-04  0.00000E+00  0.000E+00
   1.74000E+02  2.90000E+02  5.96833E-05  1.936E-05  2.21629E-02  3.731E-04  0.00000E+00  0.000E+00
   1.74000E+02  3.10000E+02  5.65420E-05  1.885E-05  2.21158E-02  3.727E-04  0.00000E+00  0.000E+00
   1.74000E+02  3.30000E+02  5.65420E-05  1.885E-05  2.22085E-02  3.735E-04  0.00000E+00  0.000E+00
   1.74000E+02  3.50000E+02  6.43951E-05  2.011E-05  2.22006E-02  3.735E-04  0.00000E+00  0.000E+00

   1.78000E+02  1.00000E+01  5.17460E-05  3.120E-05  2.17851E-02  6.402E-04  0.00000E+00  0.000E+00
   1.78000E+02  3.00000E+01  6.58586E-05  3.520E-05  2.15122E-02  6.362E-04  4.70418E-06  9.408E-06
   1.78000E+02  5.00000E+01  6.58586E-05  3.520E-05  2.19215E-02  6.422E-04  0.00000E+00  0.000E+00
   1.78000E+02  7.00000E+01  5.17460E-05  3.120E-05  2.15828E-02  6.373E-04  0.00000E+00  0.000E+00
   1.78000E+02  9.00000E+01  7.05628E-05  3.644E-05  2.19403E-02  6.425E-04  0.00000E+00  0.000E+00
   1.78000E+02  1.10000E+02  3.76335E-05  2.661E-05  2.27871E-02  6.548E-04  0.00000E+00  0.000E+00
   1.78000E+02  1.30000E+02  4.70418E-05  2.975E-05  2.15216E-02  6.364E-04  0.00000E+00  0.000E+00
   1.78000E+02  1.50000E+02  8.46753E-05  3.992E-05  2.25189E-02  6.509E-04  0.00000E+00  0.000E+00
   1.78000E+02  1.70000E+02  5.17460E-05  3.120E-05  2.23355E-02  6.483E-04  0.00000E+00  0.000E+00
   1.78000E+02  1.90000E+02  7.99711E-05  3.879E-05  2.19497E-02  6.427E-04  0.00000E+00  0.000E+00
   1.78000E+02  2.10000E+02  7.05628E-05  3.644E-05  2.20062E-02  6.435E-04  0.00000E+00  0.000E+00
   1.78000E+02  2.30000E+02  5.64502E-05  3.259E-05  2.19356E-02  6.425E-04  0.00000E+00  0.000E+00
   1.78000E+02  2.50000E+02  3.76335E-05  2.661E-05  2.23308E-02  6.482E-04  0.00000E+00  0.000E+00
   1.78000E+02  2.70000E+02  5.17460E-05  3.120E-05  2.20673E-02  6.444E-04  0.00000E+00  0.000E+00
   1.78000E+02  2.90000E+02  7.52669E-05  3.763E-05  2.25519E-02  6.514E-04  0.00000E+00  0.000E+00
   1.78000E+02  3.10000E+02  6.11544E-05  3.392E-05  2.25283E-02  6.511E-04  0.00000E+00  0.000E+00
   1.78000E+02  3.30000E+02  5.17460E-05  3.120E-05  2.24531E-02  6.500E-04  0.00000E+00  0.000E+00
   1.78000E+02  3.50000E+02  2.82251E-05  2.305E-05  2.20485E-02  6.441E-04  0.00000E+00  0.000E+00

