#>>>>>>>>>>>>>>>>>>>>>>>>>>>>>>>>>>>>>>>>>>>>>>>>>>>>>>>>>>>>
# [SECTION REPORT DEPTH DOSE DISTRIB]
# Dose units are: eV/(g/cm^2) per history
#
# No. of Z bins:
#  100
# Min value for z(cm):
#   0.00000E+00
# Bin widths for z(cm):
#   5.00000E-02
#
#
# zBinIndex : zLow(cm) : zMiddle(cm) : dose : +-2sigma
     0  0.00000E+00  2.50000E-02  8.07011E+03 2.1E+01
     1  5.00000E-02  7.50000E-02  1.68059E+04 3.5E+01
     2  1.00000E-01  1.25000E-01  2.40177E+04 4.3E+01
     3  1.50000E-01  1.75000E-01  2.97688E+04 4.9E+01
     4  2.00000E-01  2.25000E-01  3.39954E+04 5.3E+01
     5  2.50000E-01  2.75000E-01  3.67848E+04 5.5E+01
     6  3.00000E-01  3.25000E-01  3.82654E+04 5.6E+01
     7  3.50000E-01  3.75000E-01  3.89359E+04 5.7E+01
     8  4.00000E-01  4.25000E-01  3.90762E+04 5.7E+01
     9  4.50000E-01  4.75000E-01  3.91501E+04 5.7E+01
    10  5.00000E-01  5.25000E-01  3.91640E+04 5.7E+01
    11  5.50000E-01  5.75000E-01  3.91332E+04 5.7E+01
    12  6.00000E-01  6.25000E-01  3.91347E+04 5.7E+01
    13  6.50000E-01  6.75000E-01  3.91001E+04 5.7E+01
    14  7.00000E-01  7.25000E-01  3.90827E+04 5.7E+01
    15  7.50000E-01  7.75000E-01  3.90127E+04 5.7E+01
    16  8.00000E-01  8.25000E-01  3.89838E+04 5.7E+01
    17  8.50000E-01  8.75000E-01  3.89422E+04 5.7E+01
    18  9.00000E-01  9.25000E-01  3.89180E+04 5.6E+01
    19  9.50000E-01  9.75000E-01  3.89035E+04 5.6E+01
    20  1.00000E+00  1.02500E+00  3.88699E+04 5.6E+01
    21  1.05000E+00  1.07500E+00  3.88656E+04 5.6E+01
    22  1.10000E+00  1.12500E+00  3.88163E+04 5.6E+01
    23  1.15000E+00  1.17500E+00  3.87860E+04 5.6E+01
    24  1.20000E+00  1.22500E+00  3.87590E+04 5.6E+01
    25  1.25000E+00  1.27500E+00  3.87392E+04 5.6E+01
    26  1.30000E+00  1.32500E+00  3.87097E+04 5.6E+01
    27  1.35000E+00  1.37500E+00  3.86300E+04 5.6E+01
    28  1.40000E+00  1.42500E+00  3.86139E+04 5.6E+01
    29  1.45000E+00  1.47500E+00  3.85875E+04 5.6E+01
    30  1.50000E+00  1.52500E+00  3.85175E+04 5.6E+01
    31  1.55000E+00  1.57500E+00  3.85096E+04 5.6E+01
    32  1.60000E+00  1.62500E+00  3.84716E+04 5.6E+01
    33  1.65000E+00  1.67500E+00  3.84501E+04 5.6E+01
    34  1.70000E+00  1.72500E+00  3.83483E+04 5.6E+01
    35  1.75000E+00  1.77500E+00  3.83491E+04 5.6E+01
    36  1.80000E+00  1.82500E+00  3.83908E+04 5.6E+01
    37  1.85000E+00  1.87500E+00  3.86568E+04 5.6E+01
    38  1.90000E+00  1.92500E+00  3.94712E+04 5.7E+01
    39  1.95000E+00  1.97500E+00  4.19914E+04 6.1E+01
    40  2.00000E+00  2.02500E+00  3.53357E+04 4.2E+01
    41  2.05000E+00  2.07500E+00  3.35876E+04 4.1E+01
    42  2.10000E+00  2.12500E+00  3.30645E+04 4.1E+01
    43  2.15000E+00  2.17500E+00  3.28971E+04 4.1E+01
    44  2.20000E+00  2.22500E+00  3.28148E+04 4.1E+01
    45  2.25000E+00  2.27500E+00  3.26911E+04 4.1E+01
    46  2.30000E+00  2.32500E+00  3.26556E+04 4.1E+01
    47  2.35000E+00  2.37500E+00  3.25004E+04 4.0E+01
    48  2.40000E+00  2.42500E+00  3.24242E+04 4.0E+01
    49  2.45000E+00  2.47500E+00  3.22801E+04 4.0E+01
    50  2.50000E+00  2.52500E+00  3.21819E+04 4.0E+01
    51  2.55000E+00  2.57500E+00  3.20979E+04 4.0E+01
    52  2.60000E+00  2.62500E+00  3.19784E+04 4.0E+01
    53  2.65000E+00  2.67500E+00  3.18771E+04 4.0E+01
    54  2.70000E+00  2.72500E+00  3.17379E+04 4.0E+01
    55  2.75000E+00  2.77500E+00  3.16416E+04 4.0E+01
    56  2.80000E+00  2.82500E+00  3.14999E+04 4.0E+01
    57  2.85000E+00  2.87500E+00  3.13677E+04 4.0E+01
    58  2.90000E+00  2.92500E+00  3.11775E+04 3.9E+01
    59  2.95000E+00  2.97500E+00  2.95805E+04 3.8E+01
    60  3.00000E+00  3.02500E+00  3.29332E+04 5.3E+01
    61  3.05000E+00  3.07500E+00  3.35592E+04 5.2E+01
    62  3.10000E+00  3.12500E+00  3.42487E+04 5.3E+01
    63  3.15000E+00  3.17500E+00  3.47733E+04 5.3E+01
    64  3.20000E+00  3.22500E+00  3.50584E+04 5.3E+01
    65  3.25000E+00  3.27500E+00  3.52340E+04 5.3E+01
    66  3.30000E+00  3.32500E+00  3.52527E+04 5.4E+01
    67  3.35000E+00  3.37500E+00  3.51993E+04 5.3E+01
    68  3.40000E+00  3.42500E+00  3.51163E+04 5.3E+01
    69  3.45000E+00  3.47500E+00  3.50484E+04 5.3E+01
    70  3.50000E+00  3.52500E+00  3.50369E+04 5.3E+01
    71  3.55000E+00  3.57500E+00  3.49682E+04 5.3E+01
    72  3.60000E+00  3.62500E+00  3.48853E+04 5.3E+01
    73  3.65000E+00  3.67500E+00  3.48414E+04 5.3E+01
    74  3.70000E+00  3.72500E+00  3.47685E+04 5.3E+01
    75  3.75000E+00  3.77500E+00  3.46636E+04 5.3E+01
    76  3.80000E+00  3.82500E+00  3.45889E+04 5.3E+01
    77  3.85000E+00  3.87500E+00  3.45136E+04 5.3E+01
    78  3.90000E+00  3.92500E+00  3.44427E+04 5.3E+01
    79  3.95000E+00  3.97500E+00  3.43489E+04 5.3E+01
    80  4.00000E+00  4.02500E+00  3.42652E+04 5.3E+01
    81  4.05000E+00  4.07500E+00  3.42189E+04 5.3E+01
    82  4.10000E+00  4.12500E+00  3.41580E+04 5.3E+01
    83  4.15000E+00  4.17500E+00  3.41082E+04 5.3E+01
    84  4.20000E+00  4.22500E+00  3.39829E+04 5.3E+01
    85  4.25000E+00  4.27500E+00  3.39167E+04 5.3E+01
    86  4.30000E+00  4.32500E+00  3.38322E+04 5.2E+01
    87  4.35000E+00  4.37500E+00  3.37601E+04 5.2E+01
    88  4.40000E+00  4.42500E+00  3.36905E+04 5.2E+01
    89  4.45000E+00  4.47500E+00  3.36141E+04 5.2E+01
    90  4.50000E+00  4.52500E+00  3.34870E+04 5.2E+01
    91  4.55000E+00  4.57500E+00  3.34541E+04 5.2E+01
    92  4.60000E+00  4.62500E+00  3.33805E+04 5.2E+01
    93  4.65000E+00  4.67500E+00  3.33338E+04 5.2E+01
    94  4.70000E+00  4.72500E+00  3.32127E+04 5.2E+01
    95  4.75000E+00  4.77500E+00  3.31134E+04 5.2E+01
    96  4.80000E+00  4.82500E+00  3.29882E+04 5.2E+01
    97  4.85000E+00  4.87500E+00  3.28120E+04 5.2E+01
    98  4.90000E+00  4.92500E+00  3.23289E+04 5.1E+01
    99  4.95000E+00  4.97500E+00  2.95499E+04 4.7E+01
