#>>>>>>>>>>>>>>>>>>>>>>>>>>>>>>>>>>>>>>>>>>>>>>>>>>>>>>>>>>>>
# [SECTION REPORT ANGULAR DETECTOR ENERGY SPECTRUM]
# Angular intervals : theta1 =  9.000000E+01,    theta2 =  1.800000E+02
#                        phi1 =  0.000000E+00,    phi2 =  3.600000E+02
# Energy window (eV), energy bins:
#  0.00000E+00  4.05000E+04   200
# Energy spectra of emerging particles (1/(eV*sr*particle)).
#
#             |            electron     |               gamma     |            positron     |
#             |                         |                         |                         |
# Energy (eV) |     prob    : +-2sigma  |     prob    : +-2sigma  |     prob    : +-2sigma  |
  1.01250E+02   0.00000E+00   0.000E+00   0.00000E+00   0.000E+00   0.00000E+00   0.000E+00 
  3.03750E+02   0.00000E+00   0.000E+00   0.00000E+00   0.000E+00   0.00000E+00   0.000E+00 
  5.06250E+02   0.00000E+00   0.000E+00   0.00000E+00   0.000E+00   0.00000E+00   0.000E+00 
  7.08750E+02   0.00000E+00   0.000E+00   0.00000E+00   0.000E+00   0.00000E+00   0.000E+00 
  9.11250E+02   1.66367E-08   2.470E-09   2.93356E-10   6.879E-12   0.00000E+00   0.000E+00 
  1.11375E+03   3.10382E-07   1.069E-08   1.09993E-08   8.838E-11   0.00000E+00   0.000E+00 
  1.31625E+03   3.07261E-07   1.059E-08   6.62615E-09   3.264E-11   0.00000E+00   0.000E+00 
  1.51875E+03   3.00065E-07   1.044E-08   8.49499E-09   3.645E-11   0.00000E+00   0.000E+00 
  1.72125E+03   2.91350E-07   1.026E-08   1.06316E-08   4.078E-11   0.00000E+00   0.000E+00 
  1.92375E+03   2.85990E-07   1.014E-08   1.28496E-08   4.425E-11   0.00000E+00   0.000E+00 
  2.12625E+03   2.87388E-07   1.015E-08   1.51371E-08   4.775E-11   0.00000E+00   0.000E+00 
  2.32875E+03   2.71693E-07   9.849E-09   1.72730E-08   5.092E-11   0.00000E+00   0.000E+00 
  2.53125E+03   2.70565E-07   9.818E-09   1.92321E-08   5.351E-11   0.00000E+00   0.000E+00 
  2.73375E+03   2.70190E-07   9.818E-09   2.09981E-08   5.607E-11   0.00000E+00   0.000E+00 
  2.93625E+03   2.61470E-07   9.638E-09   2.25196E-08   5.791E-11   0.00000E+00   0.000E+00 
  3.13875E+03   2.62066E-07   9.669E-09   2.37152E-08   5.916E-11   0.00000E+00   0.000E+00 
  3.34125E+03   2.50116E-07   9.437E-09   2.46660E-08   6.049E-11   0.00000E+00   0.000E+00 
  3.54375E+03   2.50202E-07   9.457E-09   2.53615E-08   6.141E-11   0.00000E+00   0.000E+00 
  3.74625E+03   2.49982E-07   9.459E-09   2.58617E-08   6.216E-11   0.00000E+00   0.000E+00 
  3.94875E+03   2.41322E-07   9.301E-09   2.61917E-08   6.269E-11   0.00000E+00   0.000E+00 
  4.15125E+03   2.34378E-07   9.161E-09   2.62967E-08   6.270E-11   0.00000E+00   0.000E+00 
  4.35375E+03   2.35798E-07   9.215E-09   2.63535E-08   6.287E-11   0.00000E+00   0.000E+00 
  4.55625E+03   2.29703E-07   9.099E-09   2.61796E-08   6.280E-11   0.00000E+00   0.000E+00 
  4.75875E+03   2.30989E-07   9.139E-09   2.59457E-08   6.259E-11   0.00000E+00   0.000E+00 
  4.96125E+03   2.26758E-07   9.063E-09   2.57064E-08   6.251E-11   0.00000E+00   0.000E+00 
  5.16375E+03   2.28707E-07   9.122E-09   2.52922E-08   6.196E-11   0.00000E+00   0.000E+00 
  5.36625E+03   2.42983E-07   9.430E-09   2.49248E-08   6.153E-11   0.00000E+00   0.000E+00 
  5.56875E+03   2.38957E-07   9.356E-09   2.45292E-08   6.124E-11   0.00000E+00   0.000E+00 
  5.77125E+03   2.42677E-07   9.438E-09   2.40522E-08   6.061E-11   0.00000E+00   0.000E+00 
  5.97375E+03   2.46876E-07   9.529E-09   2.35979E-08   6.029E-11   0.00000E+00   0.000E+00 
  6.17625E+03   2.46193E-07   9.511E-09   2.30991E-08   5.960E-11   0.00000E+00   0.000E+00 
  6.37875E+03   2.61222E-07   9.828E-09   2.26014E-08   5.899E-11   0.00000E+00   0.000E+00 
  6.58125E+03   2.60183E-07   9.785E-09   2.21381E-08   5.844E-11   0.00000E+00   0.000E+00 
  6.78375E+03   2.66543E-07   9.901E-09   2.15682E-08   5.775E-11   0.00000E+00   0.000E+00 
  6.98625E+03   2.77326E-07   1.011E-08   2.10298E-08   5.718E-11   0.00000E+00   0.000E+00 
  7.18875E+03   2.70900E-07   1.013E-08   2.05412E-08   5.642E-11   0.00000E+00   0.000E+00 
  7.39125E+03   2.77572E-07   1.025E-08   2.00772E-08   5.607E-11   0.00000E+00   0.000E+00 
  7.59375E+03   2.99428E-07   1.067E-08   1.97064E-08   5.651E-11   0.00000E+00   0.000E+00 
  7.79625E+03   2.93263E-07   1.056E-08   1.95403E-08   5.849E-11   0.00000E+00   0.000E+00 
  7.99875E+03   3.03563E-07   1.077E-08   1.93438E-06   1.682E-09   0.00000E+00   0.000E+00 
  8.20125E+03   3.07185E-07   1.087E-08   1.81189E-08   5.307E-11   0.00000E+00   0.000E+00 
  8.40375E+03   3.21471E-07   1.113E-08   1.76893E-08   5.270E-11   0.00000E+00   0.000E+00 
  8.60625E+03   3.31442E-07   1.131E-08   1.72800E-08   5.246E-11   0.00000E+00   0.000E+00 
  8.80875E+03   3.36226E-07   1.139E-08   2.56535E-07   5.755E-10   0.00000E+00   0.000E+00 
  9.01125E+03   3.41281E-07   1.149E-08   1.26256E-08   4.657E-11   0.00000E+00   0.000E+00 
  9.21375E+03   3.64766E-07   1.188E-08   9.86844E-09   3.746E-11   0.00000E+00   0.000E+00 
  9.41625E+03   3.72715E-07   1.201E-08   9.76936E-09   3.729E-11   0.00000E+00   0.000E+00 
  9.61875E+03   3.63306E-07   1.186E-08   9.67777E-09   3.715E-11   0.00000E+00   0.000E+00 
  9.82125E+03   3.82372E-07   1.218E-08   9.60399E-09   3.713E-11   0.00000E+00   0.000E+00 
  1.00238E+04   3.94771E-07   1.237E-08   9.49303E-09   3.693E-11   0.00000E+00   0.000E+00 
  1.02262E+04   3.83473E-07   1.220E-08   9.38678E-09   3.671E-11   0.00000E+00   0.000E+00 
  1.04288E+04   4.13472E-07   1.267E-08   9.29256E-09   3.671E-11   0.00000E+00   0.000E+00 
  1.06312E+04   4.27139E-07   1.289E-08   9.16671E-09   3.638E-11   0.00000E+00   0.000E+00 
  1.08338E+04   4.27772E-07   1.290E-08   9.03796E-09   3.627E-11   0.00000E+00   0.000E+00 
  1.10362E+04   4.37723E-07   1.305E-08   8.93034E-09   3.603E-11   0.00000E+00   0.000E+00 
  1.12388E+04   4.55175E-07   1.331E-08   8.82644E-09   3.582E-11   0.00000E+00   0.000E+00 
  1.14412E+04   4.63819E-07   1.345E-08   8.67620E-09   3.556E-11   0.00000E+00   0.000E+00 
  1.16438E+04   4.80100E-07   1.368E-08   8.58665E-09   3.547E-11   0.00000E+00   0.000E+00 
  1.18462E+04   4.86606E-07   1.378E-08   8.47001E-09   3.526E-11   0.00000E+00   0.000E+00 
  1.20488E+04   4.98418E-07   1.395E-08   8.34392E-09   3.505E-11   0.00000E+00   0.000E+00 
  1.22512E+04   5.11675E-07   1.414E-08   8.21758E-09   3.479E-11   0.00000E+00   0.000E+00 
  1.24538E+04   5.32114E-07   1.442E-08   8.06201E-09   3.444E-11   0.00000E+00   0.000E+00 
  1.26562E+04   5.31237E-07   1.441E-08   7.98263E-09   3.433E-11   0.00000E+00   0.000E+00 
  1.28588E+04   5.45869E-07   1.461E-08   7.84624E-09   3.407E-11   0.00000E+00   0.000E+00 
  1.30612E+04   5.57566E-07   1.477E-08   7.73196E-09   3.383E-11   0.00000E+00   0.000E+00 
  1.32638E+04   5.81239E-07   1.508E-08   7.60387E-09   3.364E-11   0.00000E+00   0.000E+00 
  1.34662E+04   5.75780E-07   1.501E-08   7.49205E-09   3.338E-11   0.00000E+00   0.000E+00 
  1.36688E+04   5.95525E-07   1.527E-08   7.35168E-09   3.312E-11   0.00000E+00   0.000E+00 
  1.38712E+04   6.13736E-07   1.551E-08   7.23897E-09   3.286E-11   0.00000E+00   0.000E+00 
  1.40738E+04   6.22718E-07   1.562E-08   7.12066E-09   3.262E-11   0.00000E+00   0.000E+00 
  1.42762E+04   6.35778E-07   1.578E-08   6.99398E-09   3.231E-11   0.00000E+00   0.000E+00 
  1.44788E+04   6.44831E-07   1.590E-08   6.87441E-09   3.208E-11   0.00000E+00   0.000E+00 
  1.46812E+04   6.80377E-07   1.633E-08   6.74665E-09   3.184E-11   0.00000E+00   0.000E+00 
  1.48838E+04   6.84576E-07   1.638E-08   6.63782E-09   3.155E-11   0.00000E+00   0.000E+00 
  1.50862E+04   6.81220E-07   1.634E-08   6.50074E-09   3.128E-11   0.00000E+00   0.000E+00 
  1.52888E+04   7.04890E-07   1.662E-08   6.41760E-09   3.109E-11   0.00000E+00   0.000E+00 
  1.54912E+04   7.22753E-07   1.684E-08   6.32179E-09   3.087E-11   0.00000E+00   0.000E+00 
  1.56938E+04   7.36648E-07   1.700E-08   6.19980E-09   3.057E-11   0.00000E+00   0.000E+00 
  1.58962E+04   7.50928E-07   1.716E-08   6.11219E-09   3.041E-11   0.00000E+00   0.000E+00 
  1.60988E+04   7.55571E-07   1.722E-08   5.98585E-09   3.008E-11   0.00000E+00   0.000E+00 
  1.63012E+04   7.98026E-07   1.769E-08   5.89202E-09   2.994E-11   0.00000E+00   0.000E+00 
  1.65038E+04   7.91580E-07   1.762E-08   5.79570E-09   2.966E-11   0.00000E+00   0.000E+00 
  1.67062E+04   8.15668E-07   1.789E-08   5.67380E-09   2.934E-11   0.00000E+00   0.000E+00 
  1.69088E+04   8.37282E-07   1.812E-08   5.57853E-09   2.908E-11   0.00000E+00   0.000E+00 
  1.71112E+04   8.48275E-07   1.825E-08   5.47965E-09   2.886E-11   0.00000E+00   0.000E+00 
  1.73138E+04   8.72780E-07   1.851E-08   5.36784E-09   2.857E-11   0.00000E+00   0.000E+00 
  1.75162E+04   8.84899E-07   1.864E-08   5.27601E-09   2.835E-11   0.00000E+00   0.000E+00 
  1.77188E+04   9.04383E-07   1.884E-08   5.17789E-09   2.807E-11   0.00000E+00   0.000E+00 
  1.79212E+04   9.24670E-07   1.905E-08   5.09898E-09   2.790E-11   0.00000E+00   0.000E+00 
  1.81238E+04   9.35237E-07   1.916E-08   5.00454E-09   2.762E-11   0.00000E+00   0.000E+00 
  1.83262E+04   9.54869E-07   1.936E-08   4.93036E-09   2.747E-11   0.00000E+00   0.000E+00 
  1.85288E+04   9.55025E-07   1.936E-08   4.83583E-09   2.720E-11   0.00000E+00   0.000E+00 
  1.87312E+04   9.87710E-07   1.969E-08   4.74736E-09   2.694E-11   0.00000E+00   0.000E+00 
  1.89338E+04   1.01746E-06   1.998E-08   4.65708E-09   2.671E-11   0.00000E+00   0.000E+00 
  1.91362E+04   1.02079E-06   2.002E-08   4.57782E-09   2.649E-11   0.00000E+00   0.000E+00 
  1.93388E+04   1.04937E-06   2.029E-08   4.47928E-09   2.620E-11   0.00000E+00   0.000E+00 
  1.95412E+04   1.06577E-06   2.045E-08   4.40027E-09   2.599E-11   0.00000E+00   0.000E+00 
  1.97438E+04   1.09514E-06   2.073E-08   4.31096E-09   2.569E-11   0.00000E+00   0.000E+00 
  1.99462E+04   1.11538E-06   2.092E-08   4.20073E-09   2.536E-11   0.00000E+00   0.000E+00 
  2.01488E+04   1.12638E-06   2.102E-08   4.16026E-09   2.528E-11   0.00000E+00   0.000E+00 
  2.03512E+04   1.15743E-06   2.131E-08   4.08078E-09   2.504E-11   0.00000E+00   0.000E+00 
  2.05538E+04   1.16882E-06   2.142E-08   3.99027E-09   2.476E-11   0.00000E+00   0.000E+00 
  2.07562E+04   1.20969E-06   2.179E-08   3.90659E-09   2.451E-11   0.00000E+00   0.000E+00 
  2.09588E+04   1.21382E-06   2.182E-08   3.85020E-09   2.433E-11   0.00000E+00   0.000E+00 
  2.11612E+04   1.22669E-06   2.194E-08   3.76247E-09   2.407E-11   0.00000E+00   0.000E+00 
  2.13638E+04   1.27208E-06   2.234E-08   3.70644E-09   2.390E-11   0.00000E+00   0.000E+00 
  2.15662E+04   1.28239E-06   2.243E-08   3.61461E-09   2.361E-11   0.00000E+00   0.000E+00 
  2.17688E+04   1.29791E-06   2.257E-08   3.56276E-09   2.343E-11   0.00000E+00   0.000E+00 
  2.19712E+04   1.31638E-06   2.273E-08   3.48675E-09   2.318E-11   0.00000E+00   0.000E+00 
  2.21738E+04   1.35028E-06   2.302E-08   3.42063E-09   2.298E-11   0.00000E+00   0.000E+00 
  2.23762E+04   1.35617E-06   2.307E-08   3.34685E-09   2.276E-11   0.00000E+00   0.000E+00 
  2.25788E+04   1.39370E-06   2.338E-08   3.30070E-09   2.259E-11   0.00000E+00   0.000E+00 
  2.27812E+04   1.40038E-06   2.344E-08   3.22385E-09   2.232E-11   0.00000E+00   0.000E+00 
  2.29838E+04   1.43879E-06   2.376E-08   3.18438E-09   2.221E-11   0.00000E+00   0.000E+00 
  2.31862E+04   1.45264E-06   2.387E-08   3.11855E-09   2.194E-11   0.00000E+00   0.000E+00 
  2.33888E+04   1.46807E-06   2.400E-08   3.04133E-09   2.169E-11   0.00000E+00   0.000E+00 
  2.35912E+04   1.51395E-06   2.437E-08   2.96524E-09   2.143E-11   0.00000E+00   0.000E+00 
  2.37938E+04   1.53134E-06   2.451E-08   2.91710E-09   2.124E-11   0.00000E+00   0.000E+00 
  2.39962E+04   1.53694E-06   2.455E-08   2.84480E-09   2.097E-11   0.00000E+00   0.000E+00 
  2.41988E+04   1.58783E-06   2.495E-08   2.79808E-09   2.082E-11   0.00000E+00   0.000E+00 
  2.44012E+04   1.59490E-06   2.501E-08   2.74206E-09   2.062E-11   0.00000E+00   0.000E+00 
  2.46038E+04   1.62496E-06   2.524E-08   2.68743E-09   2.040E-11   0.00000E+00   0.000E+00 
  2.48062E+04   1.64097E-06   2.537E-08   2.64462E-09   2.025E-11   0.00000E+00   0.000E+00 
  2.50088E+04   1.67703E-06   2.564E-08   2.58632E-09   2.002E-11   0.00000E+00   0.000E+00 
  2.52112E+04   1.69648E-06   2.579E-08   2.53985E-09   1.986E-11   0.00000E+00   0.000E+00 
  2.54138E+04   1.73990E-06   2.612E-08   2.47348E-09   1.958E-11   0.00000E+00   0.000E+00 
  2.56162E+04   1.75346E-06   2.622E-08   2.41650E-09   1.937E-11   0.00000E+00   0.000E+00 
  2.58188E+04   1.77046E-06   2.635E-08   2.36264E-09   1.915E-11   0.00000E+00   0.000E+00 
  2.60212E+04   1.80897E-06   2.663E-08   2.29807E-09   1.887E-11   0.00000E+00   0.000E+00 
  2.62238E+04   1.83432E-06   2.682E-08   2.25639E-09   1.872E-11   0.00000E+00   0.000E+00 
  2.64262E+04   1.87843E-06   2.714E-08   2.20226E-09   1.850E-11   0.00000E+00   0.000E+00 
  2.66288E+04   1.87980E-06   2.715E-08   2.14771E-09   1.828E-11   0.00000E+00   0.000E+00 
  2.68312E+04   1.89454E-06   2.725E-08   2.13206E-09   1.820E-11   0.00000E+00   0.000E+00 
  2.70338E+04   1.94061E-06   2.758E-08   2.06779E-09   1.792E-11   0.00000E+00   0.000E+00 
  2.72362E+04   1.96852E-06   2.778E-08   2.01176E-09   1.766E-11   0.00000E+00   0.000E+00 
  2.74388E+04   2.00143E-06   2.801E-08   1.97961E-09   1.753E-11   0.00000E+00   0.000E+00 
  2.76412E+04   2.01214E-06   2.808E-08   1.91745E-09   1.725E-11   0.00000E+00   0.000E+00 
  2.78438E+04   2.04721E-06   2.833E-08   1.87820E-09   1.706E-11   0.00000E+00   0.000E+00 
  2.80462E+04   2.06460E-06   2.845E-08   1.84821E-09   1.697E-11   0.00000E+00   0.000E+00 
  2.82488E+04   2.10016E-06   2.869E-08   1.79735E-09   1.672E-11   0.00000E+00   0.000E+00 
  2.84512E+04   2.12354E-06   2.885E-08   1.74319E-09   1.645E-11   0.00000E+00   0.000E+00 
  2.86538E+04   2.14182E-06   2.897E-08   1.70237E-09   1.626E-11   0.00000E+00   0.000E+00 
  2.88562E+04   2.19880E-06   2.935E-08   1.66307E-09   1.608E-11   0.00000E+00   0.000E+00 
  2.90588E+04   2.19732E-06   2.934E-08   1.60766E-09   1.582E-11   0.00000E+00   0.000E+00 
  2.92612E+04   2.19153E-06   2.931E-08   1.59511E-09   1.577E-11   0.00000E+00   0.000E+00 
  2.94638E+04   2.25381E-06   2.972E-08   1.55451E-09   1.555E-11   0.00000E+00   0.000E+00 
  2.96662E+04   2.27120E-06   2.983E-08   1.50492E-09   1.530E-11   0.00000E+00   0.000E+00 
  2.98688E+04   2.26727E-06   2.981E-08   1.45966E-09   1.510E-11   0.00000E+00   0.000E+00 
  3.00712E+04   2.33545E-06   3.025E-08   1.43279E-09   1.493E-11   0.00000E+00   0.000E+00 
  3.02738E+04   2.33182E-06   3.023E-08   1.38244E-09   1.466E-11   0.00000E+00   0.000E+00 
  3.04762E+04   2.34164E-06   3.029E-08   1.34452E-09   1.447E-11   0.00000E+00   0.000E+00 
  3.06788E+04   2.41670E-06   3.077E-08   1.30988E-09   1.427E-11   0.00000E+00   0.000E+00 
  3.08812E+04   2.43753E-06   3.090E-08   1.27727E-09   1.411E-11   0.00000E+00   0.000E+00 
  3.10838E+04   2.43831E-06   3.091E-08   1.23340E-09   1.387E-11   0.00000E+00   0.000E+00 
  3.12862E+04   2.41690E-06   3.077E-08   1.19302E-09   1.363E-11   0.00000E+00   0.000E+00 
  3.14888E+04   2.46897E-06   3.110E-08   1.15677E-09   1.342E-11   0.00000E+00   0.000E+00 
  3.16912E+04   2.48449E-06   3.120E-08   1.12327E-09   1.323E-11   0.00000E+00   0.000E+00 
  3.18938E+04   2.51042E-06   3.136E-08   1.08940E-09   1.300E-11   0.00000E+00   0.000E+00 
  3.20962E+04   2.52958E-06   3.148E-08   1.05799E-09   1.284E-11   0.00000E+00   0.000E+00 
  3.22988E+04   2.51259E-06   3.137E-08   1.02375E-09   1.262E-11   0.00000E+00   0.000E+00 
  3.25012E+04   2.55336E-06   3.163E-08   9.97322E-10   1.248E-11   0.00000E+00   0.000E+00 
  3.27038E+04   2.57281E-06   3.174E-08   9.67972E-10   1.231E-11   0.00000E+00   0.000E+00 
  3.29062E+04   2.58204E-06   3.180E-08   9.19169E-10   1.196E-11   0.00000E+00   0.000E+00 
  3.31088E+04   2.57330E-06   3.175E-08   9.00625E-10   1.187E-11   0.00000E+00   0.000E+00 
  3.33112E+04   2.59796E-06   3.190E-08   8.62163E-10   1.160E-11   0.00000E+00   0.000E+00 
  3.35138E+04   2.60965E-06   3.197E-08   8.32518E-10   1.142E-11   0.00000E+00   0.000E+00 
  3.37162E+04   2.61407E-06   3.200E-08   7.94817E-10   1.116E-11   0.00000E+00   0.000E+00 
  3.39188E+04   2.61672E-06   3.201E-08   7.66007E-10   1.096E-11   0.00000E+00   0.000E+00 
  3.41212E+04   2.61928E-06   3.203E-08   7.34274E-10   1.071E-11   0.00000E+00   0.000E+00 
  3.43238E+04   2.59039E-06   3.185E-08   7.13225E-10   1.057E-11   0.00000E+00   0.000E+00 
  3.45262E+04   2.61928E-06   3.203E-08   6.72847E-10   1.026E-11   0.00000E+00   0.000E+00 
  3.47288E+04   2.58067E-06   3.179E-08   6.39346E-10   1.003E-11   0.00000E+00   0.000E+00 
  3.49312E+04   2.58548E-06   3.182E-08   6.22350E-10   9.898E-12   0.00000E+00   0.000E+00 
  3.51338E+04   2.58303E-06   3.181E-08   5.93687E-10   9.668E-12   0.00000E+00   0.000E+00 
  3.53362E+04   2.55827E-06   3.166E-08   5.62102E-10   9.385E-12   0.00000E+00   0.000E+00 
  3.55388E+04   2.56397E-06   3.169E-08   5.35773E-10   9.167E-12   0.00000E+00   0.000E+00 
  3.57412E+04   2.51809E-06   3.141E-08   5.05096E-10   8.915E-12   0.00000E+00   0.000E+00 
  3.59438E+04   2.49893E-06   3.129E-08   4.65356E-10   8.551E-12   0.00000E+00   0.000E+00 
  3.61462E+04   2.44804E-06   3.097E-08   4.57914E-10   8.518E-12   0.00000E+00   0.000E+00 
  3.63488E+04   2.41916E-06   3.079E-08   4.21171E-10   8.141E-12   0.00000E+00   0.000E+00 
  3.65512E+04   2.41552E-06   3.076E-08   4.10119E-10   8.079E-12   0.00000E+00   0.000E+00 
  3.67538E+04   2.38222E-06   3.055E-08   3.77919E-10   7.738E-12   0.00000E+00   0.000E+00 
  3.69562E+04   2.32101E-06   3.016E-08   3.61439E-10   7.593E-12   0.00000E+00   0.000E+00 
  3.71588E+04   2.29026E-06   2.996E-08   3.27397E-10   7.220E-12   0.00000E+00   0.000E+00 
  3.73612E+04   2.21530E-06   2.946E-08   3.07307E-10   7.002E-12   0.00000E+00   0.000E+00 
  3.75638E+04   2.14152E-06   2.897E-08   2.74248E-10   6.615E-12   0.00000E+00   0.000E+00 
  3.77662E+04   2.10566E-06   2.873E-08   2.58676E-10   6.461E-12   0.00000E+00   0.000E+00 
  3.79688E+04   2.03610E-06   2.825E-08   2.28220E-10   6.062E-12   0.00000E+00   0.000E+00 
  3.81712E+04   1.96085E-06   2.772E-08   2.10708E-10   5.832E-12   0.00000E+00   0.000E+00 
  3.83738E+04   1.86270E-06   2.702E-08   1.83495E-10   5.458E-12   0.00000E+00   0.000E+00 
  3.85762E+04   1.81555E-06   2.668E-08   1.63797E-10   5.154E-12   0.00000E+00   0.000E+00 
  3.87788E+04   1.72821E-06   2.603E-08   1.40071E-10   4.804E-12   0.00000E+00   0.000E+00 
  3.89812E+04   1.66759E-06   2.557E-08   1.12858E-10   4.314E-12   0.00000E+00   0.000E+00 
  3.91838E+04   1.60098E-06   2.506E-08   9.71631E-11   4.042E-12   0.00000E+00   0.000E+00 
  3.93862E+04   1.50077E-06   2.426E-08   7.39776E-11   3.553E-12   0.00000E+00   0.000E+00 
  3.95888E+04   1.46314E-06   2.396E-08   5.14061E-11   2.981E-12   0.00000E+00   0.000E+00 
  3.97912E+04   1.38818E-06   2.334E-08   2.96205E-11   2.270E-12   0.00000E+00   0.000E+00 
  3.99938E+04   1.46383E-06   2.396E-08   8.39984E-12   1.217E-12   0.00000E+00   0.000E+00 
  4.01962E+04   0.00000E+00   0.000E+00   0.00000E+00   0.000E+00   0.00000E+00   0.000E+00 
  4.03988E+04   0.00000E+00   0.000E+00   0.00000E+00   0.000E+00   0.00000E+00   0.000E+00 
