#>>>>>>>>>>>>>>>>>>>>>>>>>>>>>>>>>>>>>>>>>>>>>>>>>>>>>>>>>>>>
# [SECTION REPORT EMERGING ANGULAR PARTICLES DISTRIBUTION]
# Units are particles/(sr history)
# Polar angle minimum, maximum, polar bins:
#  0.00000E+00  1.80000E+02    45
# Azimuthal angle minimum, maximum, azimuthal bins:
#  0.00000E+00  3.60000E+02    18
#
# theta (deg) :  phi (deg) :     e-     : +-2sigma :   photons  : +-2sigma :     e+     : +-2sigma :
   2.00000E+00  1.00000E+01  1.83757E-07  1.644E-07  9.87511E-05  9.432E-06  0.00000E+00  0.000E+00
   2.00000E+00  3.00000E+01  1.10254E-07  1.273E-07  9.67298E-05  9.388E-06  0.00000E+00  0.000E+00
   2.00000E+00  5.00000E+01  1.10254E-07  1.273E-07  1.01728E-04  9.708E-06  0.00000E+00  0.000E+00
   2.00000E+00  7.00000E+01  4.77769E-07  7.460E-07  9.87144E-05  9.557E-06  0.00000E+00  0.000E+00
   2.00000E+00  9.00000E+01  5.14520E-07  7.496E-07  9.06658E-05  8.805E-06  0.00000E+00  0.000E+00
   2.00000E+00  1.10000E+02  2.20509E-07  1.800E-07  1.07020E-04  1.014E-05  0.00000E+00  0.000E+00
   2.00000E+00  1.30000E+02  1.10254E-07  1.273E-07  9.38264E-05  9.235E-06  0.00000E+00  0.000E+00
   2.00000E+00  1.50000E+02  6.61526E-07  7.639E-07  1.04043E-04  9.624E-06  0.00000E+00  0.000E+00
   2.00000E+00  1.70000E+02  1.47006E-07  1.470E-07  1.05587E-04  9.914E-06  0.00000E+00  0.000E+00
   2.00000E+00  1.90000E+02  1.10254E-07  1.273E-07  9.74648E-05  9.316E-06  0.00000E+00  0.000E+00
   2.00000E+00  2.10000E+02  1.47006E-07  1.470E-07  1.01250E-04  9.677E-06  0.00000E+00  0.000E+00
   2.00000E+00  2.30000E+02  4.77769E-07  7.460E-07  1.07424E-04  1.019E-05  0.00000E+00  0.000E+00
   2.00000E+00  2.50000E+02  4.04266E-07  7.387E-07  1.00405E-04  9.545E-06  0.00000E+00  0.000E+00
   2.00000E+00  2.70000E+02  1.10254E-07  1.273E-07  1.05918E-04  1.013E-05  0.00000E+00  0.000E+00
   2.00000E+00  2.90000E+02  7.35029E-08  1.039E-07  1.06579E-04  1.004E-05  0.00000E+00  0.000E+00
   2.00000E+00  3.10000E+02  2.20509E-07  1.800E-07  9.88614E-05  9.379E-06  0.00000E+00  0.000E+00
   2.00000E+00  3.30000E+02  1.10254E-07  1.273E-07  1.04301E-04  9.851E-06  0.00000E+00  0.000E+00
   2.00000E+00  3.50000E+02  2.20509E-07  1.800E-07  9.34222E-05  8.992E-06  0.00000E+00  0.000E+00

   6.00000E+00  1.00000E+01  2.82219E-07  2.609E-07  1.04360E-04  5.711E-06  0.00000E+00  0.000E+00
   6.00000E+00  3.00000E+01  2.82219E-07  2.609E-07  1.02409E-04  5.676E-06  0.00000E+00  0.000E+00
   6.00000E+00  5.00000E+01  1.22704E-07  7.760E-08  9.91449E-05  5.500E-06  0.00000E+00  0.000E+00
   6.00000E+00  7.00000E+01  3.19031E-07  2.643E-07  9.78442E-05  5.510E-06  0.00000E+00  0.000E+00
   6.00000E+00  9.00000E+01  2.20867E-07  2.550E-07  1.02409E-04  5.630E-06  0.00000E+00  0.000E+00
   6.00000E+00  1.10000E+02  1.47245E-07  8.501E-08  1.01464E-04  5.578E-06  0.00000E+00  0.000E+00
   6.00000E+00  1.30000E+02  2.82219E-07  2.609E-07  1.01231E-04  5.533E-06  0.00000E+00  0.000E+00
   6.00000E+00  1.50000E+02  2.57679E-07  2.586E-07  1.04937E-04  5.670E-06  0.00000E+00  0.000E+00
   6.00000E+00  1.70000E+02  1.84056E-07  9.505E-08  9.45312E-05  5.314E-06  0.00000E+00  0.000E+00
   6.00000E+00  1.90000E+02  2.82219E-07  2.609E-07  1.03231E-04  5.716E-06  0.00000E+00  0.000E+00
   6.00000E+00  2.10000E+02  2.94490E-07  2.620E-07  1.03096E-04  5.667E-06  0.00000E+00  0.000E+00
   6.00000E+00  2.30000E+02  8.58928E-08  6.493E-08  1.02716E-04  5.681E-06  0.00000E+00  0.000E+00
   6.00000E+00  2.50000E+02  2.45408E-07  2.574E-07  1.03587E-04  5.721E-06  0.00000E+00  0.000E+00
   6.00000E+00  2.70000E+02  1.10434E-07  7.362E-08  1.08409E-04  5.859E-06  0.00000E+00  0.000E+00
   6.00000E+00  2.90000E+02  1.71786E-07  9.182E-08  9.84455E-05  5.438E-06  0.00000E+00  0.000E+00
   6.00000E+00  3.10000E+02  2.20867E-07  2.550E-07  9.95130E-05  5.549E-06  0.00000E+00  0.000E+00
   6.00000E+00  3.30000E+02  7.36224E-08  6.011E-08  1.04937E-04  5.730E-06  0.00000E+00  0.000E+00
   6.00000E+00  3.50000E+02  1.22704E-07  7.760E-08  1.04998E-04  5.756E-06  0.00000E+00  0.000E+00

   1.00000E+01  1.00000E+01  2.21587E-07  1.618E-07  9.87835E-05  4.247E-06  0.00000E+00  0.000E+00
   1.00000E+01  3.00000E+01  2.14201E-07  7.955E-08  1.01051E-04  4.340E-06  0.00000E+00  0.000E+00
   1.00000E+01  5.00000E+01  1.25566E-07  6.091E-08  9.98693E-05  4.321E-06  0.00000E+00  0.000E+00
   1.00000E+01  7.00000E+01  2.43746E-07  1.638E-07  1.01155E-04  4.351E-06  0.00000E+00  0.000E+00
   1.00000E+01  9.00000E+01  2.88063E-07  2.186E-07  9.52234E-05  4.158E-06  0.00000E+00  0.000E+00
   1.00000E+01  1.10000E+02  1.40339E-07  6.439E-08  9.94778E-05  4.286E-06  0.00000E+00  0.000E+00
   1.00000E+01  1.30000E+02  3.24994E-07  2.211E-07  1.02048E-04  4.380E-06  0.00000E+00  0.000E+00
   1.00000E+01  1.50000E+02  2.80677E-07  2.181E-07  9.98102E-05  4.288E-06  0.00000E+00  0.000E+00
   1.00000E+01  1.70000E+02  5.61354E-07  3.388E-07  1.01243E-04  4.328E-06  0.00000E+00  0.000E+00
   1.00000E+01  1.90000E+02  3.10222E-07  2.201E-07  9.88796E-05  4.284E-06  0.00000E+00  0.000E+00
   1.00000E+01  2.10000E+02  2.43746E-07  1.638E-07  9.99062E-05  4.277E-06  0.00000E+00  0.000E+00
   1.00000E+01  2.30000E+02  2.51132E-07  1.645E-07  9.89239E-05  4.296E-06  0.00000E+00  0.000E+00
   1.00000E+01  2.50000E+02  1.84656E-07  7.386E-08  9.87023E-05  4.281E-06  0.00000E+00  0.000E+00
   1.00000E+01  2.70000E+02  1.62497E-07  6.929E-08  1.00593E-04  4.277E-06  0.00000E+00  0.000E+00
   1.00000E+01  2.90000E+02  1.77270E-07  7.237E-08  9.65307E-05  4.203E-06  0.00000E+00  0.000E+00
   1.00000E+01  3.10000E+02  3.76698E-07  2.647E-07  1.00202E-04  4.329E-06  0.00000E+00  0.000E+00
   1.00000E+01  3.30000E+02  1.03407E-07  5.527E-08  9.69591E-05  4.202E-06  0.00000E+00  0.000E+00
   1.00000E+01  3.50000E+02  3.32381E-07  2.622E-07  9.96699E-05  4.273E-06  0.00000E+00  0.000E+00

   1.40000E+01  1.00000E+01  1.64354E-07  1.166E-07  9.82306E-05  3.624E-06  0.00000E+00  0.000E+00
   1.40000E+01  3.00000E+01  4.24139E-07  2.441E-07  9.46519E-05  3.524E-06  0.00000E+00  0.000E+00
   1.40000E+01  5.00000E+01  2.75690E-07  1.615E-07  9.38037E-05  3.466E-06  0.00000E+00  0.000E+00
   1.40000E+01  7.00000E+01  3.12803E-07  1.923E-07  9.98105E-05  3.651E-06  0.00000E+00  0.000E+00
   1.40000E+01  9.00000E+01  1.96164E-07  1.195E-07  9.71438E-05  3.587E-06  0.00000E+00  0.000E+00
   1.40000E+01  1.10000E+02  3.92329E-07  2.209E-07  9.64916E-05  3.571E-06  0.00000E+00  0.000E+00
   1.40000E+01  1.30000E+02  2.33277E-07  1.587E-07  9.78701E-05  3.598E-06  0.00000E+00  0.000E+00
   1.40000E+01  1.50000E+02  3.28708E-07  1.932E-07  9.82889E-05  3.601E-06  0.00000E+00  0.000E+00
   1.40000E+01  1.70000E+02  3.65820E-07  2.196E-07  9.91637E-05  3.640E-06  0.00000E+00  0.000E+00
   1.40000E+01  1.90000E+02  1.90863E-07  1.190E-07  9.60993E-05  3.549E-06  0.00000E+00  0.000E+00
   1.40000E+01  2.10000E+02  2.49182E-07  1.598E-07  9.87025E-05  3.657E-06  0.00000E+00  0.000E+00
   1.40000E+01  2.30000E+02  3.23406E-07  1.929E-07  9.86919E-05  3.608E-06  0.00000E+00  0.000E+00
   1.40000E+01  2.50000E+02  2.06768E-07  1.204E-07  9.75944E-05  3.605E-06  0.00000E+00  0.000E+00
   1.40000E+01  2.70000E+02  2.27975E-07  1.583E-07  9.65182E-05  3.562E-06  0.00000E+00  0.000E+00
   1.40000E+01  2.90000E+02  1.69656E-07  5.998E-08  9.67620E-05  3.580E-06  0.00000E+00  0.000E+00
   1.40000E+01  3.10000E+02  2.17371E-07  1.214E-07  9.70218E-05  3.562E-06  0.00000E+00  0.000E+00
   1.40000E+01  3.30000E+02  3.60518E-07  2.194E-07  9.43444E-05  3.509E-06  0.00000E+00  0.000E+00
   1.40000E+01  3.50000E+02  1.69656E-07  5.998E-08  9.54472E-05  3.521E-06  0.00000E+00  0.000E+00

   1.80000E+01  1.00000E+01  3.94307E-07  1.938E-07  9.42809E-05  3.129E-06  0.00000E+00  0.000E+00
   1.80000E+01  3.00000E+01  3.15446E-07  1.904E-07  9.52605E-05  3.141E-06  0.00000E+00  0.000E+00
   1.80000E+01  5.00000E+01  1.99229E-07  9.752E-08  9.29361E-05  3.086E-06  0.00000E+00  0.000E+00
   1.80000E+01  7.00000E+01  2.53187E-07  1.289E-07  9.24381E-05  3.081E-06  0.00000E+00  0.000E+00
   1.80000E+01  9.00000E+01  2.07530E-07  1.259E-07  9.38119E-05  3.108E-06  0.00000E+00  0.000E+00
   1.80000E+01  1.10000E+02  1.36970E-07  4.769E-08  9.65057E-05  3.172E-06  0.00000E+00  0.000E+00
   1.80000E+01  1.30000E+02  3.86006E-07  1.934E-07  9.33844E-05  3.104E-06  0.00000E+00  0.000E+00
   1.80000E+01  1.50000E+02  2.32434E-07  1.275E-07  9.51733E-05  3.128E-06  0.00000E+00  0.000E+00
   1.80000E+01  1.70000E+02  2.28283E-07  1.273E-07  9.51775E-05  3.124E-06  0.00000E+00  0.000E+00
   1.80000E+01  1.90000E+02  2.65639E-07  1.517E-07  9.31063E-05  3.090E-06  0.00000E+00  0.000E+00
   1.80000E+01  2.10000E+02  2.11681E-07  1.262E-07  9.39447E-05  3.117E-06  0.00000E+00  0.000E+00
   1.80000E+01  2.30000E+02  2.49036E-07  1.508E-07  9.45134E-05  3.127E-06  0.00000E+00  0.000E+00
   1.80000E+01  2.50000E+02  2.73940E-07  1.522E-07  8.89972E-05  2.993E-06  0.00000E+00  0.000E+00
   1.80000E+01  2.70000E+02  2.57337E-07  1.513E-07  9.47001E-05  3.128E-06  0.00000E+00  0.000E+00
   1.80000E+01  2.90000E+02  2.07530E-07  5.870E-08  9.47583E-05  3.135E-06  0.00000E+00  0.000E+00
   1.80000E+01  3.10000E+02  2.53187E-07  1.289E-07  9.47500E-05  3.140E-06  0.00000E+00  0.000E+00
   1.80000E+01  3.30000E+02  2.86392E-07  1.528E-07  9.50239E-05  3.138E-06  0.00000E+00  0.000E+00
   1.80000E+01  3.50000E+02  3.27898E-07  1.551E-07  9.50446E-05  3.137E-06  0.00000E+00  0.000E+00

   2.20000E+01  1.00000E+01  1.98585E-07  1.056E-07  9.06266E-05  2.774E-06  0.00000E+00  0.000E+00
   2.20000E+01  3.00000E+01  2.29400E-07  1.257E-07  8.86133E-05  2.725E-06  0.00000E+00  0.000E+00
   2.20000E+01  5.00000E+01  1.12988E-07  3.934E-08  8.75348E-05  2.699E-06  0.00000E+00  0.000E+00
   2.20000E+01  7.00000E+01  2.77334E-07  1.283E-07  8.95789E-05  2.737E-06  0.00000E+00  0.000E+00
   2.20000E+01  9.00000E+01  2.12280E-07  1.065E-07  8.82983E-05  2.705E-06  0.00000E+00  0.000E+00
   2.20000E+01  1.10000E+02  2.84182E-07  1.581E-07  9.03082E-05  2.760E-06  0.00000E+00  0.000E+00
   2.20000E+01  1.30000E+02  1.54074E-07  7.956E-08  9.02089E-05  2.751E-06  0.00000E+00  0.000E+00
   2.20000E+01  1.50000E+02  3.14997E-07  1.594E-07  9.05478E-05  2.773E-06  0.00000E+00  0.000E+00
   2.20000E+01  1.70000E+02  1.91737E-07  1.236E-07  8.99315E-05  2.767E-06  0.00000E+00  0.000E+00
   2.20000E+01  1.90000E+02  1.78042E-07  1.043E-07  9.03013E-05  2.766E-06  0.00000E+00  0.000E+00
   2.20000E+01  2.10000E+02  1.78042E-07  8.160E-08  9.07088E-05  2.768E-06  0.00000E+00  0.000E+00
   2.20000E+01  2.30000E+02  2.05433E-07  1.061E-07  8.84456E-05  2.715E-06  0.00000E+00  0.000E+00
   2.20000E+01  2.50000E+02  2.94453E-07  1.446E-07  9.10580E-05  2.786E-06  0.00000E+00  0.000E+00
   2.20000E+01  2.70000E+02  1.64346E-07  8.044E-08  8.90790E-05  2.732E-06  0.00000E+00  0.000E+00
   2.20000E+01  2.90000E+02  2.32824E-07  1.259E-07  9.05376E-05  2.763E-06  0.00000E+00  0.000E+00
   2.20000E+01  3.10000E+02  2.84182E-07  1.441E-07  9.10101E-05  2.774E-06  0.00000E+00  0.000E+00
   2.20000E+01  3.30000E+02  2.29400E-07  1.076E-07  8.94145E-05  2.752E-06  0.00000E+00  0.000E+00
   2.20000E+01  3.50000E+02  3.38964E-07  1.731E-07  8.99521E-05  2.743E-06  0.00000E+00  0.000E+00

   2.60000E+01  1.00000E+01  1.87254E-07  1.069E-07  8.57536E-05  2.481E-06  0.00000E+00  0.000E+00
   2.60000E+01  3.00000E+01  2.42845E-07  1.232E-07  8.42615E-05  2.444E-06  0.00000E+00  0.000E+00
   2.60000E+01  5.00000E+01  2.10661E-07  9.289E-08  8.30297E-05  2.410E-06  0.00000E+00  0.000E+00
   2.60000E+01  7.00000E+01  1.43366E-07  4.096E-08  8.70703E-05  2.507E-06  0.00000E+00  0.000E+00
   2.60000E+01  9.00000E+01  2.69178E-07  1.244E-07  8.30033E-05  2.409E-06  0.00000E+00  0.000E+00
   2.60000E+01  1.10000E+02  1.49218E-07  6.948E-08  8.49432E-05  2.461E-06  0.00000E+00  0.000E+00
   2.60000E+01  1.30000E+02  1.63847E-07  7.071E-08  8.31204E-05  2.422E-06  0.00000E+00  0.000E+00
   2.60000E+01  1.50000E+02  1.75551E-07  9.065E-08  8.30765E-05  2.414E-06  0.00000E+00  0.000E+00
   2.60000E+01  1.70000E+02  2.80881E-07  1.367E-07  8.63388E-05  2.484E-06  0.00000E+00  0.000E+00
   2.60000E+01  1.90000E+02  2.51623E-07  1.104E-07  8.32169E-05  2.411E-06  0.00000E+00  0.000E+00
   2.60000E+01  2.10000E+02  3.56953E-07  1.605E-07  8.48291E-05  2.448E-06  0.00000E+00  0.000E+00
   2.60000E+01  2.30000E+02  2.95510E-07  1.374E-07  8.29273E-05  2.418E-06  0.00000E+00  0.000E+00
   2.60000E+01  2.50000E+02  2.01883E-07  9.234E-08  8.36792E-05  2.432E-06  0.00000E+00  0.000E+00
   2.60000E+01  2.70000E+02  2.34068E-07  1.227E-07  8.37436E-05  2.433E-06  0.00000E+00  0.000E+00
   2.60000E+01  2.90000E+02  1.98958E-07  7.355E-08  8.30970E-05  2.421E-06  0.00000E+00  0.000E+00
   2.60000E+01  3.10000E+02  2.54549E-07  1.106E-07  8.36763E-05  2.431E-06  0.00000E+00  0.000E+00
   2.60000E+01  3.30000E+02  2.45771E-07  1.233E-07  8.76379E-05  2.519E-06  0.00000E+00  0.000E+00
   2.60000E+01  3.50000E+02  2.83807E-07  1.369E-07  8.34773E-05  2.425E-06  0.00000E+00  0.000E+00

   3.00000E+01  1.00000E+01  1.97521E-07  9.557E-08  7.93703E-05  2.209E-06  0.00000E+00  0.000E+00
   3.00000E+01  3.00000E+01  2.74478E-07  1.211E-07  7.86315E-05  2.206E-06  0.00000E+00  0.000E+00
   3.00000E+01  5.00000E+01  1.84695E-07  8.144E-08  7.81338E-05  2.188E-06  0.00000E+00  0.000E+00
   3.00000E+01  7.00000E+01  1.41087E-07  3.805E-08  8.00526E-05  2.220E-06  0.00000E+00  0.000E+00
   3.00000E+01  9.00000E+01  2.61652E-07  1.103E-07  7.92805E-05  2.214E-06  0.00000E+00  0.000E+00
   3.00000E+01  1.10000E+02  2.15478E-07  1.081E-07  7.84032E-05  2.185E-06  0.00000E+00  0.000E+00
   3.00000E+01  1.30000E+02  1.89826E-07  6.570E-08  8.00526E-05  2.222E-06  0.00000E+00  0.000E+00
   3.00000E+01  1.50000E+02  3.41173E-07  1.417E-07  8.12018E-05  2.256E-06  0.00000E+00  0.000E+00
   3.00000E+01  1.70000E+02  1.71869E-07  8.063E-08  8.03450E-05  2.236E-06  0.00000E+00  0.000E+00
   3.00000E+01  1.90000E+02  2.77043E-07  1.212E-07  7.82493E-05  2.190E-06  0.00000E+00  0.000E+00
   3.00000E+01  2.10000E+02  2.48826E-07  1.200E-07  7.75823E-05  2.167E-06  0.00000E+00  0.000E+00
   3.00000E+01  2.30000E+02  3.00130E-07  1.315E-07  7.86033E-05  2.181E-06  0.00000E+00  0.000E+00
   3.00000E+01  2.50000E+02  1.33391E-07  3.700E-08  7.88803E-05  2.199E-06  0.00000E+00  0.000E+00
   3.00000E+01  2.70000E+02  1.82130E-07  8.128E-08  8.08735E-05  2.248E-06  0.00000E+00  0.000E+00
   3.00000E+01  2.90000E+02  2.53956E-07  1.099E-07  7.82724E-05  2.183E-06  0.00000E+00  0.000E+00
   3.00000E+01  3.10000E+02  2.07782E-07  9.612E-08  7.85520E-05  2.184E-06  0.00000E+00  0.000E+00
   3.00000E+01  3.30000E+02  1.51348E-07  6.262E-08  7.87726E-05  2.188E-06  0.00000E+00  0.000E+00
   3.00000E+01  3.50000E+02  2.59087E-07  1.102E-07  7.88341E-05  2.195E-06  0.00000E+00  0.000E+00

   3.40000E+01  1.00000E+01  3.62401E-07  1.427E-07  7.28746E-05  1.988E-06  0.00000E+00  0.000E+00
   3.40000E+01  3.00000E+01  2.22486E-07  9.807E-08  7.32302E-05  1.990E-06  0.00000E+00  0.000E+00
   3.40000E+01  5.00000E+01  2.47717E-07  1.084E-07  7.17370E-05  1.962E-06  0.00000E+00  0.000E+00
   3.40000E+01  7.00000E+01  2.15605E-07  1.070E-07  7.14411E-05  1.950E-06  0.00000E+00  0.000E+00
   3.40000E+01  9.00000E+01  2.29367E-07  1.076E-07  7.01153E-05  1.926E-06  0.00000E+00  0.000E+00
   3.40000E+01  1.10000E+02  2.27074E-07  1.075E-07  7.32577E-05  1.992E-06  0.00000E+00  0.000E+00
   3.40000E+01  1.30000E+02  1.97256E-07  8.655E-08  7.10236E-05  1.947E-06  0.00000E+00  0.000E+00
   3.40000E+01  1.50000E+02  2.61479E-07  1.089E-07  7.22485E-05  1.975E-06  0.00000E+00  0.000E+00
   3.40000E+01  1.70000E+02  1.88081E-07  8.607E-08  7.34595E-05  2.000E-06  0.00000E+00  0.000E+00
   3.40000E+01  1.90000E+02  1.58264E-07  7.239E-08  7.24824E-05  1.961E-06  0.00000E+00  0.000E+00
   3.40000E+01  2.10000E+02  2.15605E-07  9.774E-08  7.15695E-05  1.951E-06  0.00000E+00  0.000E+00
   3.40000E+01  2.30000E+02  1.42208E-07  7.136E-08  7.25765E-05  1.975E-06  0.00000E+00  0.000E+00
   3.40000E+01  2.50000E+02  1.42208E-07  5.656E-08  7.41362E-05  2.016E-06  0.00000E+00  0.000E+00
   3.40000E+01  2.70000E+02  2.36249E-07  1.079E-07  7.27233E-05  1.989E-06  0.00000E+00  0.000E+00
   3.40000E+01  2.90000E+02  2.47717E-07  1.168E-07  7.22118E-05  1.971E-06  0.00000E+00  0.000E+00
   3.40000E+01  3.10000E+02  1.16977E-07  5.447E-08  6.99525E-05  1.928E-06  0.00000E+00  0.000E+00
   3.40000E+01  3.30000E+02  1.33033E-07  7.077E-08  7.26797E-05  1.984E-06  0.00000E+00  0.000E+00
   3.40000E+01  3.50000E+02  1.85788E-07  7.411E-08  7.36453E-05  2.005E-06  0.00000E+00  0.000E+00

   3.80000E+01  1.00000E+01  1.35414E-07  5.187E-08  6.46427E-05  1.751E-06  0.00000E+00  0.000E+00
   3.80000E+01  3.00000E+01  1.81247E-07  7.873E-08  6.44843E-05  1.748E-06  0.00000E+00  0.000E+00
   3.80000E+01  5.00000E+01  2.02080E-07  8.907E-08  6.34281E-05  1.721E-06  0.00000E+00  0.000E+00
   3.80000E+01  7.00000E+01  1.54164E-07  6.640E-08  6.59447E-05  1.783E-06  0.00000E+00  0.000E+00
   3.80000E+01  9.00000E+01  2.24996E-07  9.842E-08  6.67093E-05  1.795E-06  0.00000E+00  0.000E+00
   3.80000E+01  1.10000E+02  1.54164E-07  6.640E-08  6.75135E-05  1.808E-06  0.00000E+00  0.000E+00
   3.80000E+01  1.30000E+02  2.29163E-07  9.033E-08  6.37344E-05  1.730E-06  0.00000E+00  0.000E+00
   3.80000E+01  1.50000E+02  2.66662E-07  1.213E-07  6.58427E-05  1.783E-06  0.00000E+00  0.000E+00
   3.80000E+01  1.70000E+02  1.47914E-07  6.601E-08  6.45010E-05  1.757E-06  0.00000E+00  0.000E+00
   3.80000E+01  1.90000E+02  1.66664E-07  7.795E-08  6.61489E-05  1.787E-06  0.00000E+00  0.000E+00
   3.80000E+01  2.10000E+02  1.83330E-07  7.884E-08  6.59718E-05  1.775E-06  0.00000E+00  0.000E+00
   3.80000E+01  2.30000E+02  1.43748E-07  5.254E-08  6.68739E-05  1.803E-06  0.00000E+00  0.000E+00
   3.80000E+01  2.50000E+02  1.77080E-07  7.850E-08  6.53093E-05  1.764E-06  0.00000E+00  0.000E+00
   3.80000E+01  2.70000E+02  1.95830E-07  6.897E-08  6.44177E-05  1.744E-06  0.00000E+00  0.000E+00
   3.80000E+01  2.90000E+02  2.33329E-07  1.064E-07  6.54802E-05  1.758E-06  0.00000E+00  0.000E+00
   3.80000E+01  3.10000E+02  1.68747E-07  6.731E-08  6.56906E-05  1.779E-06  0.00000E+00  0.000E+00
   3.80000E+01  3.30000E+02  2.16663E-07  8.975E-08  6.75530E-05  1.823E-06  0.00000E+00  0.000E+00
   3.80000E+01  3.50000E+02  2.87495E-07  1.155E-07  6.52322E-05  1.767E-06  0.00000E+00  0.000E+00

   4.20000E+01  1.00000E+01  1.38011E-07  6.086E-08  5.89577E-05  1.602E-06  0.00000E+00  0.000E+00
   4.20000E+01  3.00000E+01  1.80182E-07  8.168E-08  5.84670E-05  1.593E-06  0.00000E+00  0.000E+00
   4.20000E+01  5.00000E+01  9.39245E-08  2.684E-08  5.86836E-05  1.593E-06  0.00000E+00  0.000E+00
   4.20000E+01  7.00000E+01  1.70597E-07  8.123E-08  5.77923E-05  1.563E-06  0.00000E+00  0.000E+00
   4.20000E+01  9.00000E+01  2.08934E-07  9.064E-08  5.78651E-05  1.582E-06  0.00000E+00  0.000E+00
   4.20000E+01  1.10000E+02  9.96749E-08  2.764E-08  5.87507E-05  1.593E-06  0.00000E+00  0.000E+00
   4.20000E+01  1.30000E+02  2.35770E-07  9.871E-08  5.77482E-05  1.575E-06  0.00000E+00  0.000E+00
   4.20000E+01  1.50000E+02  1.38011E-07  4.879E-08  5.84843E-05  1.589E-06  0.00000E+00  0.000E+00
   4.20000E+01  1.70000E+02  1.62930E-07  6.264E-08  5.81852E-05  1.577E-06  0.00000E+00  0.000E+00
   4.20000E+01  1.90000E+02  2.45354E-07  1.055E-07  5.83539E-05  1.585E-06  0.00000E+00  0.000E+00
   4.20000E+01  2.10000E+02  2.03184E-07  9.040E-08  5.75738E-05  1.566E-06  0.00000E+00  0.000E+00
   4.20000E+01  2.30000E+02  2.41520E-07  1.054E-07  5.72958E-05  1.554E-06  0.00000E+00  0.000E+00
   4.20000E+01  2.50000E+02  2.20435E-07  9.811E-08  5.79169E-05  1.573E-06  0.00000E+00  0.000E+00
   4.20000E+01  2.70000E+02  1.97433E-07  9.015E-08  5.88312E-05  1.593E-06  0.00000E+00  0.000E+00
   4.20000E+01  2.90000E+02  2.14684E-07  8.329E-08  5.76524E-05  1.570E-06  0.00000E+00  0.000E+00
   4.20000E+01  3.10000E+02  2.76023E-07  1.127E-07  5.81622E-05  1.586E-06  0.00000E+00  0.000E+00
   4.20000E+01  3.30000E+02  1.39928E-07  6.098E-08  5.73035E-05  1.556E-06  0.00000E+00  0.000E+00
   4.20000E+01  3.50000E+02  1.64847E-07  7.233E-08  5.71655E-05  1.558E-06  0.00000E+00  0.000E+00

   4.60000E+01  1.00000E+01  1.49775E-07  5.794E-08  4.97680E-05  1.377E-06  0.00000E+00  0.000E+00
   4.60000E+01  3.00000E+01  1.92568E-07  8.424E-08  5.01585E-05  1.378E-06  0.00000E+00  0.000E+00
   4.60000E+01  5.00000E+01  1.80086E-07  8.371E-08  4.98821E-05  1.377E-06  0.00000E+00  0.000E+00
   4.60000E+01  7.00000E+01  1.30161E-07  5.672E-08  5.12051E-05  1.407E-06  0.00000E+00  0.000E+00
   4.60000E+01  9.00000E+01  1.47992E-07  5.783E-08  4.97163E-05  1.369E-06  0.00000E+00  0.000E+00
   4.60000E+01  1.10000E+02  1.71171E-07  8.333E-08  4.93062E-05  1.363E-06  0.00000E+00  0.000E+00
   4.60000E+01  1.30000E+02  1.30161E-07  6.604E-08  4.98072E-05  1.383E-06  0.00000E+00  0.000E+00
   4.60000E+01  1.50000E+02  2.03266E-07  9.120E-08  5.01157E-05  1.382E-06  0.00000E+00  0.000E+00
   4.60000E+01  1.70000E+02  2.19313E-07  9.182E-08  5.00497E-05  1.382E-06  0.00000E+00  0.000E+00
   4.60000E+01  1.90000E+02  2.05049E-07  9.127E-08  4.88569E-05  1.352E-06  0.00000E+00  0.000E+00
   4.60000E+01  2.10000E+02  1.62256E-07  6.776E-08  4.99214E-05  1.379E-06  0.00000E+00  0.000E+00
   4.60000E+01  2.30000E+02  1.49775E-07  5.794E-08  5.05989E-05  1.393E-06  0.00000E+00  0.000E+00
   4.60000E+01  2.50000E+02  1.99700E-07  8.454E-08  5.05971E-05  1.395E-06  0.00000E+00  0.000E+00
   4.60000E+01  2.70000E+02  2.78153E-07  1.055E-07  5.04420E-05  1.397E-06  0.00000E+00  0.000E+00
   4.60000E+01  2.90000E+02  1.72954E-07  7.623E-08  5.12729E-05  1.419E-06  0.00000E+00  0.000E+00
   4.60000E+01  3.10000E+02  1.47992E-07  6.700E-08  4.97787E-05  1.375E-06  0.00000E+00  0.000E+00
   4.60000E+01  3.30000E+02  2.12181E-07  9.154E-08  4.99392E-05  1.383E-06  0.00000E+00  0.000E+00
   4.60000E+01  3.50000E+02  1.10548E-07  4.397E-08  5.03849E-05  1.396E-06  0.00000E+00  0.000E+00

   5.00000E+01  1.00000E+01  1.54038E-07  7.119E-08  4.17694E-05  1.189E-06  0.00000E+00  0.000E+00
   5.00000E+01  3.00000E+01  1.43992E-07  6.318E-08  4.27807E-05  1.207E-06  0.00000E+00  0.000E+00
   5.00000E+01  5.00000E+01  1.67432E-07  7.853E-08  4.17962E-05  1.186E-06  0.00000E+00  0.000E+00
   5.00000E+01  7.00000E+01  1.77478E-07  7.229E-08  4.27103E-05  1.208E-06  0.00000E+00  0.000E+00
   5.00000E+01  9.00000E+01  1.38969E-07  6.292E-08  4.23721E-05  1.202E-06  0.00000E+00  0.000E+00
   5.00000E+01  1.10000E+02  1.27249E-07  4.314E-08  4.27120E-05  1.210E-06  0.00000E+00  0.000E+00
   5.00000E+01  1.30000E+02  1.59061E-07  6.398E-08  4.22700E-05  1.201E-06  0.00000E+00  0.000E+00
   5.00000E+01  1.50000E+02  1.49015E-07  6.345E-08  4.24692E-05  1.209E-06  0.00000E+00  0.000E+00
   5.00000E+01  1.70000E+02  2.19336E-07  9.769E-08  4.26886E-05  1.210E-06  0.00000E+00  0.000E+00
   5.00000E+01  1.90000E+02  1.59061E-07  7.143E-08  4.33432E-05  1.230E-06  0.00000E+00  0.000E+00
   5.00000E+01  2.10000E+02  1.72455E-07  6.467E-08  4.17392E-05  1.194E-06  0.00000E+00  0.000E+00
   5.00000E+01  2.30000E+02  1.17203E-07  4.236E-08  4.27773E-05  1.208E-06  0.00000E+00  0.000E+00
   5.00000E+01  2.50000E+02  1.47341E-07  5.482E-08  4.27221E-05  1.204E-06  0.00000E+00  0.000E+00
   5.00000E+01  2.70000E+02  1.85850E-07  7.931E-08  4.30368E-05  1.223E-06  0.00000E+00  0.000E+00
   5.00000E+01  2.90000E+02  1.37295E-07  5.420E-08  4.19519E-05  1.194E-06  0.00000E+00  0.000E+00
   5.00000E+01  3.10000E+02  1.40643E-07  5.441E-08  4.25864E-05  1.208E-06  0.00000E+00  0.000E+00
   5.00000E+01  3.30000E+02  2.27708E-07  9.797E-08  4.24224E-05  1.212E-06  0.00000E+00  0.000E+00
   5.00000E+01  3.50000E+02  1.90873E-07  7.953E-08  4.26517E-05  1.211E-06  0.00000E+00  0.000E+00

   5.40000E+01  1.00000E+01  1.61710E-07  7.450E-08  3.38576E-05  1.007E-06  0.00000E+00  0.000E+00
   5.40000E+01  3.00000E+01  8.40256E-08  2.308E-08  3.43570E-05  1.022E-06  0.00000E+00  0.000E+00
   5.40000E+01  5.00000E+01  9.98795E-08  3.922E-08  3.42983E-05  1.004E-06  0.00000E+00  0.000E+00
   5.40000E+01  7.00000E+01  1.15733E-07  5.043E-08  3.47359E-05  1.024E-06  0.00000E+00  0.000E+00
   5.40000E+01  9.00000E+01  2.10857E-07  9.261E-08  3.50244E-05  1.032E-06  0.00000E+00  0.000E+00
   5.40000E+01  1.10000E+02  1.74393E-07  6.874E-08  3.53003E-05  1.041E-06  0.00000E+00  0.000E+00
   5.40000E+01  1.30000E+02  1.22075E-07  5.083E-08  3.39892E-05  1.004E-06  0.00000E+00  0.000E+00
   5.40000E+01  1.50000E+02  2.01344E-07  8.724E-08  3.45979E-05  1.021E-06  0.00000E+00  0.000E+00
   5.40000E+01  1.70000E+02  9.51233E-08  2.456E-08  3.40906E-05  1.002E-06  0.00000E+00  0.000E+00
   5.40000E+01  1.90000E+02  1.28417E-07  5.940E-08  3.39749E-05  1.014E-06  0.00000E+00  0.000E+00
   5.40000E+01  2.10000E+02  1.26831E-07  5.932E-08  3.59630E-05  1.074E-06  0.00000E+00  0.000E+00
   5.40000E+01  2.30000E+02  6.81717E-08  2.079E-08  3.47628E-05  1.024E-06  0.00000E+00  0.000E+00
   5.40000E+01  2.50000E+02  1.88661E-07  8.678E-08  3.36150E-05  1.000E-06  0.00000E+00  0.000E+00
   5.40000E+01  2.70000E+02  1.63295E-07  6.823E-08  3.52543E-05  1.051E-06  0.00000E+00  0.000E+00
   5.40000E+01  2.90000E+02  1.47441E-07  6.749E-08  3.44537E-05  1.022E-06  0.00000E+00  0.000E+00
   5.40000E+01  3.10000E+02  1.44270E-07  6.734E-08  3.35912E-05  9.955E-07  0.00000E+00  0.000E+00
   5.40000E+01  3.30000E+02  9.19526E-08  3.857E-08  3.50292E-05  1.030E-06  0.00000E+00  0.000E+00
   5.40000E+01  3.50000E+02  1.77564E-07  8.096E-08  3.42729E-05  1.019E-06  0.00000E+00  0.000E+00

   5.80000E+01  1.00000E+01  1.16457E-07  6.323E-08  2.66368E-05  8.275E-07  0.00000E+00  0.000E+00
   5.80000E+01  3.00000E+01  1.42168E-07  7.055E-08  2.68258E-05  8.386E-07  0.00000E+00  0.000E+00
   5.80000E+01  5.00000E+01  1.11919E-07  4.821E-08  2.71676E-05  8.444E-07  0.00000E+00  0.000E+00
   5.80000E+01  7.00000E+01  1.10407E-07  4.811E-08  2.67275E-05  8.335E-07  0.00000E+00  0.000E+00
   5.80000E+01  9.00000E+01  1.63342E-07  6.544E-08  2.69529E-05  8.422E-07  0.00000E+00  0.000E+00
   5.80000E+01  1.10000E+02  1.10407E-07  5.602E-08  2.71011E-05  8.544E-07  0.00000E+00  0.000E+00
   5.80000E+01  1.30000E+02  9.98199E-08  4.744E-08  2.69680E-05  8.347E-07  0.00000E+00  0.000E+00
   5.80000E+01  1.50000E+02  1.24019E-07  5.675E-08  2.75140E-05  8.623E-07  0.00000E+00  0.000E+00
   5.80000E+01  1.70000E+02  1.46705E-07  6.466E-08  2.70088E-05  8.420E-07  0.00000E+00  0.000E+00
   5.80000E+01  1.90000E+02  1.10407E-07  5.602E-08  2.76062E-05  8.589E-07  0.00000E+00  0.000E+00
   5.80000E+01  2.10000E+02  9.22577E-08  3.717E-08  2.74958E-05  8.560E-07  0.00000E+00  0.000E+00
   5.80000E+01  2.30000E+02  1.57292E-07  7.676E-08  2.72796E-05  8.502E-07  0.00000E+00  0.000E+00
   5.80000E+01  2.50000E+02  1.01332E-07  4.754E-08  2.64492E-05  8.085E-07  0.00000E+00  0.000E+00
   5.80000E+01  2.70000E+02  9.37702E-08  4.706E-08  2.63857E-05  8.255E-07  0.00000E+00  0.000E+00
   5.80000E+01  2.90000E+02  1.19481E-07  5.651E-08  2.67638E-05  8.270E-07  0.00000E+00  0.000E+00
   5.80000E+01  3.10000E+02  1.14944E-07  4.840E-08  2.67457E-05  8.309E-07  0.00000E+00  0.000E+00
   5.80000E+01  3.30000E+02  1.34606E-07  6.410E-08  2.67668E-05  8.326E-07  0.00000E+00  0.000E+00
   5.80000E+01  3.50000E+02  1.39143E-07  6.431E-08  2.73764E-05  8.430E-07  0.00000E+00  0.000E+00

   6.20000E+01  1.00000E+01  1.13306E-07  5.420E-08  2.03820E-05  6.738E-07  0.00000E+00  0.000E+00
   6.20000E+01  3.00000E+01  1.43812E-07  6.807E-08  2.00043E-05  6.505E-07  0.00000E+00  0.000E+00
   6.20000E+01  5.00000E+01  1.48169E-07  7.361E-08  2.00973E-05  6.630E-07  0.00000E+00  0.000E+00
   6.20000E+01  7.00000E+01  1.16211E-07  5.435E-08  2.01380E-05  6.602E-07  0.00000E+00  0.000E+00
   6.20000E+01  9.00000E+01  1.10401E-07  4.648E-08  2.05142E-05  6.767E-07  0.00000E+00  0.000E+00
   6.20000E+01  1.10000E+02  1.10401E-07  5.404E-08  2.00290E-05  6.545E-07  0.00000E+00  0.000E+00
   6.20000E+01  1.30000E+02  7.55374E-08  3.462E-08  2.05186E-05  6.779E-07  0.00000E+00  0.000E+00
   6.20000E+01  1.50000E+02  1.17664E-07  6.101E-08  1.99302E-05  6.558E-07  0.00000E+00  0.000E+00
   6.20000E+01  1.70000E+02  1.35096E-07  7.310E-08  2.07336E-05  6.850E-07  0.00000E+00  0.000E+00
   6.20000E+01  1.90000E+02  1.14759E-07  6.087E-08  2.05781E-05  6.736E-07  0.00000E+00  0.000E+00
   6.20000E+01  2.10000E+02  1.24927E-07  6.726E-08  2.02978E-05  6.679E-07  0.00000E+00  0.000E+00
   6.20000E+01  2.30000E+02  8.71585E-08  4.520E-08  1.97574E-05  6.490E-07  0.00000E+00  0.000E+00
   6.20000E+01  2.50000E+02  1.55433E-07  6.857E-08  2.06696E-05  6.768E-07  0.00000E+00  0.000E+00
   6.20000E+01  2.70000E+02  1.04590E-07  5.388E-08  2.01830E-05  6.662E-07  0.00000E+00  0.000E+00
   6.20000E+01  2.90000E+02  1.32190E-07  6.758E-08  1.99056E-05  6.537E-07  0.00000E+00  0.000E+00
   6.20000E+01  3.10000E+02  1.53980E-07  6.851E-08  2.03108E-05  6.695E-07  0.00000E+00  0.000E+00
   6.20000E+01  3.30000E+02  8.42532E-08  4.482E-08  2.09268E-05  6.870E-07  0.00000E+00  0.000E+00
   6.20000E+01  3.50000E+02  1.48169E-07  7.361E-08  2.00203E-05  6.612E-07  0.00000E+00  0.000E+00

   6.60000E+01  1.00000E+01  1.02491E-07  5.200E-08  1.75470E-05  5.737E-07  0.00000E+00  0.000E+00
   6.60000E+01  3.00000E+01  1.06703E-07  5.223E-08  1.82813E-05  6.047E-07  0.00000E+00  0.000E+00
   6.60000E+01  5.00000E+01  1.29167E-07  6.537E-08  1.79921E-05  5.965E-07  0.00000E+00  0.000E+00
   6.60000E+01  7.00000E+01  7.01994E-08  3.322E-08  1.80455E-05  6.062E-07  0.00000E+00  0.000E+00
   6.60000E+01  9.00000E+01  8.70472E-08  4.368E-08  1.81788E-05  6.086E-07  0.00000E+00  0.000E+00
   6.60000E+01  1.10000E+02  6.31795E-08  3.263E-08  1.79500E-05  6.044E-07  0.00000E+00  0.000E+00
   6.60000E+01  1.30000E+02  7.01994E-08  3.322E-08  1.84723E-05  6.200E-07  0.00000E+00  0.000E+00
   6.60000E+01  1.50000E+02  8.42393E-08  4.350E-08  1.69897E-05  5.577E-07  0.00000E+00  0.000E+00
   6.60000E+01  1.70000E+02  9.54712E-08  5.162E-08  1.79921E-05  6.046E-07  0.00000E+00  0.000E+00
   6.60000E+01  1.90000E+02  8.14313E-08  4.332E-08  1.74642E-05  5.868E-07  0.00000E+00  0.000E+00
   6.60000E+01  2.10000E+02  1.24955E-07  6.519E-08  1.84414E-05  6.196E-07  0.00000E+00  0.000E+00
   6.60000E+01  2.30000E+02  5.75635E-08  1.798E-08  1.77169E-05  5.920E-07  0.00000E+00  0.000E+00
   6.60000E+01  2.50000E+02  1.05299E-07  5.216E-08  1.74642E-05  5.885E-07  0.00000E+00  0.000E+00
   6.60000E+01  2.70000E+02  1.15127E-07  5.268E-08  1.73350E-05  5.781E-07  0.00000E+00  0.000E+00
   6.60000E+01  2.90000E+02  8.98552E-08  5.132E-08  1.73505E-05  5.766E-07  0.00000E+00  0.000E+00
   6.60000E+01  3.10000E+02  6.03715E-08  3.238E-08  1.77801E-05  5.987E-07  0.00000E+00  0.000E+00
   6.60000E+01  3.30000E+02  7.86233E-08  4.314E-08  1.76776E-05  5.924E-07  0.00000E+00  0.000E+00
   6.60000E+01  3.50000E+02  1.09511E-07  5.238E-08  1.77675E-05  6.013E-07  0.00000E+00  0.000E+00

   7.00000E+01  1.00000E+01  7.23408E-08  4.167E-08  1.83623E-05  6.162E-07  0.00000E+00  0.000E+00
   7.00000E+01  3.00000E+01  6.27864E-08  3.184E-08  1.82190E-05  6.035E-07  0.00000E+00  0.000E+00
   7.00000E+01  5.00000E+01  1.10559E-07  6.290E-08  1.86353E-05  6.186E-07  0.00000E+00  0.000E+00
   7.00000E+01  7.00000E+01  1.22843E-07  6.344E-08  1.88728E-05  6.306E-07  0.00000E+00  0.000E+00
   7.00000E+01  9.00000E+01  5.59618E-08  3.124E-08  1.84387E-05  6.115E-07  0.00000E+00  0.000E+00
   7.00000E+01  1.10000E+02  4.77723E-08  3.052E-08  1.86517E-05  6.161E-07  0.00000E+00  0.000E+00
   7.00000E+01  1.30000E+02  7.50707E-08  4.185E-08  1.77863E-05  5.891E-07  0.00000E+00  0.000E+00
   7.00000E+01  1.50000E+02  8.05304E-08  4.951E-08  1.81275E-05  6.025E-07  0.00000E+00  0.000E+00
   7.00000E+01  1.70000E+02  6.55162E-08  3.207E-08  1.82886E-05  6.085E-07  0.00000E+00  0.000E+00
   7.00000E+01  1.90000E+02  1.10559E-07  5.733E-08  1.83828E-05  6.116E-07  0.00000E+00  0.000E+00
   7.00000E+01  2.10000E+02  7.37058E-08  4.176E-08  1.88659E-05  6.348E-07  0.00000E+00  0.000E+00
   7.00000E+01  2.30000E+02  7.37058E-08  4.176E-08  1.84715E-05  6.136E-07  0.00000E+00  0.000E+00
   7.00000E+01  2.50000E+02  7.78005E-08  4.203E-08  1.85602E-05  6.142E-07  0.00000E+00  0.000E+00
   7.00000E+01  2.70000E+02  8.05304E-08  3.332E-08  1.83186E-05  6.100E-07  0.00000E+00  0.000E+00
   7.00000E+01  2.90000E+02  6.96110E-08  1.949E-08  1.84128E-05  6.155E-07  0.00000E+00  0.000E+00
   7.00000E+01  3.10000E+02  4.09476E-08  1.495E-08  1.88223E-05  6.196E-07  0.00000E+00  0.000E+00
   7.00000E+01  3.30000E+02  9.28147E-08  5.019E-08  1.88073E-05  6.227E-07  0.00000E+00  0.000E+00
   7.00000E+01  3.50000E+02  9.14497E-08  5.011E-08  1.87240E-05  6.212E-07  0.00000E+00  0.000E+00

   7.40000E+01  1.00000E+01  5.07032E-08  1.645E-08  1.87735E-05  6.160E-07  0.00000E+00  0.000E+00
   7.40000E+01  3.00000E+01  8.40606E-08  4.870E-08  1.92552E-05  6.198E-07  0.00000E+00  0.000E+00
   7.40000E+01  5.00000E+01  7.73891E-08  4.833E-08  1.89497E-05  6.211E-07  0.00000E+00  0.000E+00
   7.40000E+01  7.00000E+01  7.60548E-08  4.108E-08  1.83559E-05  6.103E-07  0.00000E+00  0.000E+00
   7.40000E+01  9.00000E+01  5.73747E-08  3.985E-08  1.82625E-05  6.007E-07  0.00000E+00  0.000E+00
   7.40000E+01  1.10000E+02  5.60404E-08  3.066E-08  1.87001E-05  6.132E-07  0.00000E+00  0.000E+00
   7.40000E+01  1.30000E+02  8.27263E-08  4.862E-08  1.92979E-05  6.358E-07  0.00000E+00  0.000E+00
   7.40000E+01  1.50000E+02  3.06888E-08  1.280E-08  1.89603E-05  6.324E-07  0.00000E+00  0.000E+00
   7.40000E+01  1.70000E+02  1.04075E-07  5.585E-08  1.88402E-05  6.269E-07  0.00000E+00  0.000E+00
   7.40000E+01  1.90000E+02  6.27119E-08  4.021E-08  1.89964E-05  6.316E-07  0.00000E+00  0.000E+00
   7.40000E+01  2.10000E+02  4.67003E-08  1.579E-08  1.89683E-05  6.252E-07  0.00000E+00  0.000E+00
   7.40000E+01  2.30000E+02  3.60260E-08  1.387E-08  1.89363E-05  6.274E-07  0.00000E+00  0.000E+00
   7.40000E+01  2.50000E+02  6.67148E-08  4.047E-08  1.86094E-05  6.133E-07  0.00000E+00  0.000E+00
   7.40000E+01  2.70000E+02  7.87234E-08  5.462E-08  1.87348E-05  6.122E-07  0.00000E+00  0.000E+00
   7.40000E+01  2.90000E+02  6.27119E-08  4.021E-08  1.89163E-05  6.264E-07  0.00000E+00  0.000E+00
   7.40000E+01  3.10000E+02  8.80635E-08  4.892E-08  1.88883E-05  6.190E-07  0.00000E+00  0.000E+00
   7.40000E+01  3.30000E+02  5.33718E-08  3.043E-08  1.90684E-05  6.329E-07  0.00000E+00  0.000E+00
   7.40000E+01  3.50000E+02  7.33862E-08  4.811E-08  1.90778E-05  6.315E-07  0.00000E+00  0.000E+00

   7.80000E+01  1.00000E+01  4.85167E-08  3.863E-08  1.96112E-05  6.519E-07  0.00000E+00  0.000E+00
   7.80000E+01  3.00000E+01  2.88477E-08  1.230E-08  1.90736E-05  6.319E-07  0.00000E+00  0.000E+00
   7.80000E+01  5.00000E+01  6.16293E-08  3.951E-08  1.96060E-05  6.457E-07  0.00000E+00  0.000E+00
   7.80000E+01  7.00000E+01  3.14703E-08  1.285E-08  1.88494E-05  6.161E-07  0.00000E+00  0.000E+00
   7.80000E+01  9.00000E+01  8.39207E-08  5.400E-08  1.93096E-05  6.347E-07  0.00000E+00  0.000E+00
   7.80000E+01  1.10000E+02  5.24504E-08  2.990E-08  1.92598E-05  6.373E-07  0.00000E+00  0.000E+00
   7.80000E+01  1.30000E+02  3.14703E-08  1.285E-08  1.90854E-05  6.245E-07  0.00000E+00  0.000E+00
   7.80000E+01  1.50000E+02  4.32716E-08  2.909E-08  1.96309E-05  6.495E-07  0.00000E+00  0.000E+00
   7.80000E+01  1.70000E+02  6.16293E-08  3.951E-08  1.90920E-05  6.297E-07  0.00000E+00  0.000E+00
   7.80000E+01  1.90000E+02  3.01590E-08  1.258E-08  1.96951E-05  6.515E-07  0.00000E+00  0.000E+00
   7.80000E+01  2.10000E+02  3.27815E-08  1.311E-08  1.89936E-05  6.329E-07  0.00000E+00  0.000E+00
   7.80000E+01  2.30000E+02  3.80266E-08  2.861E-08  1.86147E-05  6.160E-07  0.00000E+00  0.000E+00
   7.80000E+01  2.50000E+02  4.85167E-08  2.955E-08  1.95207E-05  6.488E-07  0.00000E+00  0.000E+00
   7.80000E+01  2.70000E+02  4.72054E-08  3.854E-08  1.94145E-05  6.366E-07  0.00000E+00  0.000E+00
   7.80000E+01  2.90000E+02  4.98279E-08  2.967E-08  1.92821E-05  6.435E-07  0.00000E+00  0.000E+00
   7.80000E+01  3.10000E+02  3.01590E-08  1.258E-08  1.97528E-05  6.481E-07  0.00000E+00  0.000E+00
   7.80000E+01  3.30000E+02  5.50730E-08  3.907E-08  1.92454E-05  6.244E-07  0.00000E+00  0.000E+00
   7.80000E+01  3.50000E+02  3.67153E-08  2.849E-08  1.91942E-05  6.334E-07  0.00000E+00  0.000E+00

   8.20000E+01  1.00000E+01  1.94282E-08  1.003E-08  1.98685E-05  6.640E-07  0.00000E+00  0.000E+00
   8.20000E+01  3.00000E+01  4.53324E-08  3.798E-08  1.92637E-05  6.428E-07  0.00000E+00  0.000E+00
   8.20000E+01  5.00000E+01  3.10851E-08  2.766E-08  1.96367E-05  6.482E-07  0.00000E+00  0.000E+00
   8.20000E+01  7.00000E+01  3.49707E-08  2.802E-08  1.99488E-05  6.636E-07  0.00000E+00  0.000E+00
   8.20000E+01  9.00000E+01  5.31037E-08  3.851E-08  1.93634E-05  6.438E-07  0.00000E+00  0.000E+00
   8.20000E+01  1.10000E+02  3.75611E-08  1.395E-08  1.90564E-05  6.280E-07  0.00000E+00  0.000E+00
   8.20000E+01  1.30000E+02  2.33138E-08  1.099E-08  1.91445E-05  6.285E-07  0.00000E+00  0.000E+00
   8.20000E+01  1.50000E+02  4.40372E-08  2.885E-08  1.90448E-05  6.301E-07  0.00000E+00  0.000E+00
   8.20000E+01  1.70000E+02  1.81330E-08  9.692E-09  1.89969E-05  6.291E-07  0.00000E+00  0.000E+00
   8.20000E+01  1.90000E+02  4.40372E-08  2.885E-08  1.94774E-05  6.389E-07  0.00000E+00  0.000E+00
   8.20000E+01  2.10000E+02  3.88563E-08  2.838E-08  1.90836E-05  6.400E-07  0.00000E+00  0.000E+00
   8.20000E+01  2.30000E+02  2.59042E-08  1.158E-08  1.97779E-05  6.510E-07  0.00000E+00  0.000E+00
   8.20000E+01  2.50000E+02  4.14468E-08  1.465E-08  1.96199E-05  6.526E-07  0.00000E+00  0.000E+00
   8.20000E+01  2.70000E+02  4.66276E-08  2.908E-08  1.96794E-05  6.574E-07  0.00000E+00  0.000E+00
   8.20000E+01  2.90000E+02  4.27420E-08  2.873E-08  1.93984E-05  6.480E-07  0.00000E+00  0.000E+00
   8.20000E+01  3.10000E+02  3.10851E-08  1.269E-08  1.92300E-05  6.376E-07  0.00000E+00  0.000E+00
   8.20000E+01  3.30000E+02  3.88563E-08  1.419E-08  1.93582E-05  6.397E-07  0.00000E+00  0.000E+00
   8.20000E+01  3.50000E+02  2.20186E-08  1.068E-08  1.92119E-05  6.338E-07  0.00000E+00  0.000E+00

   8.60000E+01  1.00000E+01  1.67146E-08  9.272E-09  1.85982E-05  6.175E-07  0.00000E+00  0.000E+00
   8.60000E+01  3.00000E+01  2.18576E-08  2.660E-08  1.93838E-05  6.405E-07  0.00000E+00  0.000E+00
   8.60000E+01  5.00000E+01  1.41431E-08  8.529E-09  1.90881E-05  6.408E-07  0.00000E+00  0.000E+00
   8.60000E+01  7.00000E+01  1.67146E-08  9.272E-09  1.88772E-05  6.244E-07  0.00000E+00  0.000E+00
   8.60000E+01  9.00000E+01  1.15716E-08  7.714E-09  1.87216E-05  6.252E-07  0.00000E+00  0.000E+00
   8.60000E+01  1.10000E+02  1.41431E-08  8.529E-09  1.89055E-05  6.335E-07  0.00000E+00  0.000E+00
   8.60000E+01  1.30000E+02  2.57148E-08  2.697E-08  1.90636E-05  6.369E-07  0.00000E+00  0.000E+00
   8.60000E+01  1.50000E+02  1.54289E-08  8.908E-09  1.93478E-05  6.487E-07  0.00000E+00  0.000E+00
   8.60000E+01  1.70000E+02  2.95720E-08  2.734E-08  1.93002E-05  6.411E-07  0.00000E+00  0.000E+00
   8.60000E+01  1.90000E+02  2.18576E-08  1.060E-08  1.90765E-05  6.408E-07  0.00000E+00  0.000E+00
   8.60000E+01  2.10000E+02  6.04297E-08  4.578E-08  1.92565E-05  6.421E-07  0.00000E+00  0.000E+00
   8.60000E+01  2.30000E+02  1.41431E-08  8.529E-09  1.94571E-05  6.569E-07  0.00000E+00  0.000E+00
   8.60000E+01  2.50000E+02  5.40010E-08  4.542E-08  1.91061E-05  6.381E-07  0.00000E+00  0.000E+00
   8.60000E+01  2.70000E+02  1.54289E-08  8.908E-09  1.90624E-05  6.365E-07  0.00000E+00  0.000E+00
   8.60000E+01  2.90000E+02  1.54289E-08  8.908E-09  1.94841E-05  6.525E-07  0.00000E+00  0.000E+00
   8.60000E+01  3.10000E+02  4.75723E-08  3.788E-08  1.90418E-05  6.419E-07  0.00000E+00  0.000E+00
   8.60000E+01  3.30000E+02  1.54289E-08  8.908E-09  1.92822E-05  6.461E-07  0.00000E+00  0.000E+00
   8.60000E+01  3.50000E+02  1.67146E-08  9.272E-09  1.83398E-05  6.137E-07  0.00000E+00  0.000E+00

   9.00000E+01  1.00000E+01  2.83297E-04  7.610E-05  8.90655E-05  1.751E-06  0.00000E+00  0.000E+00
   9.00000E+01  3.00000E+01  2.26562E-04  6.806E-05  8.64156E-05  1.718E-06  0.00000E+00  0.000E+00
   9.00000E+01  5.00000E+01  2.62538E-04  7.328E-05  8.72660E-05  1.730E-06  0.00000E+00  0.000E+00
   9.00000E+01  7.00000E+01  2.16190E-04  6.650E-05  8.61450E-05  1.707E-06  0.00000E+00  0.000E+00
   9.00000E+01  9.00000E+01  2.88122E-04  7.679E-05  8.69582E-05  1.729E-06  0.00000E+00  0.000E+00
   9.00000E+01  1.10000E+02  3.18835E-04  8.079E-05  8.63066E-05  1.712E-06  0.00000E+00  0.000E+00
   9.00000E+01  1.30000E+02  2.46986E-04  7.109E-05  8.69094E-05  1.720E-06  0.00000E+00  0.000E+00
   9.00000E+01  1.50000E+02  3.24201E-04  8.144E-05  8.58192E-05  1.708E-06  0.00000E+00  0.000E+00
   9.00000E+01  1.70000E+02  2.11250E-04  6.570E-05  8.57230E-05  1.708E-06  0.00000E+00  0.000E+00
   9.00000E+01  1.90000E+02  2.62768E-04  7.328E-05  8.69274E-05  1.725E-06  0.00000E+00  0.000E+00
   9.00000E+01  2.10000E+02  3.39843E-04  8.336E-05  8.65657E-05  1.720E-06  0.00000E+00  0.000E+00
   9.00000E+01  2.30000E+02  2.57260E-04  7.256E-05  8.66208E-05  1.722E-06  0.00000E+00  0.000E+00
   9.00000E+01  2.50000E+02  2.83151E-04  7.610E-05  8.72865E-05  1.730E-06  0.00000E+00  0.000E+00
   9.00000E+01  2.70000E+02  2.93305E-04  7.747E-05  8.62104E-05  1.708E-06  0.00000E+00  0.000E+00
   9.00000E+01  2.90000E+02  2.47179E-04  7.109E-05  8.84319E-05  1.743E-06  0.00000E+00  0.000E+00
   9.00000E+01  3.10000E+02  2.26437E-04  6.806E-05  8.74699E-05  1.732E-06  0.00000E+00  0.000E+00
   9.00000E+01  3.30000E+02  2.42079E-04  7.035E-05  8.79727E-05  1.739E-06  0.00000E+00  0.000E+00
   9.00000E+01  3.50000E+02  2.82990E-04  7.610E-05  8.77264E-05  1.734E-06  0.00000E+00  0.000E+00

   9.40000E+01  1.00000E+01  3.10636E-03  2.524E-04  4.15474E-04  3.870E-06  0.00000E+00  0.000E+00
   9.40000E+01  3.00000E+01  3.13331E-03  2.534E-04  4.17132E-04  3.883E-06  0.00000E+00  0.000E+00
   9.40000E+01  5.00000E+01  2.90593E-03  2.441E-04  4.20230E-04  3.904E-06  0.00000E+00  0.000E+00
   9.40000E+01  7.00000E+01  3.11621E-03  2.528E-04  4.17109E-04  3.878E-06  0.00000E+00  0.000E+00
   9.40000E+01  9.00000E+01  3.19928E-03  2.561E-04  4.13708E-04  3.863E-06  0.00000E+00  0.000E+00
   9.40000E+01  1.10000E+02  3.05452E-03  2.503E-04  4.18666E-04  3.885E-06  0.00000E+00  0.000E+00
   9.40000E+01  1.30000E+02  3.11721E-03  2.528E-04  4.18153E-04  3.884E-06  0.00000E+00  0.000E+00
   9.40000E+01  1.50000E+02  3.12659E-03  2.532E-04  4.15521E-04  3.869E-06  0.00000E+00  0.000E+00
   9.40000E+01  1.70000E+02  3.20347E-03  2.563E-04  4.15957E-04  3.872E-06  0.00000E+00  0.000E+00
   9.40000E+01  1.90000E+02  3.11568E-03  2.528E-04  4.18459E-04  3.887E-06  0.00000E+00  0.000E+00
   9.40000E+01  2.10000E+02  3.02870E-03  2.492E-04  4.18733E-04  3.895E-06  0.00000E+00  0.000E+00
   9.40000E+01  2.30000E+02  3.19436E-03  2.559E-04  4.19448E-04  3.893E-06  0.00000E+00  0.000E+00
   9.40000E+01  2.50000E+02  2.96257E-03  2.464E-04  4.18509E-04  3.889E-06  0.00000E+00  0.000E+00
   9.40000E+01  2.70000E+02  2.87442E-03  2.427E-04  4.16015E-04  3.876E-06  0.00000E+00  0.000E+00
   9.40000E+01  2.90000E+02  2.94717E-03  2.458E-04  4.17436E-04  3.883E-06  0.00000E+00  0.000E+00
   9.40000E+01  3.10000E+02  2.97717E-03  2.471E-04  4.16201E-04  3.875E-06  0.00000E+00  0.000E+00
   9.40000E+01  3.30000E+02  2.99316E-03  2.477E-04  4.18579E-04  3.891E-06  0.00000E+00  0.000E+00
   9.40000E+01  3.50000E+02  2.99380E-03  2.477E-04  4.16318E-04  3.870E-06  0.00000E+00  0.000E+00

   9.80000E+01  1.00000E+01  7.72424E-03  3.994E-04  5.68124E-04  4.472E-06  0.00000E+00  0.000E+00
   9.80000E+01  3.00000E+01  8.18472E-03  4.112E-04  5.65488E-04  4.454E-06  0.00000E+00  0.000E+00
   9.80000E+01  5.00000E+01  7.77992E-03  4.009E-04  5.70449E-04  4.486E-06  0.00000E+00  0.000E+00
   9.80000E+01  7.00000E+01  7.85305E-03  4.027E-04  5.69200E-04  4.482E-06  0.00000E+00  0.000E+00
   9.80000E+01  9.00000E+01  7.95737E-03  4.054E-04  5.67527E-04  4.462E-06  0.00000E+00  0.000E+00
   9.80000E+01  1.10000E+02  7.85971E-03  4.029E-04  5.64716E-04  4.449E-06  0.00000E+00  0.000E+00
   9.80000E+01  1.30000E+02  7.72884E-03  3.995E-04  5.66388E-04  4.466E-06  0.00000E+00  0.000E+00
   9.80000E+01  1.50000E+02  7.90070E-03  4.039E-04  5.69875E-04  4.482E-06  0.00000E+00  0.000E+00
   9.80000E+01  1.70000E+02  8.31416E-03  4.147E-04  5.69104E-04  4.481E-06  0.00000E+00  0.000E+00
   9.80000E+01  1.90000E+02  8.13373E-03  4.099E-04  5.66904E-04  4.471E-06  0.00000E+00  0.000E+00
   9.80000E+01  2.10000E+02  7.77034E-03  4.006E-04  5.66462E-04  4.471E-06  0.00000E+00  0.000E+00
   9.80000E+01  2.30000E+02  7.89209E-03  4.037E-04  5.68113E-04  4.471E-06  0.00000E+00  0.000E+00
   9.80000E+01  2.50000E+02  7.94802E-03  4.051E-04  5.67488E-04  4.471E-06  0.00000E+00  0.000E+00
   9.80000E+01  2.70000E+02  7.94529E-03  4.051E-04  5.66338E-04  4.463E-06  0.00000E+00  0.000E+00
   9.80000E+01  2.90000E+02  7.64653E-03  3.974E-04  5.65150E-04  4.456E-06  0.00000E+00  0.000E+00
   9.80000E+01  3.10000E+02  7.89739E-03  4.041E-04  5.68632E-04  4.476E-06  0.00000E+00  0.000E+00
   9.80000E+01  3.30000E+02  8.18448E-03  4.112E-04  5.68454E-04  4.478E-06  0.00000E+00  0.000E+00
   9.80000E+01  3.50000E+02  7.73954E-03  3.998E-04  5.66388E-04  4.465E-06  0.00000E+00  0.000E+00

   1.02000E+02  1.00000E+01  1.35732E-02  5.326E-04  6.43379E-04  4.727E-06  0.00000E+00  0.000E+00
   1.02000E+02  3.00000E+01  1.37833E-02  5.368E-04  6.42951E-04  4.730E-06  0.00000E+00  0.000E+00
   1.02000E+02  5.00000E+01  1.42486E-02  5.458E-04  6.39379E-04  4.715E-06  0.00000E+00  0.000E+00
   1.02000E+02  7.00000E+01  1.37033E-02  5.352E-04  6.45775E-04  4.743E-06  0.00000E+00  0.000E+00
   1.02000E+02  9.00000E+01  1.45563E-02  5.517E-04  6.44747E-04  4.737E-06  0.00000E+00  0.000E+00
   1.02000E+02  1.10000E+02  1.37762E-02  5.369E-04  6.42678E-04  4.721E-06  0.00000E+00  0.000E+00
   1.02000E+02  1.30000E+02  1.42955E-02  5.467E-04  6.42328E-04  4.730E-06  0.00000E+00  0.000E+00
   1.02000E+02  1.50000E+02  1.36715E-02  5.346E-04  6.41102E-04  4.719E-06  0.00000E+00  0.000E+00
   1.02000E+02  1.70000E+02  1.39576E-02  5.402E-04  6.41736E-04  4.723E-06  0.00000E+00  0.000E+00
   1.02000E+02  1.90000E+02  1.36388E-02  5.340E-04  6.42873E-04  4.724E-06  0.00000E+00  0.000E+00
   1.02000E+02  2.10000E+02  1.42532E-02  5.459E-04  6.45059E-04  4.739E-06  0.00000E+00  0.000E+00
   1.02000E+02  2.30000E+02  1.34703E-02  5.307E-04  6.43893E-04  4.732E-06  0.00000E+00  0.000E+00
   1.02000E+02  2.50000E+02  1.37707E-02  5.366E-04  6.43232E-04  4.729E-06  0.00000E+00  0.000E+00
   1.02000E+02  2.70000E+02  1.41919E-02  5.447E-04  6.41688E-04  4.719E-06  0.00000E+00  0.000E+00
   1.02000E+02  2.90000E+02  1.41844E-02  5.446E-04  6.42581E-04  4.730E-06  0.00000E+00  0.000E+00
   1.02000E+02  3.10000E+02  1.37234E-02  5.358E-04  6.37817E-04  4.701E-06  0.00000E+00  0.000E+00
   1.02000E+02  3.30000E+02  1.40111E-02  5.412E-04  6.45526E-04  4.739E-06  0.00000E+00  0.000E+00
   1.02000E+02  3.50000E+02  1.40440E-02  5.419E-04  6.45245E-04  4.742E-06  0.00000E+00  0.000E+00

   1.06000E+02  1.00000E+01  2.07530E-02  6.644E-04  6.86960E-04  4.882E-06  0.00000E+00  0.000E+00
   1.06000E+02  3.00000E+01  2.09793E-02  6.683E-04  6.86804E-04  4.878E-06  0.00000E+00  0.000E+00
   1.06000E+02  5.00000E+01  2.04586E-02  6.597E-04  6.88764E-04  4.892E-06  0.00000E+00  0.000E+00
   1.06000E+02  7.00000E+01  2.08812E-02  6.665E-04  6.87323E-04  4.885E-06  0.00000E+00  0.000E+00
   1.06000E+02  9.00000E+01  2.06742E-02  6.631E-04  6.91839E-04  4.907E-06  0.00000E+00  0.000E+00
   1.06000E+02  1.10000E+02  2.14302E-02  6.754E-04  6.94734E-04  4.923E-06  0.00000E+00  0.000E+00
   1.06000E+02  1.30000E+02  2.05923E-02  6.620E-04  6.85948E-04  4.880E-06  0.00000E+00  0.000E+00
   1.06000E+02  1.50000E+02  2.02663E-02  6.566E-04  6.82863E-04  4.862E-06  0.00000E+00  0.000E+00
   1.06000E+02  1.70000E+02  1.98286E-02  6.494E-04  6.87778E-04  4.892E-06  0.00000E+00  0.000E+00
   1.06000E+02  1.90000E+02  2.07160E-02  6.638E-04  6.89848E-04  4.897E-06  0.00000E+00  0.000E+00
   1.06000E+02  2.10000E+02  2.08362E-02  6.658E-04  6.88027E-04  4.892E-06  0.00000E+00  0.000E+00
   1.06000E+02  2.30000E+02  1.98836E-02  6.503E-04  6.85366E-04  4.871E-06  0.00000E+00  0.000E+00
   1.06000E+02  2.50000E+02  2.11738E-02  6.711E-04  6.89565E-04  4.899E-06  0.00000E+00  0.000E+00
   1.06000E+02  2.70000E+02  2.06882E-02  6.634E-04  6.88538E-04  4.888E-06  0.00000E+00  0.000E+00
   1.06000E+02  2.90000E+02  2.07075E-02  6.637E-04  6.85953E-04  4.875E-06  0.00000E+00  0.000E+00
   1.06000E+02  3.10000E+02  2.10943E-02  6.699E-04  6.88582E-04  4.890E-06  0.00000E+00  0.000E+00
   1.06000E+02  3.30000E+02  2.10555E-02  6.693E-04  6.84200E-04  4.865E-06  0.00000E+00  0.000E+00
   1.06000E+02  3.50000E+02  2.04099E-02  6.589E-04  6.92166E-04  4.909E-06  0.00000E+00  0.000E+00

   1.10000E+02  1.00000E+01  2.76900E-02  7.762E-04  7.26758E-04  5.052E-06  0.00000E+00  0.000E+00
   1.10000E+02  3.00000E+01  2.79048E-02  7.792E-04  7.19965E-04  5.018E-06  0.00000E+00  0.000E+00
   1.10000E+02  5.00000E+01  2.91117E-02  7.959E-04  7.18224E-04  5.014E-06  0.00000E+00  0.000E+00
   1.10000E+02  7.00000E+01  2.82499E-02  7.840E-04  7.20287E-04  5.028E-06  0.00000E+00  0.000E+00
   1.10000E+02  9.00000E+01  2.76209E-02  7.752E-04  7.22624E-04  5.044E-06  0.00000E+00  0.000E+00
   1.10000E+02  1.10000E+02  2.81511E-02  7.826E-04  7.21302E-04  5.031E-06  0.00000E+00  0.000E+00
   1.10000E+02  1.30000E+02  2.85787E-02  7.886E-04  7.22023E-04  5.033E-06  0.00000E+00  0.000E+00
   1.10000E+02  1.50000E+02  2.79123E-02  7.793E-04  7.21163E-04  5.031E-06  0.00000E+00  0.000E+00
   1.10000E+02  1.70000E+02  2.88232E-02  7.919E-04  7.22933E-04  5.041E-06  0.00000E+00  0.000E+00
   1.10000E+02  1.90000E+02  2.76447E-02  7.757E-04  7.18548E-04  5.013E-06  0.00000E+00  0.000E+00
   1.10000E+02  2.10000E+02  2.85692E-02  7.884E-04  7.23004E-04  5.036E-06  0.00000E+00  0.000E+00
   1.10000E+02  2.30000E+02  2.89432E-02  7.936E-04  7.22838E-04  5.041E-06  0.00000E+00  0.000E+00
   1.10000E+02  2.50000E+02  2.75678E-02  7.744E-04  7.21634E-04  5.037E-06  0.00000E+00  0.000E+00
   1.10000E+02  2.70000E+02  2.89425E-02  7.936E-04  7.22614E-04  5.037E-06  0.00000E+00  0.000E+00
   1.10000E+02  2.90000E+02  2.86110E-02  7.890E-04  7.18076E-04  5.009E-06  0.00000E+00  0.000E+00
   1.10000E+02  3.10000E+02  2.81618E-02  7.828E-04  7.17456E-04  5.016E-06  0.00000E+00  0.000E+00
   1.10000E+02  3.30000E+02  2.75533E-02  7.745E-04  7.21218E-04  5.031E-06  0.00000E+00  0.000E+00
   1.10000E+02  3.50000E+02  2.86259E-02  7.893E-04  7.22363E-04  5.039E-06  0.00000E+00  0.000E+00

   1.14000E+02  1.00000E+01  3.64954E-02  9.037E-04  7.42075E-04  5.152E-06  0.00000E+00  0.000E+00
   1.14000E+02  3.00000E+01  3.53253E-02  8.890E-04  7.43379E-04  5.158E-06  0.00000E+00  0.000E+00
   1.14000E+02  5.00000E+01  3.53137E-02  8.889E-04  7.43065E-04  5.148E-06  0.00000E+00  0.000E+00
   1.14000E+02  7.00000E+01  3.46265E-02  8.802E-04  7.36904E-04  5.111E-06  0.00000E+00  0.000E+00
   1.14000E+02  9.00000E+01  3.57623E-02  8.946E-04  7.42455E-04  5.143E-06  0.00000E+00  0.000E+00
   1.14000E+02  1.10000E+02  3.53056E-02  8.888E-04  7.42905E-04  5.150E-06  0.00000E+00  0.000E+00
   1.14000E+02  1.30000E+02  3.55164E-02  8.914E-04  7.45210E-04  5.155E-06  0.00000E+00  0.000E+00
   1.14000E+02  1.50000E+02  3.58355E-02  8.955E-04  7.43917E-04  5.151E-06  0.00000E+00  0.000E+00
   1.14000E+02  1.70000E+02  3.58865E-02  8.962E-04  7.46642E-04  5.169E-06  0.00000E+00  0.000E+00
   1.14000E+02  1.90000E+02  3.59235E-02  8.966E-04  7.46599E-04  5.167E-06  0.00000E+00  0.000E+00
   1.14000E+02  2.10000E+02  3.66090E-02  9.050E-04  7.43831E-04  5.153E-06  0.00000E+00  0.000E+00
   1.14000E+02  2.30000E+02  3.57094E-02  8.939E-04  7.40745E-04  5.134E-06  0.00000E+00  0.000E+00
   1.14000E+02  2.50000E+02  3.55544E-02  8.919E-04  7.41887E-04  5.144E-06  0.00000E+00  0.000E+00
   1.14000E+02  2.70000E+02  3.58677E-02  8.959E-04  7.48178E-04  5.175E-06  0.00000E+00  0.000E+00
   1.14000E+02  2.90000E+02  3.60530E-02  8.982E-04  7.45220E-04  5.161E-06  0.00000E+00  0.000E+00
   1.14000E+02  3.10000E+02  3.49300E-02  8.841E-04  7.42260E-04  5.143E-06  0.00000E+00  0.000E+00
   1.14000E+02  3.30000E+02  3.61368E-02  8.994E-04  7.47097E-04  5.170E-06  0.00000E+00  0.000E+00
   1.14000E+02  3.50000E+02  3.56942E-02  8.937E-04  7.44479E-04  5.155E-06  0.00000E+00  0.000E+00

   1.18000E+02  1.00000E+01  4.22925E-02  9.894E-04  7.64620E-04  5.297E-06  0.00000E+00  0.000E+00
   1.18000E+02  3.00000E+01  4.30955E-02  9.988E-04  7.57511E-04  5.261E-06  0.00000E+00  0.000E+00
   1.18000E+02  5.00000E+01  4.36571E-02  1.005E-03  7.67832E-04  5.316E-06  0.00000E+00  0.000E+00
   1.18000E+02  7.00000E+01  4.41878E-02  1.012E-03  7.65521E-04  5.300E-06  0.00000E+00  0.000E+00
   1.18000E+02  9.00000E+01  4.37259E-02  1.006E-03  7.66341E-04  5.307E-06  0.00000E+00  0.000E+00
   1.18000E+02  1.10000E+02  4.34623E-02  1.003E-03  7.67255E-04  5.309E-06  0.00000E+00  0.000E+00
   1.18000E+02  1.30000E+02  4.36695E-02  1.005E-03  7.54202E-04  5.236E-06  0.00000E+00  0.000E+00
   1.18000E+02  1.50000E+02  4.30922E-02  9.988E-04  7.67759E-04  5.316E-06  0.00000E+00  0.000E+00
   1.18000E+02  1.70000E+02  4.38660E-02  1.008E-03  7.60022E-04  5.275E-06  0.00000E+00  0.000E+00
   1.18000E+02  1.90000E+02  4.31364E-02  9.994E-04  7.59600E-04  5.267E-06  0.00000E+00  0.000E+00
   1.18000E+02  2.10000E+02  4.38346E-02  1.007E-03  7.64630E-04  5.298E-06  0.00000E+00  0.000E+00
   1.18000E+02  2.30000E+02  4.33199E-02  1.002E-03  7.63323E-04  5.293E-06  0.00000E+00  0.000E+00
   1.18000E+02  2.50000E+02  4.33581E-02  1.002E-03  7.63134E-04  5.288E-06  0.00000E+00  0.000E+00
   1.18000E+02  2.70000E+02  4.34784E-02  1.003E-03  7.61927E-04  5.283E-06  0.00000E+00  0.000E+00
   1.18000E+02  2.90000E+02  4.26829E-02  9.940E-04  7.63164E-04  5.290E-06  0.00000E+00  0.000E+00
   1.18000E+02  3.10000E+02  4.31187E-02  9.990E-04  7.67532E-04  5.313E-06  0.00000E+00  0.000E+00
   1.18000E+02  3.30000E+02  4.21674E-02  9.879E-04  7.66896E-04  5.310E-06  0.00000E+00  0.000E+00
   1.18000E+02  3.50000E+02  4.39696E-02  1.009E-03  7.60555E-04  5.277E-06  0.00000E+00  0.000E+00

   1.22000E+02  1.00000E+01  5.23814E-02  1.123E-03  7.75281E-04  5.426E-06  0.00000E+00  0.000E+00
   1.22000E+02  3.00000E+01  5.26178E-02  1.126E-03  7.77471E-04  5.423E-06  0.00000E+00  0.000E+00
   1.22000E+02  5.00000E+01  5.07447E-02  1.106E-03  7.79182E-04  5.440E-06  0.00000E+00  0.000E+00
   1.22000E+02  7.00000E+01  5.19791E-02  1.119E-03  7.72226E-04  5.393E-06  0.00000E+00  0.000E+00
   1.22000E+02  9.00000E+01  5.11251E-02  1.110E-03  7.81414E-04  5.454E-06  0.00000E+00  0.000E+00
   1.22000E+02  1.10000E+02  5.07372E-02  1.106E-03  7.73509E-04  5.407E-06  0.00000E+00  0.000E+00
   1.22000E+02  1.30000E+02  5.05636E-02  1.104E-03  7.80153E-04  5.442E-06  0.00000E+00  0.000E+00
   1.22000E+02  1.50000E+02  5.10741E-02  1.109E-03  7.77486E-04  5.428E-06  0.00000E+00  0.000E+00
   1.22000E+02  1.70000E+02  5.25163E-02  1.125E-03  7.73580E-04  5.413E-06  0.00000E+00  0.000E+00
   1.22000E+02  1.90000E+02  5.13316E-02  1.112E-03  7.77883E-04  5.426E-06  0.00000E+00  0.000E+00
   1.22000E+02  2.10000E+02  5.03983E-02  1.102E-03  7.76228E-04  5.417E-06  0.00000E+00  0.000E+00
   1.22000E+02  2.30000E+02  5.13930E-02  1.113E-03  7.75281E-04  5.421E-06  0.00000E+00  0.000E+00
   1.22000E+02  2.50000E+02  5.11591E-02  1.110E-03  7.72513E-04  5.401E-06  0.00000E+00  0.000E+00
   1.22000E+02  2.70000E+02  5.08779E-02  1.107E-03  7.76423E-04  5.429E-06  0.00000E+00  0.000E+00
   1.22000E+02  2.90000E+02  5.10696E-02  1.109E-03  7.76742E-04  5.420E-06  0.00000E+00  0.000E+00
   1.22000E+02  3.10000E+02  5.09362E-02  1.108E-03  7.72268E-04  5.401E-06  0.00000E+00  0.000E+00
   1.22000E+02  3.30000E+02  5.11341E-02  1.110E-03  7.77659E-04  5.430E-06  0.00000E+00  0.000E+00
   1.22000E+02  3.50000E+02  5.04521E-02  1.103E-03  7.79882E-04  5.440E-06  0.00000E+00  0.000E+00

   1.26000E+02  1.00000E+01  5.82376E-02  1.213E-03  7.95889E-04  5.618E-06  0.00000E+00  0.000E+00
   1.26000E+02  3.00000E+01  5.93627E-02  1.224E-03  7.89232E-04  5.585E-06  0.00000E+00  0.000E+00
   1.26000E+02  5.00000E+01  5.90184E-02  1.221E-03  7.89617E-04  5.593E-06  0.00000E+00  0.000E+00
   1.26000E+02  7.00000E+01  5.93284E-02  1.224E-03  7.93901E-04  5.611E-06  0.00000E+00  0.000E+00
   1.26000E+02  9.00000E+01  5.93072E-02  1.224E-03  7.84457E-04  5.557E-06  0.00000E+00  0.000E+00
   1.26000E+02  1.10000E+02  5.77294E-02  1.207E-03  7.85571E-04  5.563E-06  0.00000E+00  0.000E+00
   1.26000E+02  1.30000E+02  5.95017E-02  1.226E-03  7.87915E-04  5.580E-06  0.00000E+00  0.000E+00
   1.26000E+02  1.50000E+02  5.86828E-02  1.217E-03  7.89869E-04  5.600E-06  0.00000E+00  0.000E+00
   1.26000E+02  1.70000E+02  5.88061E-02  1.219E-03  7.90247E-04  5.588E-06  0.00000E+00  0.000E+00
   1.26000E+02  1.90000E+02  5.90829E-02  1.222E-03  7.87994E-04  5.581E-06  0.00000E+00  0.000E+00
   1.26000E+02  2.10000E+02  5.78652E-02  1.209E-03  7.82887E-04  5.555E-06  0.00000E+00  0.000E+00
   1.26000E+02  2.30000E+02  5.87612E-02  1.218E-03  7.90439E-04  5.592E-06  0.00000E+00  0.000E+00
   1.26000E+02  2.50000E+02  5.86211E-02  1.217E-03  7.86207E-04  5.572E-06  0.00000E+00  0.000E+00
   1.26000E+02  2.70000E+02  5.92498E-02  1.223E-03  7.89509E-04  5.593E-06  0.00000E+00  0.000E+00
   1.26000E+02  2.90000E+02  5.89466E-02  1.220E-03  7.84856E-04  5.561E-06  0.00000E+00  0.000E+00
   1.26000E+02  3.10000E+02  5.84009E-02  1.214E-03  7.91112E-04  5.590E-06  0.00000E+00  0.000E+00
   1.26000E+02  3.30000E+02  5.88524E-02  1.219E-03  7.88972E-04  5.587E-06  0.00000E+00  0.000E+00
   1.26000E+02  3.50000E+02  5.76151E-02  1.206E-03  7.88102E-04  5.580E-06  0.00000E+00  0.000E+00

   1.30000E+02  1.00000E+01  6.45837E-02  1.312E-03  8.01524E-04  5.772E-06  0.00000E+00  0.000E+00
   1.30000E+02  3.00000E+01  6.49528E-02  1.316E-03  7.94592E-04  5.729E-06  0.00000E+00  0.000E+00
   1.30000E+02  5.00000E+01  6.54655E-02  1.321E-03  7.95327E-04  5.743E-06  0.00000E+00  0.000E+00
   1.30000E+02  7.00000E+01  6.52337E-02  1.319E-03  7.89173E-04  5.718E-06  0.00000E+00  0.000E+00
   1.30000E+02  9.00000E+01  6.55735E-02  1.323E-03  7.97457E-04  5.753E-06  0.00000E+00  0.000E+00
   1.30000E+02  1.10000E+02  6.62558E-02  1.329E-03  7.95589E-04  5.749E-06  0.00000E+00  0.000E+00
   1.30000E+02  1.30000E+02  6.59637E-02  1.327E-03  7.97452E-04  5.753E-06  0.00000E+00  0.000E+00
   1.30000E+02  1.50000E+02  6.61748E-02  1.329E-03  7.96322E-04  5.746E-06  0.00000E+00  0.000E+00
   1.30000E+02  1.70000E+02  6.51076E-02  1.318E-03  7.97070E-04  5.758E-06  0.00000E+00  0.000E+00
   1.30000E+02  1.90000E+02  6.56450E-02  1.323E-03  7.94778E-04  5.745E-06  0.00000E+00  0.000E+00
   1.30000E+02  2.10000E+02  6.62814E-02  1.330E-03  7.93188E-04  5.729E-06  0.00000E+00  0.000E+00
   1.30000E+02  2.30000E+02  6.64181E-02  1.331E-03  7.97661E-04  5.754E-06  0.00000E+00  0.000E+00
   1.30000E+02  2.50000E+02  6.62494E-02  1.329E-03  7.97780E-04  5.757E-06  0.00000E+00  0.000E+00
   1.30000E+02  2.70000E+02  6.61798E-02  1.329E-03  7.96615E-04  5.749E-06  0.00000E+00  0.000E+00
   1.30000E+02  2.90000E+02  6.59981E-02  1.327E-03  8.00377E-04  5.769E-06  0.00000E+00  0.000E+00
   1.30000E+02  3.10000E+02  6.60280E-02  1.327E-03  7.92742E-04  5.735E-06  0.00000E+00  0.000E+00
   1.30000E+02  3.30000E+02  6.82409E-02  1.349E-03  7.99106E-04  5.765E-06  0.00000E+00  0.000E+00
   1.30000E+02  3.50000E+02  6.61842E-02  1.329E-03  7.95096E-04  5.741E-06  0.00000E+00  0.000E+00

   1.34000E+02  1.00000E+01  7.31841E-02  1.442E-03  8.05963E-04  5.967E-06  0.00000E+00  0.000E+00
   1.34000E+02  3.00000E+01  7.27642E-02  1.438E-03  8.05713E-04  5.957E-06  0.00000E+00  0.000E+00
   1.34000E+02  5.00000E+01  7.28421E-02  1.438E-03  8.09308E-04  5.980E-06  0.00000E+00  0.000E+00
   1.34000E+02  7.00000E+01  7.21953E-02  1.432E-03  8.07944E-04  5.973E-06  0.00000E+00  0.000E+00
   1.34000E+02  9.00000E+01  7.27172E-02  1.437E-03  8.07557E-04  5.964E-06  0.00000E+00  0.000E+00
   1.34000E+02  1.10000E+02  7.37275E-02  1.447E-03  8.06530E-04  5.965E-06  0.00000E+00  0.000E+00
   1.34000E+02  1.30000E+02  7.25606E-02  1.435E-03  8.04205E-04  5.949E-06  0.00000E+00  0.000E+00
   1.34000E+02  1.50000E+02  7.24247E-02  1.434E-03  8.05706E-04  5.958E-06  0.00000E+00  0.000E+00
   1.34000E+02  1.70000E+02  7.18481E-02  1.428E-03  8.09725E-04  5.981E-06  0.00000E+00  0.000E+00
   1.34000E+02  1.90000E+02  7.27959E-02  1.438E-03  8.05696E-04  5.958E-06  0.00000E+00  0.000E+00
   1.34000E+02  2.10000E+02  7.29753E-02  1.440E-03  8.09180E-04  5.983E-06  0.00000E+00  0.000E+00
   1.34000E+02  2.30000E+02  7.26597E-02  1.437E-03  8.04408E-04  5.949E-06  0.00000E+00  0.000E+00
   1.34000E+02  2.50000E+02  7.26368E-02  1.436E-03  8.00780E-04  5.926E-06  0.00000E+00  0.000E+00
   1.34000E+02  2.70000E+02  7.16687E-02  1.427E-03  8.05054E-04  5.961E-06  0.00000E+00  0.000E+00
   1.34000E+02  2.90000E+02  7.38787E-02  1.449E-03  8.03615E-04  5.941E-06  0.00000E+00  0.000E+00
   1.34000E+02  3.10000E+02  7.18481E-02  1.429E-03  8.03504E-04  5.948E-06  0.00000E+00  0.000E+00
   1.34000E+02  3.30000E+02  7.17205E-02  1.427E-03  8.02620E-04  5.935E-06  0.00000E+00  0.000E+00
   1.34000E+02  3.50000E+02  7.27207E-02  1.437E-03  8.05906E-04  5.959E-06  0.00000E+00  0.000E+00

   1.38000E+02  1.00000E+01  7.92097E-02  1.555E-03  8.09046E-04  6.171E-06  0.00000E+00  0.000E+00
   1.38000E+02  3.00000E+01  7.90052E-02  1.553E-03  8.10783E-04  6.185E-06  0.00000E+00  0.000E+00
   1.38000E+02  5.00000E+01  7.81989E-02  1.545E-03  8.11699E-04  6.196E-06  0.00000E+00  0.000E+00
   1.38000E+02  7.00000E+01  7.87395E-02  1.551E-03  8.14471E-04  6.208E-06  0.00000E+00  0.000E+00
   1.38000E+02  9.00000E+01  7.91084E-02  1.554E-03  8.11528E-04  6.198E-06  0.00000E+00  0.000E+00
   1.38000E+02  1.10000E+02  7.96174E-02  1.559E-03  8.14465E-04  6.201E-06  0.00000E+00  0.000E+00
   1.38000E+02  1.30000E+02  7.92797E-02  1.556E-03  8.14858E-04  6.211E-06  0.00000E+00  0.000E+00
   1.38000E+02  1.50000E+02  7.96696E-02  1.560E-03  8.11689E-04  6.189E-06  0.00000E+00  0.000E+00
   1.38000E+02  1.70000E+02  7.79623E-02  1.543E-03  8.13995E-04  6.207E-06  0.00000E+00  0.000E+00
   1.38000E+02  1.90000E+02  8.04768E-02  1.568E-03  8.12981E-04  6.200E-06  0.00000E+00  0.000E+00
   1.38000E+02  2.10000E+02  7.98638E-02  1.562E-03  8.07934E-04  6.169E-06  0.00000E+00  0.000E+00
   1.38000E+02  2.30000E+02  7.95414E-02  1.558E-03  8.14373E-04  6.203E-06  0.00000E+00  0.000E+00
   1.38000E+02  2.50000E+02  7.99961E-02  1.563E-03  8.08722E-04  6.178E-06  0.00000E+00  0.000E+00
   1.38000E+02  2.70000E+02  7.80322E-02  1.544E-03  8.10986E-04  6.183E-06  0.00000E+00  0.000E+00
   1.38000E+02  2.90000E+02  7.93170E-02  1.556E-03  8.09619E-04  6.183E-06  0.00000E+00  0.000E+00
   1.38000E+02  3.10000E+02  7.87693E-02  1.551E-03  8.10051E-04  6.191E-06  0.00000E+00  0.000E+00
   1.38000E+02  3.30000E+02  7.84537E-02  1.548E-03  8.08989E-04  6.177E-06  0.00000E+00  0.000E+00
   1.38000E+02  3.50000E+02  8.03790E-02  1.567E-03  8.10695E-04  6.180E-06  0.00000E+00  0.000E+00

   1.42000E+02  1.00000E+01  8.47232E-02  1.677E-03  8.19563E-04  6.483E-06  0.00000E+00  0.000E+00
   1.42000E+02  3.00000E+01  8.42842E-02  1.673E-03  8.21013E-04  6.494E-06  0.00000E+00  0.000E+00
   1.42000E+02  5.00000E+01  8.32853E-02  1.662E-03  8.16497E-04  6.451E-06  0.00000E+00  0.000E+00
   1.42000E+02  7.00000E+01  8.38286E-02  1.668E-03  8.15757E-04  6.454E-06  0.00000E+00  0.000E+00
   1.42000E+02  9.00000E+01  8.47409E-02  1.677E-03  8.15522E-04  6.463E-06  0.00000E+00  0.000E+00
   1.42000E+02  1.10000E+02  8.45810E-02  1.675E-03  8.11164E-04  6.429E-06  0.00000E+00  0.000E+00
   1.42000E+02  1.30000E+02  8.41557E-02  1.671E-03  8.13857E-04  6.435E-06  0.00000E+00  0.000E+00
   1.42000E+02  1.50000E+02  8.47586E-02  1.677E-03  8.22847E-04  6.503E-06  0.00000E+00  0.000E+00
   1.42000E+02  1.70000E+02  8.37953E-02  1.667E-03  8.15674E-04  6.457E-06  0.00000E+00  0.000E+00
   1.42000E+02  1.90000E+02  8.46491E-02  1.676E-03  8.18424E-04  6.479E-06  0.00000E+00  0.000E+00
   1.42000E+02  2.10000E+02  8.49589E-02  1.679E-03  8.14768E-04  6.461E-06  0.00000E+00  0.000E+00
   1.42000E+02  2.30000E+02  8.54765E-02  1.684E-03  8.20457E-04  6.486E-06  0.00000E+00  0.000E+00
   1.42000E+02  2.50000E+02  8.44925E-02  1.674E-03  8.17707E-04  6.474E-06  0.00000E+00  0.000E+00
   1.42000E+02  2.70000E+02  8.52354E-02  1.682E-03  8.14695E-04  6.440E-06  0.00000E+00  0.000E+00
   1.42000E+02  2.90000E+02  8.48280E-02  1.678E-03  8.16405E-04  6.467E-06  0.00000E+00  0.000E+00
   1.42000E+02  3.10000E+02  8.45571E-02  1.675E-03  8.18095E-04  6.471E-06  0.00000E+00  0.000E+00
   1.42000E+02  3.30000E+02  8.45215E-02  1.675E-03  8.13524E-04  6.446E-06  0.00000E+00  0.000E+00
   1.42000E+02  3.50000E+02  8.41542E-02  1.671E-03  8.14878E-04  6.451E-06  0.00000E+00  0.000E+00

   1.46000E+02  1.00000E+01  8.86122E-02  1.800E-03  8.19138E-04  6.774E-06  0.00000E+00  0.000E+00
   1.46000E+02  3.00000E+01  9.07391E-02  1.821E-03  8.20255E-04  6.793E-06  0.00000E+00  0.000E+00
   1.46000E+02  5.00000E+01  8.96517E-02  1.810E-03  8.21817E-04  6.792E-06  0.00000E+00  0.000E+00
   1.46000E+02  7.00000E+01  8.96394E-02  1.810E-03  8.18723E-04  6.771E-06  0.00000E+00  0.000E+00
   1.46000E+02  9.00000E+01  9.09972E-02  1.823E-03  8.23507E-04  6.812E-06  0.00000E+00  0.000E+00
   1.46000E+02  1.10000E+02  9.05271E-02  1.819E-03  8.22466E-04  6.796E-06  0.00000E+00  0.000E+00
   1.46000E+02  1.30000E+02  8.81902E-02  1.795E-03  8.18805E-04  6.780E-06  0.00000E+00  0.000E+00
   1.46000E+02  1.50000E+02  8.92780E-02  1.806E-03  8.21113E-04  6.786E-06  0.00000E+00  0.000E+00
   1.46000E+02  1.70000E+02  8.98214E-02  1.811E-03  8.22633E-04  6.815E-06  0.00000E+00  0.000E+00
   1.46000E+02  1.90000E+02  8.97283E-02  1.811E-03  8.17734E-04  6.766E-06  0.00000E+00  0.000E+00
   1.46000E+02  2.10000E+02  8.94181E-02  1.807E-03  8.20542E-04  6.790E-06  0.00000E+00  0.000E+00
   1.46000E+02  2.30000E+02  8.86490E-02  1.800E-03  8.31278E-04  6.847E-06  0.00000E+00  0.000E+00
   1.46000E+02  2.50000E+02  8.87474E-02  1.800E-03  8.14901E-04  6.764E-06  0.00000E+00  0.000E+00
   1.46000E+02  2.70000E+02  9.15154E-02  1.829E-03  8.23321E-04  6.804E-06  0.00000E+00  0.000E+00
   1.46000E+02  2.90000E+02  9.03325E-02  1.817E-03  8.22975E-04  6.798E-06  0.00000E+00  0.000E+00
   1.46000E+02  3.10000E+02  9.10768E-02  1.824E-03  8.16197E-04  6.744E-06  0.00000E+00  0.000E+00
   1.46000E+02  3.30000E+02  9.08408E-02  1.822E-03  8.23723E-04  6.803E-06  0.00000E+00  0.000E+00
   1.46000E+02  3.50000E+02  8.82462E-02  1.795E-03  8.25789E-04  6.826E-06  0.00000E+00  0.000E+00

   1.50000E+02  1.00000E+01  9.56880E-02  1.977E-03  8.28856E-04  7.229E-06  0.00000E+00  0.000E+00
   1.50000E+02  3.00000E+01  9.68012E-02  1.989E-03  8.28454E-04  7.211E-06  0.00000E+00  0.000E+00
   1.50000E+02  5.00000E+01  9.54836E-02  1.975E-03  8.22823E-04  7.181E-06  0.00000E+00  0.000E+00
   1.50000E+02  7.00000E+01  9.47384E-02  1.968E-03  8.29829E-04  7.225E-06  0.00000E+00  0.000E+00
   1.50000E+02  9.00000E+01  9.63353E-02  1.984E-03  8.24929E-04  7.203E-06  0.00000E+00  0.000E+00
   1.50000E+02  1.10000E+02  9.42404E-02  1.963E-03  8.24896E-04  7.199E-06  0.00000E+00  0.000E+00
   1.50000E+02  1.30000E+02  9.46863E-02  1.967E-03  8.22892E-04  7.188E-06  0.00000E+00  0.000E+00
   1.50000E+02  1.50000E+02  9.55978E-02  1.976E-03  8.23159E-04  7.187E-06  0.00000E+00  0.000E+00
   1.50000E+02  1.70000E+02  9.39026E-02  1.959E-03  8.23200E-04  7.191E-06  0.00000E+00  0.000E+00
   1.50000E+02  1.90000E+02  9.46937E-02  1.967E-03  8.18247E-04  7.159E-06  0.00000E+00  0.000E+00
   1.50000E+02  2.10000E+02  9.42756E-02  1.963E-03  8.28018E-04  7.224E-06  0.00000E+00  0.000E+00
   1.50000E+02  2.30000E+02  9.43645E-02  1.964E-03  8.28071E-04  7.213E-06  0.00000E+00  0.000E+00
   1.50000E+02  2.50000E+02  9.47007E-02  1.967E-03  8.29772E-04  7.235E-06  0.00000E+00  0.000E+00
   1.50000E+02  2.70000E+02  9.32922E-02  1.952E-03  8.23826E-04  7.186E-06  0.00000E+00  0.000E+00
   1.50000E+02  2.90000E+02  9.55908E-02  1.976E-03  8.27597E-04  7.202E-06  0.00000E+00  0.000E+00
   1.50000E+02  3.10000E+02  9.39557E-02  1.959E-03  8.24783E-04  7.189E-06  0.00000E+00  0.000E+00
   1.50000E+02  3.30000E+02  9.39275E-02  1.959E-03  8.25096E-04  7.197E-06  0.00000E+00  0.000E+00
   1.50000E+02  3.50000E+02  9.41415E-02  1.961E-03  8.24185E-04  7.186E-06  0.00000E+00  0.000E+00

   1.54000E+02  1.00000E+01  9.77999E-02  2.135E-03  8.26657E-04  7.687E-06  0.00000E+00  0.000E+00
   1.54000E+02  3.00000E+01  9.63909E-02  2.119E-03  8.26759E-04  7.684E-06  0.00000E+00  0.000E+00
   1.54000E+02  5.00000E+01  9.82291E-02  2.140E-03  8.17812E-04  7.625E-06  0.00000E+00  0.000E+00
   1.54000E+02  7.00000E+01  9.81217E-02  2.138E-03  8.28512E-04  7.707E-06  0.00000E+00  0.000E+00
   1.54000E+02  9.00000E+01  9.92748E-02  2.151E-03  8.29425E-04  7.685E-06  0.00000E+00  0.000E+00
   1.54000E+02  1.10000E+02  1.01387E-01  2.174E-03  8.22008E-04  7.643E-06  0.00000E+00  0.000E+00
   1.54000E+02  1.30000E+02  9.99260E-02  2.158E-03  8.27415E-04  7.677E-06  0.00000E+00  0.000E+00
   1.54000E+02  1.50000E+02  9.72612E-02  2.129E-03  8.33682E-04  7.731E-06  0.00000E+00  0.000E+00
   1.54000E+02  1.70000E+02  9.91165E-02  2.149E-03  8.21022E-04  7.639E-06  0.00000E+00  0.000E+00
   1.54000E+02  1.90000E+02  9.92091E-02  2.150E-03  8.31768E-04  7.710E-06  0.00000E+00  0.000E+00
   1.54000E+02  2.10000E+02  9.82474E-02  2.140E-03  8.25176E-04  7.673E-06  0.00000E+00  0.000E+00
   1.54000E+02  2.30000E+02  9.78091E-02  2.135E-03  8.28652E-04  7.700E-06  0.00000E+00  0.000E+00
   1.54000E+02  2.50000E+02  9.99668E-02  2.159E-03  8.24764E-04  7.663E-06  0.00000E+00  0.000E+00
   1.54000E+02  2.70000E+02  9.85439E-02  2.143E-03  8.25917E-04  7.680E-06  0.00000E+00  0.000E+00
   1.54000E+02  2.90000E+02  9.71871E-02  2.128E-03  8.31847E-04  7.726E-06  0.00000E+00  0.000E+00
   1.54000E+02  3.10000E+02  9.95127E-02  2.153E-03  8.24416E-04  7.670E-06  0.00000E+00  0.000E+00
   1.54000E+02  3.30000E+02  9.94273E-02  2.153E-03  8.27584E-04  7.698E-06  0.00000E+00  0.000E+00
   1.54000E+02  3.50000E+02  9.76739E-02  2.134E-03  8.20995E-04  7.635E-06  0.00000E+00  0.000E+00

   1.58000E+02  1.00000E+01  1.00811E-01  2.345E-03  8.30280E-04  8.328E-06  0.00000E+00  0.000E+00
   1.58000E+02  3.00000E+01  1.01490E-01  2.353E-03  8.27352E-04  8.306E-06  0.00000E+00  0.000E+00
   1.58000E+02  5.00000E+01  1.02667E-01  2.367E-03  8.37193E-04  8.366E-06  0.00000E+00  0.000E+00
   1.58000E+02  7.00000E+01  1.00594E-01  2.342E-03  8.24562E-04  8.278E-06  0.00000E+00  0.000E+00
   1.58000E+02  9.00000E+01  1.01015E-01  2.347E-03  8.34375E-04  8.365E-06  0.00000E+00  0.000E+00
   1.58000E+02  1.10000E+02  1.00779E-01  2.344E-03  8.32937E-04  8.356E-06  0.00000E+00  0.000E+00
   1.58000E+02  1.30000E+02  1.03237E-01  2.373E-03  8.25935E-04  8.312E-06  0.00000E+00  0.000E+00
   1.58000E+02  1.50000E+02  1.02011E-01  2.359E-03  8.28996E-04  8.329E-06  0.00000E+00  0.000E+00
   1.58000E+02  1.70000E+02  1.02499E-01  2.365E-03  8.28181E-04  8.295E-06  0.00000E+00  0.000E+00
   1.58000E+02  1.90000E+02  1.04113E-01  2.383E-03  8.32789E-04  8.348E-06  0.00000E+00  0.000E+00
   1.58000E+02  2.10000E+02  1.02453E-01  2.364E-03  8.30064E-04  8.321E-06  0.00000E+00  0.000E+00
   1.58000E+02  2.30000E+02  1.02535E-01  2.365E-03  8.30157E-04  8.315E-06  0.00000E+00  0.000E+00
   1.58000E+02  2.50000E+02  1.01992E-01  2.359E-03  8.25072E-04  8.292E-06  0.00000E+00  0.000E+00
   1.58000E+02  2.70000E+02  1.02703E-01  2.367E-03  8.25976E-04  8.280E-06  0.00000E+00  0.000E+00
   1.58000E+02  2.90000E+02  9.98991E-02  2.334E-03  8.26438E-04  8.305E-06  0.00000E+00  0.000E+00
   1.58000E+02  3.10000E+02  1.00417E-01  2.340E-03  8.39986E-04  8.400E-06  0.00000E+00  0.000E+00
   1.58000E+02  3.30000E+02  1.02238E-01  2.361E-03  8.33567E-04  8.351E-06  0.00000E+00  0.000E+00
   1.58000E+02  3.50000E+02  1.03061E-01  2.371E-03  8.28931E-04  8.319E-06  0.00000E+00  0.000E+00

   1.62000E+02  1.00000E+01  1.05234E-01  2.638E-03  8.31606E-04  9.180E-06  0.00000E+00  0.000E+00
   1.62000E+02  3.00000E+01  1.04190E-01  2.625E-03  8.22110E-04  9.074E-06  0.00000E+00  0.000E+00
   1.62000E+02  5.00000E+01  1.02837E-01  2.608E-03  8.33271E-04  9.188E-06  0.00000E+00  0.000E+00
   1.62000E+02  7.00000E+01  1.04760E-01  2.632E-03  8.33835E-04  9.189E-06  0.00000E+00  0.000E+00
   1.62000E+02  9.00000E+01  1.05968E-01  2.647E-03  8.27012E-04  9.131E-06  0.00000E+00  0.000E+00
   1.62000E+02  1.10000E+02  1.06016E-01  2.648E-03  8.30818E-04  9.164E-06  0.00000E+00  0.000E+00
   1.62000E+02  1.30000E+02  1.05580E-01  2.642E-03  8.35857E-04  9.207E-06  0.00000E+00  0.000E+00
   1.62000E+02  1.50000E+02  1.04636E-01  2.630E-03  8.33250E-04  9.185E-06  0.00000E+00  0.000E+00
   1.62000E+02  1.70000E+02  1.03998E-01  2.622E-03  8.36222E-04  9.210E-06  0.00000E+00  0.000E+00
   1.62000E+02  1.90000E+02  1.04299E-01  2.626E-03  8.32262E-04  9.183E-06  0.00000E+00  0.000E+00
   1.62000E+02  2.10000E+02  1.04518E-01  2.629E-03  8.33246E-04  9.199E-06  0.00000E+00  0.000E+00
   1.62000E+02  2.30000E+02  1.02930E-01  2.609E-03  8.30934E-04  9.175E-06  0.00000E+00  0.000E+00
   1.62000E+02  2.50000E+02  1.04856E-01  2.633E-03  8.33927E-04  9.187E-06  0.00000E+00  0.000E+00
   1.62000E+02  2.70000E+02  1.05489E-01  2.641E-03  8.36454E-04  9.221E-06  0.00000E+00  0.000E+00
   1.62000E+02  2.90000E+02  1.05926E-01  2.647E-03  8.34076E-04  9.214E-06  0.00000E+00  0.000E+00
   1.62000E+02  3.10000E+02  1.05530E-01  2.642E-03  8.30880E-04  9.164E-06  0.00000E+00  0.000E+00
   1.62000E+02  3.30000E+02  1.03882E-01  2.621E-03  8.35105E-04  9.193E-06  0.00000E+00  0.000E+00
   1.62000E+02  3.50000E+02  1.06187E-01  2.650E-03  8.37778E-04  9.230E-06  0.00000E+00  0.000E+00

   1.66000E+02  1.00000E+01  1.07309E-01  3.011E-03  8.36821E-04  1.042E-05  0.00000E+00  0.000E+00
   1.66000E+02  3.00000E+01  1.05865E-01  2.991E-03  8.26981E-04  1.030E-05  0.00000E+00  0.000E+00
   1.66000E+02  5.00000E+01  1.04183E-01  2.967E-03  8.36959E-04  1.039E-05  0.00000E+00  0.000E+00
   1.66000E+02  7.00000E+01  1.04677E-01  2.974E-03  8.34160E-04  1.039E-05  0.00000E+00  0.000E+00
   1.66000E+02  9.00000E+01  1.05993E-01  2.992E-03  8.37219E-04  1.042E-05  0.00000E+00  0.000E+00
   1.66000E+02  1.10000E+02  1.06554E-01  3.001E-03  8.34828E-04  1.036E-05  0.00000E+00  0.000E+00
   1.66000E+02  1.30000E+02  1.06706E-01  3.002E-03  8.28466E-04  1.032E-05  0.00000E+00  0.000E+00
   1.66000E+02  1.50000E+02  1.06312E-01  2.997E-03  8.37945E-04  1.044E-05  0.00000E+00  0.000E+00
   1.66000E+02  1.70000E+02  1.10943E-01  3.061E-03  8.24145E-04  1.027E-05  0.00000E+00  0.000E+00
   1.66000E+02  1.90000E+02  1.08174E-01  3.023E-03  8.38014E-04  1.043E-05  0.00000E+00  0.000E+00
   1.66000E+02  2.10000E+02  1.06035E-01  2.993E-03  8.28853E-04  1.036E-05  0.00000E+00  0.000E+00
   1.66000E+02  2.30000E+02  1.06514E-01  3.000E-03  8.26287E-04  1.031E-05  0.00000E+00  0.000E+00
   1.66000E+02  2.50000E+02  1.08334E-01  3.025E-03  8.23662E-04  1.028E-05  0.00000E+00  0.000E+00
   1.66000E+02  2.70000E+02  1.06192E-01  2.995E-03  8.34976E-04  1.038E-05  0.00000E+00  0.000E+00
   1.66000E+02  2.90000E+02  1.08565E-01  3.028E-03  8.29510E-04  1.032E-05  0.00000E+00  0.000E+00
   1.66000E+02  3.10000E+02  1.06436E-01  2.999E-03  8.31498E-04  1.034E-05  0.00000E+00  0.000E+00
   1.66000E+02  3.30000E+02  1.05672E-01  2.988E-03  8.30390E-04  1.030E-05  0.00000E+00  0.000E+00
   1.66000E+02  3.50000E+02  1.07247E-01  3.010E-03  8.34621E-04  1.039E-05  0.00000E+00  0.000E+00

   1.70000E+02  1.00000E+01  1.10065E-01  3.599E-03  8.36839E-04  1.228E-05  0.00000E+00  0.000E+00
   1.70000E+02  3.00000E+01  1.07610E-01  3.559E-03  8.40731E-04  1.232E-05  0.00000E+00  0.000E+00
   1.70000E+02  5.00000E+01  1.08634E-01  3.576E-03  8.37260E-04  1.228E-05  0.00000E+00  0.000E+00
   1.70000E+02  7.00000E+01  1.09488E-01  3.590E-03  8.40251E-04  1.231E-05  0.00000E+00  0.000E+00
   1.70000E+02  9.00000E+01  1.06302E-01  3.537E-03  8.30767E-04  1.219E-05  0.00000E+00  0.000E+00
   1.70000E+02  1.10000E+02  1.10968E-01  3.614E-03  8.42718E-04  1.232E-05  0.00000E+00  0.000E+00
   1.70000E+02  1.30000E+02  1.09882E-01  3.596E-03  8.32311E-04  1.223E-05  0.00000E+00  0.000E+00
   1.70000E+02  1.50000E+02  1.12359E-01  3.637E-03  8.42784E-04  1.234E-05  0.00000E+00  0.000E+00
   1.70000E+02  1.70000E+02  1.08614E-01  3.575E-03  8.39224E-04  1.229E-05  0.00000E+00  0.000E+00
   1.70000E+02  1.90000E+02  1.09878E-01  3.596E-03  8.33249E-04  1.224E-05  0.00000E+00  0.000E+00
   1.70000E+02  2.10000E+02  1.10032E-01  3.599E-03  8.19629E-04  1.204E-05  0.00000E+00  0.000E+00
   1.70000E+02  2.30000E+02  1.04508E-01  3.507E-03  8.38353E-04  1.227E-05  0.00000E+00  0.000E+00
   1.70000E+02  2.50000E+02  1.08697E-01  3.577E-03  8.42585E-04  1.230E-05  0.00000E+00  0.000E+00
   1.70000E+02  2.70000E+02  1.07967E-01  3.565E-03  8.41248E-04  1.232E-05  0.00000E+00  0.000E+00
   1.70000E+02  2.90000E+02  1.09048E-01  3.583E-03  8.31653E-04  1.219E-05  0.00000E+00  0.000E+00
   1.70000E+02  3.10000E+02  1.09849E-01  3.596E-03  8.43109E-04  1.234E-05  0.00000E+00  0.000E+00
   1.70000E+02  3.30000E+02  1.08868E-01  3.581E-03  8.37444E-04  1.228E-05  0.00000E+00  0.000E+00
   1.70000E+02  3.50000E+02  1.09515E-01  3.591E-03  8.23787E-04  1.209E-05  0.00000E+00  0.000E+00

   1.74000E+02  1.00000E+01  1.08780E-01  4.612E-03  8.23504E-04  1.562E-05  0.00000E+00  0.000E+00
   1.74000E+02  3.00000E+01  1.08816E-01  4.613E-03  8.33811E-04  1.579E-05  0.00000E+00  0.000E+00
   1.74000E+02  5.00000E+01  1.07235E-01  4.580E-03  8.34793E-04  1.577E-05  0.00000E+00  0.000E+00
   1.74000E+02  7.00000E+01  1.11131E-01  4.662E-03  8.45222E-04  1.594E-05  0.00000E+00  0.000E+00
   1.74000E+02  9.00000E+01  1.10988E-01  4.659E-03  8.36928E-04  1.578E-05  0.00000E+00  0.000E+00
   1.74000E+02  1.10000E+02  1.14073E-01  4.723E-03  8.37259E-04  1.582E-05  0.00000E+00  0.000E+00
   1.74000E+02  1.30000E+02  1.12895E-01  4.699E-03  8.30633E-04  1.572E-05  0.00000E+00  0.000E+00
   1.74000E+02  1.50000E+02  1.08524E-01  4.607E-03  8.27602E-04  1.566E-05  0.00000E+00  0.000E+00
   1.74000E+02  1.70000E+02  1.11179E-01  4.663E-03  8.32191E-04  1.569E-05  0.00000E+00  0.000E+00
   1.74000E+02  1.90000E+02  1.08129E-01  4.598E-03  8.34535E-04  1.569E-05  0.00000E+00  0.000E+00
   1.74000E+02  2.10000E+02  1.08530E-01  4.607E-03  8.34940E-04  1.581E-05  0.00000E+00  0.000E+00
   1.74000E+02  2.30000E+02  1.07939E-01  4.596E-03  8.36461E-04  1.580E-05  0.00000E+00  0.000E+00
   1.74000E+02  2.50000E+02  1.06651E-01  4.569E-03  8.32952E-04  1.579E-05  0.00000E+00  0.000E+00
   1.74000E+02  2.70000E+02  1.09390E-01  4.626E-03  8.25467E-04  1.568E-05  0.00000E+00  0.000E+00
   1.74000E+02  2.90000E+02  1.07772E-01  4.591E-03  8.32608E-04  1.570E-05  0.00000E+00  0.000E+00
   1.74000E+02  3.10000E+02  1.11231E-01  4.664E-03  8.35455E-04  1.580E-05  0.00000E+00  0.000E+00
   1.74000E+02  3.30000E+02  1.08082E-01  4.597E-03  8.41529E-04  1.578E-05  0.00000E+00  0.000E+00
   1.74000E+02  3.50000E+02  1.12355E-01  4.688E-03  8.35701E-04  1.583E-05  0.00000E+00  0.000E+00

   1.78000E+02  1.00000E+01  1.15232E-01  8.216E-03  8.19410E-04  2.681E-05  0.00000E+00  0.000E+00
   1.78000E+02  3.00000E+01  1.13735E-01  8.163E-03  8.41498E-04  2.762E-05  0.00000E+00  0.000E+00
   1.78000E+02  5.00000E+01  1.13458E-01  8.153E-03  8.40763E-04  2.736E-05  0.00000E+00  0.000E+00
   1.78000E+02  7.00000E+01  1.10060E-01  8.030E-03  8.41571E-04  2.743E-05  0.00000E+00  0.000E+00
   1.78000E+02  9.00000E+01  1.08437E-01  7.971E-03  8.48480E-04  2.773E-05  0.00000E+00  0.000E+00
   1.78000E+02  1.10000E+02  1.06380E-01  7.894E-03  8.25842E-04  2.694E-05  0.00000E+00  0.000E+00
   1.78000E+02  1.30000E+02  1.16652E-01  8.269E-03  8.35213E-04  2.715E-05  0.00000E+00  0.000E+00
   1.78000E+02  1.50000E+02  1.09063E-01  7.992E-03  8.36242E-04  2.737E-05  0.00000E+00  0.000E+00
   1.78000E+02  1.70000E+02  1.08756E-01  7.981E-03  8.46937E-04  2.750E-05  0.00000E+00  0.000E+00
   1.78000E+02  1.90000E+02  1.06086E-01  7.883E-03  8.68988E-04  2.816E-05  0.00000E+00  0.000E+00
   1.78000E+02  2.10000E+02  1.10515E-01  8.046E-03  8.27018E-04  2.726E-05  0.00000E+00  0.000E+00
   1.78000E+02  2.30000E+02  1.07853E-01  7.949E-03  8.45357E-04  2.769E-05  0.00000E+00  0.000E+00
   1.78000E+02  2.50000E+02  1.09921E-01  8.025E-03  8.20623E-04  2.702E-05  0.00000E+00  0.000E+00
   1.78000E+02  2.70000E+02  1.16971E-01  8.279E-03  8.14449E-04  2.672E-05  0.00000E+00  0.000E+00
   1.78000E+02  2.90000E+02  1.14457E-01  8.190E-03  8.49583E-04  2.763E-05  0.00000E+00  0.000E+00
   1.78000E+02  3.10000E+02  9.80241E-02  7.576E-03  8.48297E-04  2.748E-05  0.00000E+00  0.000E+00
   1.78000E+02  3.30000E+02  1.15048E-01  8.211E-03  8.37124E-04  2.735E-05  0.00000E+00  0.000E+00
   1.78000E+02  3.50000E+02  1.11678E-01  8.089E-03  8.35360E-04  2.712E-05  0.00000E+00  0.000E+00

