#>>>>>>>>>>>>>>>>>>>>>>>>>>>>>>>>>>>>>>>>>>>>>>>>>>>>>>>>>>>>
# [SECTION REPORT EMERGING UPBOUND PARTICLES DISTRIBUTION]
# Units are particles/(eV history)
# Energy window (eV), energy bins:
#  0.00000E+00  4.05000E+04   200
#
# Energy (eV) :     e-     : +-2sigma :   photons  : +-2sigma :     e+     : +-2sigma :
   1.01250E+02  0.00000E+00  0.000E+00  0.00000E+00  0.000E+00  0.00000E+00  0.000E+00
   3.03750E+02  0.00000E+00  0.000E+00  0.00000E+00  0.000E+00  0.00000E+00  0.000E+00
   5.06250E+02  0.00000E+00  0.000E+00  0.00000E+00  0.000E+00  0.00000E+00  0.000E+00
   7.08750E+02  0.00000E+00  0.000E+00  0.00000E+00  0.000E+00  0.00000E+00  0.000E+00
   9.11250E+02  6.17284E-13  6.173E-13  0.00000E+00  0.000E+00  0.00000E+00  0.000E+00
   1.11375E+03  1.14198E-11  5.741E-12  2.00617E-12  3.132E-12  0.00000E+00  0.000E+00
   1.31625E+03  1.34259E-11  7.152E-12  1.54321E-13  3.086E-13  0.00000E+00  0.000E+00
   1.51875E+03  1.14198E-11  5.741E-12  1.54321E-13  3.086E-13  0.00000E+00  0.000E+00
   1.72125E+03  1.62037E-11  7.839E-12  3.08642E-13  4.365E-13  0.00000E+00  0.000E+00
   1.92375E+03  1.63580E-11  7.845E-12  0.00000E+00  0.000E+00  0.00000E+00  0.000E+00
   2.12625E+03  1.82099E-11  7.917E-12  1.54321E-13  3.086E-13  0.00000E+00  0.000E+00
   2.32875E+03  2.22222E-11  9.083E-12  2.00617E-12  3.132E-12  0.00000E+00  0.000E+00
   2.53125E+03  2.54630E-11  9.637E-12  1.54321E-13  3.086E-13  0.00000E+00  0.000E+00
   2.73375E+03  3.20988E-11  1.183E-11  3.08642E-13  4.365E-13  0.00000E+00  0.000E+00
   2.93625E+03  2.62346E-11  9.662E-12  1.54321E-13  3.086E-13  0.00000E+00  0.000E+00
   3.13875E+03  3.81173E-11  1.198E-11  1.54321E-13  3.086E-13  0.00000E+00  0.000E+00
   3.34125E+03  2.90123E-11  1.018E-11  2.31481E-12  3.163E-12  0.00000E+00  0.000E+00
   3.54375E+03  4.49074E-11  1.349E-11  4.16667E-12  4.441E-12  0.00000E+00  0.000E+00
   3.74625E+03  4.96914E-11  1.516E-11  9.25926E-13  7.560E-13  0.00000E+00  0.000E+00
   3.94875E+03  3.54938E-11  1.117E-11  2.16049E-12  3.148E-12  0.00000E+00  0.000E+00
   4.15125E+03  5.49383E-11  1.520E-11  4.62963E-13  5.346E-13  0.00000E+00  0.000E+00
   4.35375E+03  5.10802E-11  1.455E-11  9.25926E-13  7.560E-13  0.00000E+00  0.000E+00
   4.55625E+03  6.25000E-11  1.617E-11  1.85185E-12  1.069E-12  0.00000E+00  0.000E+00
   4.75875E+03  5.95679E-11  1.530E-11  4.47531E-12  3.367E-12  0.00000E+00  0.000E+00
   4.96125E+03  6.48148E-11  1.621E-11  7.71605E-12  2.182E-12  0.00000E+00  0.000E+00
   5.16375E+03  8.20988E-11  1.873E-11  2.39198E-11  3.843E-12  0.00000E+00  0.000E+00
   5.36625E+03  9.44444E-11  2.003E-11  4.59877E-11  5.328E-12  0.00000E+00  0.000E+00
   5.56875E+03  9.79938E-11  2.113E-11  9.07407E-11  7.484E-12  0.00000E+00  0.000E+00
   5.77125E+03  8.17901E-11  1.755E-11  1.70833E-10  1.068E-11  0.00000E+00  0.000E+00
   5.97375E+03  1.31790E-10  2.406E-11  2.69907E-10  1.325E-11  0.00000E+00  0.000E+00
   6.17625E+03  9.30556E-11  1.868E-11  4.32716E-10  1.767E-11  0.00000E+00  0.000E+00
   6.37875E+03  1.09568E-10  2.069E-11  6.21759E-10  1.962E-11  0.00000E+00  0.000E+00
   6.58125E+03  1.35185E-10  2.410E-11  9.50772E-10  2.429E-11  0.00000E+00  0.000E+00
   6.78375E+03  1.39043E-10  2.415E-11  1.31219E-09  3.009E-11  0.00000E+00  0.000E+00
   6.98625E+03  1.42593E-10  2.437E-11  1.74275E-09  3.301E-11  0.00000E+00  0.000E+00
   7.18875E+03  7.85494E-11  1.748E-11  2.29352E-09  3.849E-11  0.00000E+00  0.000E+00
   7.39125E+03  1.17438E-10  2.277E-11  2.95093E-09  4.358E-11  0.00000E+00  0.000E+00
   7.59375E+03  8.54938E-11  1.901E-11  3.75324E-09  5.122E-11  0.00000E+00  0.000E+00
   7.79625E+03  1.00154E-10  2.075E-11  4.85139E-09  6.739E-11  0.00000E+00  0.000E+00
   7.99875E+03  1.25000E-10  2.379E-11  5.33868E-07  1.725E-09  0.00000E+00  0.000E+00
   8.20125E+03  3.07099E-11  9.356E-12  6.43148E-09  6.434E-11  0.00000E+00  0.000E+00
   8.40375E+03  3.14815E-11  9.382E-12  7.56250E-09  7.070E-11  0.00000E+00  0.000E+00
   8.60625E+03  3.42593E-11  1.114E-11  8.71296E-09  7.705E-11  0.00000E+00  0.000E+00
   8.80875E+03  3.19444E-11  8.929E-12  1.44183E-07  8.887E-10  0.00000E+00  0.000E+00
   9.01125E+03  1.62037E-11  3.163E-12  4.13904E-09  5.750E-11  0.00000E+00  0.000E+00
   9.21375E+03  1.85185E-11  3.381E-12  4.62963E-13  5.346E-13  0.00000E+00  0.000E+00
   9.41625E+03  1.74383E-11  3.281E-12  3.08642E-13  4.365E-13  0.00000E+00  0.000E+00
   9.61875E+03  1.51235E-11  3.055E-12  1.54321E-13  3.086E-13  0.00000E+00  0.000E+00
   9.82125E+03  1.94444E-11  3.464E-12  1.08025E-12  8.166E-13  0.00000E+00  0.000E+00
   1.00238E+04  1.80556E-11  3.338E-12  4.62963E-13  5.346E-13  0.00000E+00  0.000E+00
   1.02262E+04  1.89815E-11  3.423E-12  1.08025E-12  8.166E-13  0.00000E+00  0.000E+00
   1.04288E+04  2.17593E-11  3.665E-12  1.85185E-12  1.069E-12  0.00000E+00  0.000E+00
   1.06312E+04  1.92901E-11  3.451E-12  3.39506E-12  1.448E-12  0.00000E+00  0.000E+00
   1.08338E+04  1.80556E-11  3.338E-12  5.55556E-12  1.852E-12  0.00000E+00  0.000E+00
   1.10362E+04  1.99074E-11  3.505E-12  9.72222E-12  2.450E-12  0.00000E+00  0.000E+00
   1.12388E+04  1.80556E-11  3.338E-12  9.87654E-12  2.469E-12  0.00000E+00  0.000E+00
   1.14412E+04  2.03704E-11  3.546E-12  1.49691E-11  3.040E-12  0.00000E+00  0.000E+00
   1.16438E+04  2.11420E-11  3.613E-12  1.80556E-11  3.338E-12  0.00000E+00  0.000E+00
   1.18462E+04  2.19136E-11  3.678E-12  3.08642E-11  4.365E-12  0.00000E+00  0.000E+00
   1.20488E+04  2.02160E-11  3.533E-12  4.29012E-11  5.146E-12  0.00000E+00  0.000E+00
   1.22512E+04  2.16049E-11  3.652E-12  5.13889E-11  5.632E-12  0.00000E+00  0.000E+00
   1.24538E+04  1.83642E-11  3.367E-12  5.95679E-11  6.064E-12  0.00000E+00  0.000E+00
   1.26562E+04  2.16049E-11  3.652E-12  7.87037E-11  6.970E-12  0.00000E+00  0.000E+00
   1.28588E+04  1.65123E-11  3.193E-12  9.67593E-11  7.728E-12  0.00000E+00  0.000E+00
   1.30612E+04  1.92901E-11  3.451E-12  1.26389E-10  8.832E-12  0.00000E+00  0.000E+00
   1.32638E+04  1.89815E-11  3.423E-12  1.56944E-10  9.852E-12  0.00000E+00  0.000E+00
   1.34662E+04  2.16049E-11  3.652E-12  1.76389E-10  1.046E-11  0.00000E+00  0.000E+00
   1.36688E+04  2.17593E-11  3.665E-12  2.10340E-10  1.139E-11  0.00000E+00  0.000E+00
   1.38712E+04  1.91358E-11  3.437E-12  2.56327E-10  1.262E-11  0.00000E+00  0.000E+00
   1.40738E+04  1.95988E-11  3.478E-12  3.01389E-10  1.369E-11  0.00000E+00  0.000E+00
   1.42762E+04  2.00617E-11  3.519E-12  3.56636E-10  1.489E-11  0.00000E+00  0.000E+00
   1.44788E+04  2.23765E-11  3.717E-12  3.92747E-10  1.560E-11  0.00000E+00  0.000E+00
   1.46812E+04  1.82099E-11  3.353E-12  4.56790E-10  1.684E-11  0.00000E+00  0.000E+00
   1.48838E+04  2.09877E-11  3.599E-12  5.00772E-10  1.865E-11  0.00000E+00  0.000E+00
   1.50862E+04  2.31481E-11  3.780E-12  5.96296E-10  1.929E-11  0.00000E+00  0.000E+00
   1.52888E+04  2.31481E-11  3.780E-12  6.47068E-10  2.009E-11  0.00000E+00  0.000E+00
   1.54912E+04  1.82099E-11  3.353E-12  7.17130E-10  2.117E-11  0.00000E+00  0.000E+00
   1.56938E+04  1.95988E-11  3.478E-12  8.18364E-10  2.265E-11  0.00000E+00  0.000E+00
   1.58962E+04  2.17593E-11  3.665E-12  9.22222E-10  2.404E-11  0.00000E+00  0.000E+00
   1.60988E+04  2.08333E-11  3.586E-12  1.01173E-09  2.526E-11  0.00000E+00  0.000E+00
   1.63012E+04  1.75926E-11  3.295E-12  1.11019E-09  2.638E-11  0.00000E+00  0.000E+00
   1.65038E+04  1.91358E-11  3.437E-12  1.20880E-09  2.761E-11  0.00000E+00  0.000E+00
   1.67062E+04  2.19136E-11  3.678E-12  1.32685E-09  2.895E-11  0.00000E+00  0.000E+00
   1.69088E+04  1.52778E-11  3.071E-12  1.42593E-09  3.004E-11  0.00000E+00  0.000E+00
   1.71112E+04  1.88272E-11  3.409E-12  1.58519E-09  3.181E-11  0.00000E+00  0.000E+00
   1.73138E+04  1.91358E-11  3.437E-12  1.68735E-09  3.280E-11  0.00000E+00  0.000E+00
   1.75162E+04  1.97531E-11  3.492E-12  1.80725E-09  3.404E-11  0.00000E+00  0.000E+00
   1.77188E+04  1.86728E-11  3.395E-12  1.95417E-09  3.541E-11  0.00000E+00  0.000E+00
   1.79212E+04  1.72840E-11  3.266E-12  2.04028E-09  3.620E-11  0.00000E+00  0.000E+00
   1.81238E+04  1.99074E-11  3.505E-12  2.21389E-09  3.782E-11  0.00000E+00  0.000E+00
   1.83262E+04  1.68210E-11  3.222E-12  2.33951E-09  3.894E-11  0.00000E+00  0.000E+00
   1.85288E+04  1.38889E-11  2.928E-12  2.49275E-09  4.025E-11  0.00000E+00  0.000E+00
   1.87312E+04  1.63580E-11  3.178E-12  2.61944E-09  4.133E-11  0.00000E+00  0.000E+00
   1.89338E+04  1.48148E-11  3.024E-12  2.81559E-09  4.292E-11  0.00000E+00  0.000E+00
   1.91362E+04  1.68210E-11  3.222E-12  2.90602E-09  4.359E-11  0.00000E+00  0.000E+00
   1.93388E+04  1.72840E-11  3.266E-12  3.13519E-09  4.550E-11  0.00000E+00  0.000E+00
   1.95412E+04  1.34259E-11  2.879E-12  3.23827E-09  4.624E-11  0.00000E+00  0.000E+00
   1.97438E+04  1.37346E-11  2.912E-12  3.38241E-09  4.734E-11  0.00000E+00  0.000E+00
   1.99462E+04  1.40432E-11  2.944E-12  3.51219E-09  4.838E-11  0.00000E+00  0.000E+00
   2.01488E+04  1.63580E-11  3.178E-12  3.63735E-09  4.932E-11  0.00000E+00  0.000E+00
   2.03512E+04  1.52778E-11  3.071E-12  3.81111E-09  5.065E-11  0.00000E+00  0.000E+00
   2.05538E+04  1.51235E-11  3.055E-12  3.88410E-09  5.109E-11  0.00000E+00  0.000E+00
   2.07562E+04  1.63580E-11  3.178E-12  4.10000E-09  5.264E-11  0.00000E+00  0.000E+00
   2.09588E+04  1.26543E-11  2.795E-12  4.24769E-09  5.371E-11  0.00000E+00  0.000E+00
   2.11612E+04  1.04938E-11  2.545E-12  4.32068E-09  5.441E-11  0.00000E+00  0.000E+00
   2.13638E+04  1.11111E-11  2.619E-12  4.44120E-09  5.523E-11  0.00000E+00  0.000E+00
   2.15662E+04  1.29630E-11  2.829E-12  4.54444E-09  5.599E-11  0.00000E+00  0.000E+00
   2.17688E+04  1.17284E-11  2.691E-12  4.71790E-09  5.706E-11  0.00000E+00  0.000E+00
   2.19712E+04  1.25000E-11  2.778E-12  4.80772E-09  5.781E-11  0.00000E+00  0.000E+00
   2.21738E+04  1.14198E-11  2.655E-12  4.95556E-09  5.878E-11  0.00000E+00  0.000E+00
   2.23762E+04  1.17284E-11  2.691E-12  5.05494E-09  5.941E-11  0.00000E+00  0.000E+00
   2.25788E+04  1.11111E-11  2.619E-12  5.18086E-09  6.023E-11  0.00000E+00  0.000E+00
   2.27812E+04  1.00309E-11  2.488E-12  5.24830E-09  6.091E-11  0.00000E+00  0.000E+00
   2.29838E+04  1.00309E-11  2.488E-12  5.38210E-09  6.185E-11  0.00000E+00  0.000E+00
   2.31862E+04  8.79630E-12  2.330E-12  5.48133E-09  6.243E-11  0.00000E+00  0.000E+00
   2.33888E+04  1.29630E-11  2.829E-12  5.60633E-09  6.339E-11  0.00000E+00  0.000E+00
   2.35912E+04  9.87654E-12  2.469E-12  5.68580E-09  6.395E-11  0.00000E+00  0.000E+00
   2.37938E+04  8.79630E-12  2.330E-12  5.74367E-09  6.438E-11  0.00000E+00  0.000E+00
   2.39962E+04  7.25309E-12  2.116E-12  5.84907E-09  6.515E-11  0.00000E+00  0.000E+00
   2.41988E+04  8.33333E-12  2.268E-12  5.90216E-09  6.560E-11  0.00000E+00  0.000E+00
   2.44012E+04  7.56173E-12  2.160E-12  6.03657E-09  6.666E-11  0.00000E+00  0.000E+00
   2.46038E+04  6.79012E-12  2.047E-12  6.02377E-09  6.654E-11  0.00000E+00  0.000E+00
   2.48062E+04  8.17901E-12  2.247E-12  6.14630E-09  6.743E-11  0.00000E+00  0.000E+00
   2.50088E+04  4.78395E-12  1.718E-12  6.13148E-09  6.745E-11  0.00000E+00  0.000E+00
   2.52112E+04  6.94444E-12  2.070E-12  6.20787E-09  6.826E-11  0.00000E+00  0.000E+00
   2.54138E+04  8.33333E-12  2.268E-12  6.19259E-09  6.817E-11  0.00000E+00  0.000E+00
   2.56162E+04  6.01852E-12  1.927E-12  6.26960E-09  6.867E-11  0.00000E+00  0.000E+00
   2.58188E+04  4.93827E-12  1.746E-12  6.24043E-09  6.868E-11  0.00000E+00  0.000E+00
   2.60212E+04  6.32716E-12  1.976E-12  6.36713E-09  6.964E-11  0.00000E+00  0.000E+00
   2.62238E+04  4.47531E-12  1.662E-12  6.32330E-09  6.938E-11  0.00000E+00  0.000E+00
   2.64262E+04  5.09259E-12  1.773E-12  6.39151E-09  7.016E-11  0.00000E+00  0.000E+00
   2.66288E+04  4.16667E-12  1.604E-12  6.36620E-09  7.010E-11  0.00000E+00  0.000E+00
   2.68312E+04  3.85802E-12  1.543E-12  6.42917E-09  7.049E-11  0.00000E+00  0.000E+00
   2.70338E+04  3.54938E-12  1.480E-12  6.39398E-09  7.052E-11  0.00000E+00  0.000E+00
   2.72362E+04  2.93210E-12  1.345E-12  6.41775E-09  7.070E-11  0.00000E+00  0.000E+00
   2.74388E+04  3.39506E-12  1.448E-12  6.42716E-09  7.093E-11  0.00000E+00  0.000E+00
   2.76412E+04  2.62346E-12  1.273E-12  6.41914E-09  7.105E-11  0.00000E+00  0.000E+00
   2.78438E+04  4.01235E-12  1.574E-12  6.37886E-09  7.100E-11  0.00000E+00  0.000E+00
   2.80462E+04  3.54938E-12  1.480E-12  6.34660E-09  7.101E-11  0.00000E+00  0.000E+00
   2.82488E+04  2.77778E-12  1.309E-12  6.32562E-09  7.098E-11  0.00000E+00  0.000E+00
   2.84512E+04  2.93210E-12  1.345E-12  6.34290E-09  7.132E-11  0.00000E+00  0.000E+00
   2.86538E+04  2.31481E-12  1.195E-12  6.38920E-09  7.168E-11  0.00000E+00  0.000E+00
   2.88562E+04  2.00617E-12  1.113E-12  6.25401E-09  7.109E-11  0.00000E+00  0.000E+00
   2.90588E+04  2.31481E-12  1.195E-12  6.18920E-09  7.094E-11  0.00000E+00  0.000E+00
   2.92612E+04  2.77778E-12  1.309E-12  6.17500E-09  7.088E-11  0.00000E+00  0.000E+00
   2.94638E+04  1.85185E-12  1.069E-12  6.25710E-09  7.160E-11  0.00000E+00  0.000E+00
   2.96662E+04  2.77778E-12  1.309E-12  6.10957E-09  7.084E-11  0.00000E+00  0.000E+00
   2.98688E+04  1.54321E-12  9.760E-13  6.01019E-09  7.028E-11  0.00000E+00  0.000E+00
   3.00712E+04  1.85185E-12  1.069E-12  5.93287E-09  7.001E-11  0.00000E+00  0.000E+00
   3.02738E+04  1.69753E-12  1.024E-12  5.95432E-09  7.020E-11  0.00000E+00  0.000E+00
   3.04762E+04  1.23457E-12  8.730E-13  5.86806E-09  6.980E-11  0.00000E+00  0.000E+00
   3.06788E+04  9.25926E-13  7.560E-13  5.80216E-09  6.958E-11  0.00000E+00  0.000E+00
   3.08812E+04  1.08025E-12  8.166E-13  5.75139E-09  6.931E-11  0.00000E+00  0.000E+00
   3.10838E+04  1.23457E-12  8.730E-13  5.68565E-09  6.929E-11  0.00000E+00  0.000E+00
   3.12862E+04  7.71605E-13  6.901E-13  5.63580E-09  6.905E-11  0.00000E+00  0.000E+00
   3.14888E+04  1.54321E-12  9.760E-13  5.51219E-09  6.827E-11  0.00000E+00  0.000E+00
   3.16912E+04  3.08642E-13  4.365E-13  5.43673E-09  6.796E-11  0.00000E+00  0.000E+00
   3.18938E+04  9.25926E-13  7.560E-13  5.39259E-09  6.799E-11  0.00000E+00  0.000E+00
   3.20962E+04  1.54321E-12  9.760E-13  5.24877E-09  6.706E-11  0.00000E+00  0.000E+00
   3.22988E+04  4.62963E-13  5.346E-13  5.19877E-09  6.695E-11  0.00000E+00  0.000E+00
   3.25012E+04  9.25926E-13  7.560E-13  5.11296E-09  6.638E-11  0.00000E+00  0.000E+00
   3.27038E+04  7.71605E-13  6.901E-13  5.05571E-09  6.612E-11  0.00000E+00  0.000E+00
   3.29062E+04  6.17284E-13  6.173E-13  4.87515E-09  6.507E-11  0.00000E+00  0.000E+00
   3.31088E+04  1.54321E-13  3.086E-13  4.85664E-09  6.507E-11  0.00000E+00  0.000E+00
   3.33112E+04  6.17284E-13  6.173E-13  4.72284E-09  6.426E-11  0.00000E+00  0.000E+00
   3.35138E+04  4.62963E-13  5.346E-13  4.61590E-09  6.372E-11  0.00000E+00  0.000E+00
   3.37162E+04  7.71605E-13  6.901E-13  4.52762E-09  6.325E-11  0.00000E+00  0.000E+00
   3.39188E+04  6.17284E-13  6.173E-13  4.45586E-09  6.280E-11  0.00000E+00  0.000E+00
   3.41212E+04  6.17284E-13  6.173E-13  4.31944E-09  6.180E-11  0.00000E+00  0.000E+00
   3.43238E+04  1.08025E-12  8.166E-13  4.29398E-09  6.209E-11  0.00000E+00  0.000E+00
   3.45262E+04  3.08642E-13  4.365E-13  4.15525E-09  6.097E-11  0.00000E+00  0.000E+00
   3.47288E+04  6.17284E-13  6.173E-13  3.99753E-09  6.005E-11  0.00000E+00  0.000E+00
   3.49312E+04  1.54321E-13  3.086E-13  3.90772E-09  5.943E-11  0.00000E+00  0.000E+00
   3.51338E+04  4.62963E-13  5.346E-13  3.80062E-09  5.865E-11  0.00000E+00  0.000E+00
   3.53362E+04  3.08642E-13  4.365E-13  3.63596E-09  5.752E-11  0.00000E+00  0.000E+00
   3.55388E+04  1.54321E-13  3.086E-13  3.55725E-09  5.689E-11  0.00000E+00  0.000E+00
   3.57412E+04  0.00000E+00  0.000E+00  3.43889E-09  5.609E-11  0.00000E+00  0.000E+00
   3.59438E+04  1.54321E-13  3.086E-13  3.31636E-09  5.533E-11  0.00000E+00  0.000E+00
   3.61462E+04  3.08642E-13  4.365E-13  3.18441E-09  5.415E-11  0.00000E+00  0.000E+00
   3.63488E+04  0.00000E+00  0.000E+00  3.00123E-09  5.260E-11  0.00000E+00  0.000E+00
   3.65512E+04  1.54321E-13  3.086E-13  2.90355E-09  5.193E-11  0.00000E+00  0.000E+00
   3.67538E+04  1.54321E-13  3.086E-13  2.82006E-09  5.133E-11  0.00000E+00  0.000E+00
   3.69562E+04  3.08642E-13  4.365E-13  2.63333E-09  4.972E-11  0.00000E+00  0.000E+00
   3.71588E+04  3.08642E-13  4.365E-13  2.52593E-09  4.875E-11  0.00000E+00  0.000E+00
   3.73612E+04  1.54321E-13  3.086E-13  2.39676E-09  4.762E-11  0.00000E+00  0.000E+00
   3.75638E+04  0.00000E+00  0.000E+00  2.25355E-09  4.628E-11  0.00000E+00  0.000E+00
   3.77662E+04  0.00000E+00  0.000E+00  2.06667E-09  4.435E-11  0.00000E+00  0.000E+00
   3.79688E+04  0.00000E+00  0.000E+00  1.94599E-09  4.312E-11  0.00000E+00  0.000E+00
   3.81712E+04  0.00000E+00  0.000E+00  1.83719E-09  4.200E-11  0.00000E+00  0.000E+00
   3.83738E+04  0.00000E+00  0.000E+00  1.65139E-09  3.993E-11  0.00000E+00  0.000E+00
   3.85762E+04  0.00000E+00  0.000E+00  1.50694E-09  3.824E-11  0.00000E+00  0.000E+00
   3.87788E+04  0.00000E+00  0.000E+00  1.34552E-09  3.640E-11  0.00000E+00  0.000E+00
   3.89812E+04  1.54321E-13  3.086E-13  1.16497E-09  3.390E-11  0.00000E+00  0.000E+00
   3.91838E+04  0.00000E+00  0.000E+00  9.65741E-10  3.084E-11  0.00000E+00  0.000E+00
   3.93862E+04  0.00000E+00  0.000E+00  7.42284E-10  2.726E-11  0.00000E+00  0.000E+00
   3.95888E+04  0.00000E+00  0.000E+00  5.53858E-10  2.367E-11  0.00000E+00  0.000E+00
   3.97912E+04  0.00000E+00  0.000E+00  3.37654E-10  1.855E-11  0.00000E+00  0.000E+00
   3.99938E+04  0.00000E+00  0.000E+00  1.09414E-10  1.053E-11  0.00000E+00  0.000E+00
   4.01962E+04  0.00000E+00  0.000E+00  0.00000E+00  0.000E+00  0.00000E+00  0.000E+00
   4.03988E+04  0.00000E+00  0.000E+00  0.00000E+00  0.000E+00  0.00000E+00  0.000E+00
