#>>>>>>>>>>>>>>>>>>>>>>>>>>>>>>>>>>>>>>>>>>>>>>>>>>>>>>>>>>>>
# [SECTION REPORT EMERGING DOWNBOUND PARTICLES DISTRIBUTION]
# Units are particles/(eV history)
# Energy minimum, maximum, energy bins:
#  0.00000E+00  4.05000E+04   200
#
# Energy (eV) :     e-     : +-2sigma :   photons  : +-2sigma :     e+     : +-2sigma :
   1.01250E+02  0.00000E+00  0.000E+00  0.00000E+00  0.000E+00  0.00000E+00  0.000E+00
   3.03750E+02  0.00000E+00  0.000E+00  0.00000E+00  0.000E+00  0.00000E+00  0.000E+00
   5.06250E+02  0.00000E+00  0.000E+00  0.00000E+00  0.000E+00  0.00000E+00  0.000E+00
   7.08750E+02  0.00000E+00  0.000E+00  0.00000E+00  0.000E+00  0.00000E+00  0.000E+00
   9.11250E+02  1.04531E-07  1.552E-08  1.84321E-09  4.322E-11  0.00000E+00  0.000E+00
   1.11375E+03  1.95018E-06  6.715E-08  6.91103E-08  5.553E-10  0.00000E+00  0.000E+00
   1.31625E+03  1.93058E-06  6.652E-08  4.16333E-08  2.051E-10  0.00000E+00  0.000E+00
   1.51875E+03  1.88536E-06  6.559E-08  5.33756E-08  2.290E-10  0.00000E+00  0.000E+00
   1.72125E+03  1.83061E-06  6.448E-08  6.68006E-08  2.562E-10  0.00000E+00  0.000E+00
   1.92375E+03  1.79693E-06  6.372E-08  8.07366E-08  2.780E-10  0.00000E+00  0.000E+00
   2.12625E+03  1.80571E-06  6.376E-08  9.51091E-08  3.001E-10  0.00000E+00  0.000E+00
   2.32875E+03  1.70710E-06  6.189E-08  1.08529E-07  3.199E-10  0.00000E+00  0.000E+00
   2.53125E+03  1.70001E-06  6.169E-08  1.20839E-07  3.362E-10  0.00000E+00  0.000E+00
   2.73375E+03  1.69766E-06  6.169E-08  1.31935E-07  3.523E-10  0.00000E+00  0.000E+00
   2.93625E+03  1.64286E-06  6.055E-08  1.41495E-07  3.638E-10  0.00000E+00  0.000E+00
   3.13875E+03  1.64661E-06  6.076E-08  1.49007E-07  3.717E-10  0.00000E+00  0.000E+00
   3.34125E+03  1.57152E-06  5.929E-08  1.54981E-07  3.801E-10  0.00000E+00  0.000E+00
   3.54375E+03  1.57206E-06  5.942E-08  1.59351E-07  3.859E-10  0.00000E+00  0.000E+00
   3.74625E+03  1.57068E-06  5.943E-08  1.62494E-07  3.906E-10  0.00000E+00  0.000E+00
   3.94875E+03  1.51627E-06  5.844E-08  1.64567E-07  3.939E-10  0.00000E+00  0.000E+00
   4.15125E+03  1.47264E-06  5.756E-08  1.65227E-07  3.939E-10  0.00000E+00  0.000E+00
   4.35375E+03  1.48156E-06  5.790E-08  1.65584E-07  3.950E-10  0.00000E+00  0.000E+00
   4.55625E+03  1.44327E-06  5.717E-08  1.64491E-07  3.946E-10  0.00000E+00  0.000E+00
   4.75875E+03  1.45135E-06  5.742E-08  1.63022E-07  3.932E-10  0.00000E+00  0.000E+00
   4.96125E+03  1.42476E-06  5.694E-08  1.61518E-07  3.927E-10  0.00000E+00  0.000E+00
   5.16375E+03  1.43701E-06  5.732E-08  1.58915E-07  3.893E-10  0.00000E+00  0.000E+00
   5.36625E+03  1.52671E-06  5.925E-08  1.56607E-07  3.866E-10  0.00000E+00  0.000E+00
   5.56875E+03  1.50141E-06  5.878E-08  1.54122E-07  3.848E-10  0.00000E+00  0.000E+00
   5.77125E+03  1.52478E-06  5.930E-08  1.51124E-07  3.808E-10  0.00000E+00  0.000E+00
   5.97375E+03  1.55117E-06  5.988E-08  1.48270E-07  3.788E-10  0.00000E+00  0.000E+00
   6.17625E+03  1.54688E-06  5.976E-08  1.45136E-07  3.745E-10  0.00000E+00  0.000E+00
   6.37875E+03  1.64131E-06  6.175E-08  1.42009E-07  3.706E-10  0.00000E+00  0.000E+00
   6.58125E+03  1.63478E-06  6.148E-08  1.39098E-07  3.672E-10  0.00000E+00  0.000E+00
   6.78375E+03  1.67474E-06  6.221E-08  1.35517E-07  3.628E-10  0.00000E+00  0.000E+00
   6.98625E+03  1.74249E-06  6.354E-08  1.32134E-07  3.593E-10  0.00000E+00  0.000E+00
   7.18875E+03  1.70211E-06  6.364E-08  1.29064E-07  3.545E-10  0.00000E+00  0.000E+00
   7.39125E+03  1.74404E-06  6.443E-08  1.26149E-07  3.523E-10  0.00000E+00  0.000E+00
   7.59375E+03  1.88136E-06  6.706E-08  1.23819E-07  3.551E-10  0.00000E+00  0.000E+00
   7.79625E+03  1.84263E-06  6.634E-08  1.22775E-07  3.675E-10  0.00000E+00  0.000E+00
   7.99875E+03  1.90734E-06  6.766E-08  1.21541E-05  1.057E-08  0.00000E+00  0.000E+00
   8.20125E+03  1.93010E-06  6.827E-08  1.13844E-07  3.335E-10  0.00000E+00  0.000E+00
   8.40375E+03  2.01986E-06  6.991E-08  1.11145E-07  3.311E-10  0.00000E+00  0.000E+00
   8.60625E+03  2.08251E-06  7.105E-08  1.08573E-07  3.296E-10  0.00000E+00  0.000E+00
   8.80875E+03  2.11257E-06  7.156E-08  1.61186E-06  3.616E-09  0.00000E+00  0.000E+00
   9.01125E+03  2.14433E-06  7.218E-08  7.93292E-08  2.926E-10  0.00000E+00  0.000E+00
   9.21375E+03  2.29190E-06  7.467E-08  6.20052E-08  2.354E-10  0.00000E+00  0.000E+00
   9.41625E+03  2.34184E-06  7.545E-08  6.13827E-08  2.343E-10  0.00000E+00  0.000E+00
   9.61875E+03  2.28272E-06  7.454E-08  6.08073E-08  2.334E-10  0.00000E+00  0.000E+00
   9.82125E+03  2.40251E-06  7.652E-08  6.03437E-08  2.333E-10  0.00000E+00  0.000E+00
   1.00238E+04  2.48042E-06  7.774E-08  5.96465E-08  2.321E-10  0.00000E+00  0.000E+00
   1.02262E+04  2.40943E-06  7.668E-08  5.89789E-08  2.306E-10  0.00000E+00  0.000E+00
   1.04288E+04  2.59792E-06  7.963E-08  5.83869E-08  2.306E-10  0.00000E+00  0.000E+00
   1.06312E+04  2.68379E-06  8.096E-08  5.75961E-08  2.286E-10  0.00000E+00  0.000E+00
   1.08338E+04  2.68777E-06  8.106E-08  5.67872E-08  2.279E-10  0.00000E+00  0.000E+00
   1.10362E+04  2.75029E-06  8.200E-08  5.61110E-08  2.264E-10  0.00000E+00  0.000E+00
   1.12388E+04  2.85995E-06  8.363E-08  5.54582E-08  2.250E-10  0.00000E+00  0.000E+00
   1.14412E+04  2.91426E-06  8.453E-08  5.45142E-08  2.234E-10  0.00000E+00  0.000E+00
   1.16438E+04  3.01656E-06  8.594E-08  5.39515E-08  2.228E-10  0.00000E+00  0.000E+00
   1.18462E+04  3.05744E-06  8.660E-08  5.32187E-08  2.215E-10  0.00000E+00  0.000E+00
   1.20488E+04  3.13165E-06  8.763E-08  5.24264E-08  2.203E-10  0.00000E+00  0.000E+00
   1.22512E+04  3.21495E-06  8.883E-08  5.16326E-08  2.186E-10  0.00000E+00  0.000E+00
   1.24538E+04  3.34337E-06  9.058E-08  5.06551E-08  2.164E-10  0.00000E+00  0.000E+00
   1.26562E+04  3.33786E-06  9.052E-08  5.01563E-08  2.157E-10  0.00000E+00  0.000E+00
   1.28588E+04  3.42980E-06  9.180E-08  4.92994E-08  2.141E-10  0.00000E+00  0.000E+00
   1.30612E+04  3.50329E-06  9.278E-08  4.85813E-08  2.126E-10  0.00000E+00  0.000E+00
   1.32638E+04  3.65204E-06  9.475E-08  4.77765E-08  2.114E-10  0.00000E+00  0.000E+00
   1.34662E+04  3.61774E-06  9.431E-08  4.70739E-08  2.098E-10  0.00000E+00  0.000E+00
   1.36688E+04  3.74179E-06  9.594E-08  4.61920E-08  2.081E-10  0.00000E+00  0.000E+00
   1.38712E+04  3.85621E-06  9.744E-08  4.54838E-08  2.065E-10  0.00000E+00  0.000E+00
   1.40738E+04  3.91265E-06  9.812E-08  4.47404E-08  2.050E-10  0.00000E+00  0.000E+00
   1.42762E+04  3.99471E-06  9.916E-08  4.39444E-08  2.030E-10  0.00000E+00  0.000E+00
   1.44788E+04  4.05159E-06  9.988E-08  4.31932E-08  2.015E-10  0.00000E+00  0.000E+00
   1.46812E+04  4.27493E-06  1.026E-07  4.23904E-08  2.001E-10  0.00000E+00  0.000E+00
   1.48838E+04  4.30132E-06  1.029E-07  4.17066E-08  1.982E-10  0.00000E+00  0.000E+00
   1.50862E+04  4.28023E-06  1.027E-07  4.08454E-08  1.966E-10  0.00000E+00  0.000E+00
   1.52888E+04  4.42896E-06  1.044E-07  4.03230E-08  1.954E-10  0.00000E+00  0.000E+00
   1.54912E+04  4.54119E-06  1.058E-07  3.97210E-08  1.940E-10  0.00000E+00  0.000E+00
   1.56938E+04  4.62849E-06  1.068E-07  3.89545E-08  1.921E-10  0.00000E+00  0.000E+00
   1.58962E+04  4.71822E-06  1.078E-07  3.84040E-08  1.911E-10  0.00000E+00  0.000E+00
   1.60988E+04  4.74739E-06  1.082E-07  3.76102E-08  1.890E-10  0.00000E+00  0.000E+00
   1.63012E+04  5.01414E-06  1.112E-07  3.70207E-08  1.881E-10  0.00000E+00  0.000E+00
   1.65038E+04  4.97364E-06  1.107E-07  3.64154E-08  1.864E-10  0.00000E+00  0.000E+00
   1.67062E+04  5.12499E-06  1.124E-07  3.56495E-08  1.844E-10  0.00000E+00  0.000E+00
   1.69088E+04  5.26079E-06  1.139E-07  3.50509E-08  1.827E-10  0.00000E+00  0.000E+00
   1.71112E+04  5.32987E-06  1.147E-07  3.44296E-08  1.813E-10  0.00000E+00  0.000E+00
   1.73138E+04  5.48384E-06  1.163E-07  3.37272E-08  1.795E-10  0.00000E+00  0.000E+00
   1.75162E+04  5.55999E-06  1.171E-07  3.31502E-08  1.781E-10  0.00000E+00  0.000E+00
   1.77188E+04  5.68240E-06  1.184E-07  3.25336E-08  1.764E-10  0.00000E+00  0.000E+00
   1.79212E+04  5.80987E-06  1.197E-07  3.20378E-08  1.753E-10  0.00000E+00  0.000E+00
   1.81238E+04  5.87627E-06  1.204E-07  3.14444E-08  1.735E-10  0.00000E+00  0.000E+00
   1.83262E+04  5.99962E-06  1.216E-07  3.09784E-08  1.726E-10  0.00000E+00  0.000E+00
   1.85288E+04  6.00060E-06  1.216E-07  3.03844E-08  1.709E-10  0.00000E+00  0.000E+00
   1.87312E+04  6.20596E-06  1.237E-07  2.98285E-08  1.693E-10  0.00000E+00  0.000E+00
   1.89338E+04  6.39290E-06  1.256E-07  2.92613E-08  1.678E-10  0.00000E+00  0.000E+00
   1.91362E+04  6.41380E-06  1.258E-07  2.87633E-08  1.665E-10  0.00000E+00  0.000E+00
   1.93388E+04  6.59336E-06  1.275E-07  2.81441E-08  1.646E-10  0.00000E+00  0.000E+00
   1.95412E+04  6.69642E-06  1.285E-07  2.76477E-08  1.633E-10  0.00000E+00  0.000E+00
   1.97438E+04  6.88099E-06  1.303E-07  2.70866E-08  1.614E-10  0.00000E+00  0.000E+00
   1.99462E+04  7.00815E-06  1.315E-07  2.63940E-08  1.594E-10  0.00000E+00  0.000E+00
   2.01488E+04  7.07728E-06  1.321E-07  2.61397E-08  1.588E-10  0.00000E+00  0.000E+00
   2.03512E+04  7.27234E-06  1.339E-07  2.56403E-08  1.573E-10  0.00000E+00  0.000E+00
   2.05538E+04  7.34393E-06  1.346E-07  2.50716E-08  1.556E-10  0.00000E+00  0.000E+00
   2.07562E+04  7.60072E-06  1.369E-07  2.45458E-08  1.540E-10  0.00000E+00  0.000E+00
   2.09588E+04  7.62665E-06  1.371E-07  2.41915E-08  1.529E-10  0.00000E+00  0.000E+00
   2.11612E+04  7.70751E-06  1.378E-07  2.36403E-08  1.513E-10  0.00000E+00  0.000E+00
   2.13638E+04  7.99269E-06  1.404E-07  2.32883E-08  1.502E-10  0.00000E+00  0.000E+00
   2.15662E+04  8.05750E-06  1.409E-07  2.27113E-08  1.483E-10  0.00000E+00  0.000E+00
   2.17688E+04  8.15503E-06  1.418E-07  2.23855E-08  1.472E-10  0.00000E+00  0.000E+00
   2.19712E+04  8.27108E-06  1.428E-07  2.19079E-08  1.456E-10  0.00000E+00  0.000E+00
   2.21738E+04  8.48404E-06  1.446E-07  2.14924E-08  1.444E-10  0.00000E+00  0.000E+00
   2.23762E+04  8.52107E-06  1.449E-07  2.10289E-08  1.430E-10  0.00000E+00  0.000E+00
   2.25788E+04  8.75687E-06  1.469E-07  2.07389E-08  1.419E-10  0.00000E+00  0.000E+00
   2.27812E+04  8.79884E-06  1.473E-07  2.02560E-08  1.402E-10  0.00000E+00  0.000E+00
   2.29838E+04  9.04019E-06  1.493E-07  2.00080E-08  1.395E-10  0.00000E+00  0.000E+00
   2.31862E+04  9.12723E-06  1.500E-07  1.95944E-08  1.378E-10  0.00000E+00  0.000E+00
   2.33888E+04  9.22415E-06  1.508E-07  1.91093E-08  1.363E-10  0.00000E+00  0.000E+00
   2.35912E+04  9.51241E-06  1.531E-07  1.86312E-08  1.346E-10  0.00000E+00  0.000E+00
   2.37938E+04  9.62166E-06  1.540E-07  1.83287E-08  1.335E-10  0.00000E+00  0.000E+00
   2.39962E+04  9.65685E-06  1.543E-07  1.78744E-08  1.318E-10  0.00000E+00  0.000E+00
   2.41988E+04  9.97660E-06  1.568E-07  1.75809E-08  1.308E-10  0.00000E+00  0.000E+00
   2.44012E+04  1.00210E-05  1.571E-07  1.72289E-08  1.295E-10  0.00000E+00  0.000E+00
   2.46038E+04  1.02099E-05  1.586E-07  1.68856E-08  1.281E-10  0.00000E+00  0.000E+00
   2.48062E+04  1.03105E-05  1.594E-07  1.66167E-08  1.272E-10  0.00000E+00  0.000E+00
   2.50088E+04  1.05371E-05  1.611E-07  1.62503E-08  1.258E-10  0.00000E+00  0.000E+00
   2.52112E+04  1.06593E-05  1.621E-07  1.59583E-08  1.248E-10  0.00000E+00  0.000E+00
   2.54138E+04  1.09321E-05  1.641E-07  1.55414E-08  1.231E-10  0.00000E+00  0.000E+00
   2.56162E+04  1.10173E-05  1.647E-07  1.51833E-08  1.217E-10  0.00000E+00  0.000E+00
   2.58188E+04  1.11241E-05  1.655E-07  1.48449E-08  1.203E-10  0.00000E+00  0.000E+00
   2.60212E+04  1.13661E-05  1.673E-07  1.44392E-08  1.186E-10  0.00000E+00  0.000E+00
   2.62238E+04  1.15253E-05  1.685E-07  1.41773E-08  1.176E-10  0.00000E+00  0.000E+00
   2.64262E+04  1.18025E-05  1.705E-07  1.38372E-08  1.162E-10  0.00000E+00  0.000E+00
   2.66288E+04  1.18111E-05  1.706E-07  1.34944E-08  1.148E-10  0.00000E+00  0.000E+00
   2.68312E+04  1.19037E-05  1.712E-07  1.33961E-08  1.144E-10  0.00000E+00  0.000E+00
   2.70338E+04  1.21932E-05  1.733E-07  1.29923E-08  1.126E-10  0.00000E+00  0.000E+00
   2.72362E+04  1.23685E-05  1.745E-07  1.26403E-08  1.110E-10  0.00000E+00  0.000E+00
   2.74388E+04  1.25753E-05  1.760E-07  1.24383E-08  1.101E-10  0.00000E+00  0.000E+00
   2.76412E+04  1.26426E-05  1.765E-07  1.20477E-08  1.084E-10  0.00000E+00  0.000E+00
   2.78438E+04  1.28630E-05  1.780E-07  1.18011E-08  1.072E-10  0.00000E+00  0.000E+00
   2.80462E+04  1.29722E-05  1.787E-07  1.16127E-08  1.066E-10  0.00000E+00  0.000E+00
   2.82488E+04  1.31957E-05  1.803E-07  1.12931E-08  1.051E-10  0.00000E+00  0.000E+00
   2.84512E+04  1.33426E-05  1.813E-07  1.09528E-08  1.034E-10  0.00000E+00  0.000E+00
   2.86538E+04  1.34574E-05  1.820E-07  1.06963E-08  1.022E-10  0.00000E+00  0.000E+00
   2.88562E+04  1.38154E-05  1.844E-07  1.04494E-08  1.010E-10  0.00000E+00  0.000E+00
   2.90588E+04  1.38062E-05  1.844E-07  1.01012E-08  9.937E-11  0.00000E+00  0.000E+00
   2.92612E+04  1.37698E-05  1.841E-07  1.00224E-08  9.906E-11  0.00000E+00  0.000E+00
   2.94638E+04  1.41611E-05  1.867E-07  9.76728E-09  9.771E-11  0.00000E+00  0.000E+00
   2.96662E+04  1.42704E-05  1.874E-07  9.45571E-09  9.615E-11  0.00000E+00  0.000E+00
   2.98688E+04  1.42457E-05  1.873E-07  9.17130E-09  9.485E-11  0.00000E+00  0.000E+00
   3.00712E+04  1.46741E-05  1.901E-07  9.00247E-09  9.382E-11  0.00000E+00  0.000E+00
   3.02738E+04  1.46512E-05  1.899E-07  8.68611E-09  9.211E-11  0.00000E+00  0.000E+00
   3.04762E+04  1.47130E-05  1.903E-07  8.44784E-09  9.095E-11  0.00000E+00  0.000E+00
   3.06788E+04  1.51846E-05  1.933E-07  8.23025E-09  8.969E-11  0.00000E+00  0.000E+00
   3.08812E+04  1.53154E-05  1.942E-07  8.02531E-09  8.863E-11  0.00000E+00  0.000E+00
   3.10838E+04  1.53204E-05  1.942E-07  7.74969E-09  8.712E-11  0.00000E+00  0.000E+00
   3.12862E+04  1.51858E-05  1.933E-07  7.49599E-09  8.566E-11  0.00000E+00  0.000E+00
   3.14888E+04  1.55130E-05  1.954E-07  7.26821E-09  8.434E-11  0.00000E+00  0.000E+00
   3.16912E+04  1.56105E-05  1.960E-07  7.05772E-09  8.312E-11  0.00000E+00  0.000E+00
   3.18938E+04  1.57735E-05  1.970E-07  6.84491E-09  8.171E-11  0.00000E+00  0.000E+00
   3.20962E+04  1.58938E-05  1.978E-07  6.64753E-09  8.071E-11  0.00000E+00  0.000E+00
   3.22988E+04  1.57870E-05  1.971E-07  6.43241E-09  7.932E-11  0.00000E+00  0.000E+00
   3.25012E+04  1.60432E-05  1.987E-07  6.26636E-09  7.843E-11  0.00000E+00  0.000E+00
   3.27038E+04  1.61654E-05  1.995E-07  6.08194E-09  7.732E-11  0.00000E+00  0.000E+00
   3.29062E+04  1.62235E-05  1.998E-07  5.77531E-09  7.515E-11  0.00000E+00  0.000E+00
   3.31088E+04  1.61685E-05  1.995E-07  5.65880E-09  7.458E-11  0.00000E+00  0.000E+00
   3.33112E+04  1.63235E-05  2.004E-07  5.41713E-09  7.290E-11  0.00000E+00  0.000E+00
   3.35138E+04  1.63969E-05  2.009E-07  5.23086E-09  7.176E-11  0.00000E+00  0.000E+00
   3.37162E+04  1.64247E-05  2.010E-07  4.99398E-09  7.012E-11  0.00000E+00  0.000E+00
   3.39188E+04  1.64414E-05  2.011E-07  4.81296E-09  6.888E-11  0.00000E+00  0.000E+00
   3.41212E+04  1.64574E-05  2.012E-07  4.61358E-09  6.730E-11  0.00000E+00  0.000E+00
   3.43238E+04  1.62759E-05  2.001E-07  4.48133E-09  6.642E-11  0.00000E+00  0.000E+00
   3.45262E+04  1.64574E-05  2.012E-07  4.22762E-09  6.446E-11  0.00000E+00  0.000E+00
   3.47288E+04  1.62148E-05  1.998E-07  4.01713E-09  6.300E-11  0.00000E+00  0.000E+00
   3.49312E+04  1.62451E-05  1.999E-07  3.91034E-09  6.219E-11  0.00000E+00  0.000E+00
   3.51338E+04  1.62296E-05  1.999E-07  3.73025E-09  6.074E-11  0.00000E+00  0.000E+00
   3.53362E+04  1.60741E-05  1.989E-07  3.53179E-09  5.897E-11  0.00000E+00  0.000E+00
   3.55388E+04  1.61099E-05  1.991E-07  3.36636E-09  5.760E-11  0.00000E+00  0.000E+00
   3.57412E+04  1.58216E-05  1.973E-07  3.17361E-09  5.601E-11  0.00000E+00  0.000E+00
   3.59438E+04  1.57012E-05  1.966E-07  2.92392E-09  5.373E-11  0.00000E+00  0.000E+00
   3.61462E+04  1.53815E-05  1.946E-07  2.87716E-09  5.352E-11  0.00000E+00  0.000E+00
   3.63488E+04  1.52000E-05  1.934E-07  2.64630E-09  5.115E-11  0.00000E+00  0.000E+00
   3.65512E+04  1.51772E-05  1.933E-07  2.57685E-09  5.076E-11  0.00000E+00  0.000E+00
   3.67538E+04  1.49679E-05  1.920E-07  2.37454E-09  4.862E-11  0.00000E+00  0.000E+00
   3.69562E+04  1.45833E-05  1.895E-07  2.27099E-09  4.771E-11  0.00000E+00  0.000E+00
   3.71588E+04  1.43901E-05  1.882E-07  2.05710E-09  4.536E-11  0.00000E+00  0.000E+00
   3.73612E+04  1.39191E-05  1.851E-07  1.93086E-09  4.399E-11  0.00000E+00  0.000E+00
   3.75638E+04  1.34556E-05  1.820E-07  1.72315E-09  4.156E-11  0.00000E+00  0.000E+00
   3.77662E+04  1.32302E-05  1.805E-07  1.62531E-09  4.059E-11  0.00000E+00  0.000E+00
   3.79688E+04  1.27932E-05  1.775E-07  1.43395E-09  3.809E-11  0.00000E+00  0.000E+00
   3.81712E+04  1.23204E-05  1.742E-07  1.32392E-09  3.664E-11  0.00000E+00  0.000E+00
   3.83738E+04  1.17037E-05  1.698E-07  1.15293E-09  3.429E-11  0.00000E+00  0.000E+00
   3.85762E+04  1.14074E-05  1.676E-07  1.02917E-09  3.238E-11  0.00000E+00  0.000E+00
   3.87788E+04  1.08586E-05  1.636E-07  8.80093E-10  3.019E-11  0.00000E+00  0.000E+00
   3.89812E+04  1.04778E-05  1.607E-07  7.09105E-10  2.711E-11  0.00000E+00  0.000E+00
   3.91838E+04  1.00593E-05  1.574E-07  6.10494E-10  2.540E-11  0.00000E+00  0.000E+00
   3.93862E+04  9.42963E-06  1.524E-07  4.64815E-10  2.233E-11  0.00000E+00  0.000E+00
   3.95888E+04  9.19321E-06  1.505E-07  3.22994E-10  1.873E-11  0.00000E+00  0.000E+00
   3.97912E+04  8.72222E-06  1.466E-07  1.86111E-10  1.426E-11  0.00000E+00  0.000E+00
   3.99938E+04  9.19753E-06  1.506E-07  5.27778E-11  7.648E-12  0.00000E+00  0.000E+00
   4.01962E+04  0.00000E+00  0.000E+00  0.00000E+00  0.000E+00  0.00000E+00  0.000E+00
   4.03988E+04  0.00000E+00  0.000E+00  0.00000E+00  0.000E+00  0.00000E+00  0.000E+00
