#>>>>>>>>>>>>>>>>>>>>>>>>>>>>>>>>>>>>>>>>>>>>>>>>>>>>>>>>>>>>
# [SECTION REPORT FLUENCE SPECTRUM]
#
# The spectral fluence is integrated over the detector volume, its units are cm^3/(cm^2*eV)=cm/eV.
#
# Detection body:
#  1
# Number of energy bins:
#  200
# Linear energy scale, bin width (eV):
#   2.02500E+02
#
# For plotting purposes, two energies per bin are given, namely, the low end and the middle point of each bin.
#
#                                 |        Total fluence      |             electron      |                gamma      |             positron      |
#                                 |                           |                           |                           |                           |
# nbin :  Elow(eV)  : Emiddle(eV) | fluence(cm/eV) : +-2sigma | fluence(cm/eV) : +-2sigma | fluence(cm/eV) : +-2sigma | fluence(cm/eV) : +-2sigma | 
     0   0.00000E+00  1.01250E+02     0.00000E+00     0.0E+00     0.00000E+00     0.0E+00     0.00000E+00     0.0E+00     0.00000E+00     0.0E+00   
     1   2.02500E+02  3.03750E+02     0.00000E+00     0.0E+00     0.00000E+00     0.0E+00     0.00000E+00     0.0E+00     0.00000E+00     0.0E+00   
     2   4.05000E+02  5.06250E+02     6.60209E-14     1.9E-15     6.60209E-14     1.9E-15     0.00000E+00     0.0E+00     0.00000E+00     0.0E+00   
     3   6.07500E+02  7.08750E+02     2.29598E-11     6.2E-14     2.29598E-11     6.2E-14     0.00000E+00     0.0E+00     0.00000E+00     0.0E+00   
     4   8.10000E+02  9.11250E+02     9.09023E-10     6.8E-13     9.06624E-10     6.8E-13     2.39831E-12     7.6E-15     0.00000E+00     0.0E+00   
     5   1.01250E+03  1.11375E+03     6.91372E-09     3.5E-12     6.82994E-09     3.5E-12     8.37851E-11     1.1E-13     0.00000E+00     0.0E+00   
     6   1.21500E+03  1.31625E+03     6.82256E-09     3.6E-12     6.77396E-09     3.6E-12     4.86016E-11     4.7E-14     0.00000E+00     0.0E+00   
     7   1.41750E+03  1.51875E+03     6.51099E-09     3.7E-12     6.45294E-09     3.6E-12     5.80460E-11     6.0E-14     0.00000E+00     0.0E+00   
     8   1.62000E+03  1.72125E+03     6.25835E-09     3.7E-12     6.19036E-09     3.7E-12     6.79864E-11     7.5E-14     0.00000E+00     0.0E+00   
     9   1.82250E+03  1.92375E+03     6.13267E-09     3.8E-12     6.05440E-09     3.8E-12     7.82649E-11     9.1E-14     0.00000E+00     0.0E+00   
    10   2.02500E+03  2.12625E+03     6.06029E-09     4.0E-12     5.97141E-09     3.9E-12     8.88820E-11     1.1E-13     0.00000E+00     0.0E+00   
    11   2.22750E+03  2.32875E+03     5.91736E-09     4.0E-12     5.81813E-09     4.0E-12     9.92302E-11     1.3E-13     0.00000E+00     0.0E+00   
    12   2.43000E+03  2.53125E+03     5.79214E-09     4.0E-12     5.68221E-09     4.0E-12     1.09938E-10     1.5E-13     0.00000E+00     0.0E+00   
    13   2.63250E+03  2.73375E+03     5.68270E-09     4.1E-12     5.56237E-09     4.1E-12     1.20339E-10     1.7E-13     0.00000E+00     0.0E+00   
    14   2.83500E+03  2.93625E+03     5.58272E-09     4.1E-12     5.45189E-09     4.1E-12     1.30831E-10     1.9E-13     0.00000E+00     0.0E+00   
    15   3.03750E+03  3.13875E+03     5.49021E-09     4.2E-12     5.34878E-09     4.2E-12     1.41428E-10     2.1E-13     0.00000E+00     0.0E+00   
    16   3.24000E+03  3.34125E+03     5.41309E-09     4.2E-12     5.26146E-09     4.2E-12     1.51624E-10     2.4E-13     0.00000E+00     0.0E+00   
    17   3.44250E+03  3.54375E+03     5.34306E-09     4.3E-12     5.18139E-09     4.3E-12     1.61665E-10     2.6E-13     0.00000E+00     0.0E+00   
    18   3.64500E+03  3.74625E+03     5.28359E-09     4.3E-12     5.11154E-09     4.3E-12     1.72054E-10     2.9E-13     0.00000E+00     0.0E+00   
    19   3.84750E+03  3.94875E+03     5.23173E-09     4.4E-12     5.04930E-09     4.4E-12     1.82432E-10     3.2E-13     0.00000E+00     0.0E+00   
    20   4.05000E+03  4.15125E+03     5.18738E-09     4.4E-12     4.99446E-09     4.4E-12     1.92929E-10     3.5E-13     0.00000E+00     0.0E+00   
    21   4.25250E+03  4.35375E+03     5.15017E-09     4.5E-12     4.94693E-09     4.4E-12     2.03244E-10     3.8E-13     0.00000E+00     0.0E+00   
    22   4.45500E+03  4.55625E+03     5.13262E-09     4.6E-12     4.91922E-09     4.5E-12     2.13400E-10     4.1E-13     0.00000E+00     0.0E+00   
    23   4.65750E+03  4.75875E+03     5.11814E-09     4.6E-12     4.89438E-09     4.6E-12     2.23768E-10     4.4E-13     0.00000E+00     0.0E+00   
    24   4.86000E+03  4.96125E+03     5.11625E-09     4.7E-12     4.88184E-09     4.6E-12     2.34409E-10     4.8E-13     0.00000E+00     0.0E+00   
    25   5.06250E+03  5.16375E+03     5.13253E-09     4.8E-12     4.88735E-09     4.7E-12     2.45177E-10     5.2E-13     0.00000E+00     0.0E+00   
    26   5.26500E+03  5.36625E+03     5.15588E-09     4.8E-12     4.90033E-09     4.8E-12     2.55557E-10     5.6E-13     0.00000E+00     0.0E+00   
    27   5.46750E+03  5.56875E+03     5.19875E-09     4.9E-12     4.93185E-09     4.9E-12     2.66902E-10     6.0E-13     0.00000E+00     0.0E+00   
    28   5.67000E+03  5.77125E+03     5.25264E-09     5.0E-12     4.97489E-09     5.0E-12     2.77750E-10     6.4E-13     0.00000E+00     0.0E+00   
    29   5.87250E+03  5.97375E+03     5.31283E-09     5.1E-12     5.02379E-09     5.0E-12     2.89034E-10     6.8E-13     0.00000E+00     0.0E+00   
    30   6.07500E+03  6.17625E+03     5.37509E-09     5.2E-12     5.07463E-09     5.1E-12     3.00462E-10     7.3E-13     0.00000E+00     0.0E+00   
    31   6.27750E+03  6.37875E+03     5.43946E-09     5.3E-12     5.12835E-09     5.2E-12     3.11114E-10     7.7E-13     0.00000E+00     0.0E+00   
    32   6.48000E+03  6.58125E+03     5.51162E-09     5.4E-12     5.18891E-09     5.3E-12     3.22706E-10     8.2E-13     0.00000E+00     0.0E+00   
    33   6.68250E+03  6.78375E+03     5.57191E-09     5.5E-12     5.23864E-09     5.4E-12     3.33264E-10     8.7E-13     0.00000E+00     0.0E+00   
    34   6.88500E+03  6.98625E+03     5.64707E-09     5.6E-12     5.30260E-09     5.5E-12     3.44474E-10     9.1E-13     0.00000E+00     0.0E+00   
    35   7.08750E+03  7.18875E+03     5.64579E-09     5.7E-12     5.29159E-09     5.6E-12     3.54201E-10     9.6E-13     0.00000E+00     0.0E+00   
    36   7.29000E+03  7.39125E+03     5.71762E-09     5.8E-12     5.35238E-09     5.7E-12     3.65241E-10     1.0E-12     0.00000E+00     0.0E+00   
    37   7.49250E+03  7.59375E+03     5.79255E-09     5.9E-12     5.41283E-09     5.8E-12     3.79723E-10     1.1E-12     0.00000E+00     0.0E+00   
    38   7.69500E+03  7.79625E+03     5.86907E-09     6.0E-12     5.46764E-09     5.9E-12     4.01429E-10     1.2E-12     0.00000E+00     0.0E+00   
    39   7.89750E+03  7.99875E+03     4.27877E-08     3.5E-11     5.52279E-09     6.0E-12     3.72649E-08     3.4E-11     0.00000E+00     0.0E+00   
    40   8.10000E+03  8.20125E+03     5.96312E-09     6.2E-12     5.55862E-09     6.0E-12     4.04497E-10     1.2E-12     0.00000E+00     0.0E+00   
    41   8.30250E+03  8.40375E+03     6.02750E-09     6.3E-12     5.61432E-09     6.1E-12     4.13179E-10     1.2E-12     0.00000E+00     0.0E+00   
    42   8.50500E+03  8.60625E+03     6.09681E-09     6.4E-12     5.67464E-09     6.2E-12     4.22165E-10     1.3E-12     0.00000E+00     0.0E+00   
    43   8.70750E+03  8.80875E+03     1.17655E-08     1.6E-11     5.74100E-09     6.3E-12     6.02454E-09     1.4E-11     0.00000E+00     0.0E+00   
    44   8.91000E+03  9.01125E+03     6.00809E-09     6.5E-12     5.79347E-09     6.4E-12     2.14621E-10     9.4E-13     0.00000E+00     0.0E+00   
    45   9.11250E+03  9.21375E+03     5.93660E-09     6.5E-12     5.86026E-09     6.5E-12     7.63381E-11     2.3E-13     0.00000E+00     0.0E+00   
    46   9.31500E+03  9.41625E+03     5.99801E-09     6.6E-12     5.92047E-09     6.6E-12     7.75433E-11     2.3E-13     0.00000E+00     0.0E+00   
    47   9.51750E+03  9.61875E+03     6.06646E-09     6.7E-12     5.98744E-09     6.7E-12     7.90231E-11     2.4E-13     0.00000E+00     0.0E+00   
    48   9.72000E+03  9.82125E+03     6.13643E-09     6.8E-12     6.05628E-09     6.8E-12     8.01509E-11     2.5E-13     0.00000E+00     0.0E+00   
    49   9.92250E+03  1.00238E+04     6.19966E-09     6.9E-12     6.11822E-09     6.9E-12     8.14384E-11     2.6E-13     0.00000E+00     0.0E+00   
    50   1.01250E+04  1.02262E+04     6.26487E-09     7.0E-12     6.18226E-09     6.9E-12     8.26107E-11     2.7E-13     0.00000E+00     0.0E+00   
    51   1.03275E+04  1.04288E+04     6.33392E-09     7.1E-12     6.25019E-09     7.0E-12     8.37301E-11     2.8E-13     0.00000E+00     0.0E+00   
    52   1.05300E+04  1.06312E+04     6.40436E-09     7.1E-12     6.31921E-09     7.1E-12     8.51556E-11     2.9E-13     0.00000E+00     0.0E+00   
    53   1.07325E+04  1.08338E+04     6.47477E-09     7.2E-12     6.38851E-09     7.2E-12     8.62553E-11     2.9E-13     0.00000E+00     0.0E+00   
    54   1.09350E+04  1.10362E+04     6.54257E-09     7.3E-12     6.45474E-09     7.3E-12     8.78261E-11     3.0E-13     0.00000E+00     0.0E+00   
    55   1.11375E+04  1.12388E+04     6.61106E-09     7.4E-12     6.52228E-09     7.4E-12     8.87819E-11     3.1E-13     0.00000E+00     0.0E+00   
    56   1.13400E+04  1.14412E+04     6.68051E-09     7.5E-12     6.59062E-09     7.5E-12     8.98877E-11     3.2E-13     0.00000E+00     0.0E+00   
    57   1.15425E+04  1.16438E+04     6.75307E-09     7.6E-12     6.66205E-09     7.6E-12     9.10212E-11     3.3E-13     0.00000E+00     0.0E+00   
    58   1.17450E+04  1.18462E+04     6.81490E-09     7.7E-12     6.72241E-09     7.7E-12     9.24915E-11     3.4E-13     0.00000E+00     0.0E+00   
    59   1.19475E+04  1.20488E+04     6.89165E-09     7.8E-12     6.79764E-09     7.8E-12     9.40123E-11     3.5E-13     0.00000E+00     0.0E+00   
    60   1.21500E+04  1.22512E+04     6.97029E-09     7.9E-12     6.87535E-09     7.9E-12     9.49420E-11     3.6E-13     0.00000E+00     0.0E+00   
    61   1.23525E+04  1.24538E+04     7.04423E-09     8.0E-12     6.94839E-09     8.0E-12     9.58377E-11     3.7E-13     0.00000E+00     0.0E+00   
    62   1.25550E+04  1.26562E+04     7.11398E-09     8.1E-12     7.01669E-09     8.1E-12     9.72884E-11     3.8E-13     0.00000E+00     0.0E+00   
    63   1.27575E+04  1.28588E+04     7.18685E-09     8.2E-12     7.08849E-09     8.1E-12     9.83637E-11     3.9E-13     0.00000E+00     0.0E+00   
    64   1.29600E+04  1.30612E+04     7.25978E-09     8.3E-12     7.16050E-09     8.2E-12     9.92870E-11     4.0E-13     0.00000E+00     0.0E+00   
    65   1.31625E+04  1.32638E+04     7.33055E-09     8.4E-12     7.22994E-09     8.3E-12     1.00604E-10     4.1E-13     0.00000E+00     0.0E+00   
    66   1.33650E+04  1.34662E+04     7.40226E-09     8.4E-12     7.30058E-09     8.4E-12     1.01676E-10     4.2E-13     0.00000E+00     0.0E+00   
    67   1.35675E+04  1.36688E+04     7.47769E-09     8.5E-12     7.37486E-09     8.5E-12     1.02839E-10     4.3E-13     0.00000E+00     0.0E+00   
    68   1.37700E+04  1.38712E+04     7.55428E-09     8.6E-12     7.45022E-09     8.6E-12     1.04064E-10     4.5E-13     0.00000E+00     0.0E+00   
    69   1.39725E+04  1.40738E+04     7.62846E-09     8.7E-12     7.52340E-09     8.7E-12     1.05058E-10     4.6E-13     0.00000E+00     0.0E+00   
    70   1.41750E+04  1.42762E+04     7.69940E-09     8.8E-12     7.59300E-09     8.8E-12     1.06403E-10     4.7E-13     0.00000E+00     0.0E+00   
    71   1.43775E+04  1.44788E+04     7.77677E-09     8.9E-12     7.66982E-09     8.9E-12     1.06953E-10     4.8E-13     0.00000E+00     0.0E+00   
    72   1.45800E+04  1.46812E+04     7.84966E-09     9.0E-12     7.74190E-09     9.0E-12     1.07758E-10     4.9E-13     0.00000E+00     0.0E+00   
    73   1.47825E+04  1.48838E+04     7.92659E-09     9.1E-12     7.81751E-09     9.1E-12     1.09084E-10     5.0E-13     0.00000E+00     0.0E+00   
    74   1.49850E+04  1.50862E+04     8.01114E-09     9.2E-12     7.90135E-09     9.2E-12     1.09787E-10     5.1E-13     0.00000E+00     0.0E+00   
    75   1.51875E+04  1.52888E+04     8.09368E-09     9.3E-12     7.98311E-09     9.3E-12     1.10562E-10     5.2E-13     0.00000E+00     0.0E+00   
    76   1.53900E+04  1.54912E+04     8.17172E-09     9.4E-12     8.05976E-09     9.4E-12     1.11956E-10     5.3E-13     0.00000E+00     0.0E+00   
    77   1.55925E+04  1.56938E+04     8.24141E-09     9.5E-12     8.12793E-09     9.4E-12     1.13474E-10     5.4E-13     0.00000E+00     0.0E+00   
    78   1.57950E+04  1.58962E+04     8.31374E-09     9.6E-12     8.20008E-09     9.5E-12     1.13663E-10     5.5E-13     0.00000E+00     0.0E+00   
    79   1.59975E+04  1.60988E+04     8.39569E-09     9.7E-12     8.28106E-09     9.6E-12     1.14625E-10     5.6E-13     0.00000E+00     0.0E+00   
    80   1.62000E+04  1.63012E+04     8.47358E-09     9.8E-12     8.35805E-09     9.7E-12     1.15534E-10     5.7E-13     0.00000E+00     0.0E+00   
    81   1.64025E+04  1.65038E+04     8.56100E-09     9.9E-12     8.44497E-09     9.8E-12     1.16030E-10     5.8E-13     0.00000E+00     0.0E+00   
    82   1.66050E+04  1.67062E+04     8.63380E-09     9.9E-12     8.51717E-09     9.9E-12     1.16635E-10     5.9E-13     0.00000E+00     0.0E+00   
    83   1.68075E+04  1.69088E+04     8.71517E-09     1.0E-11     8.59767E-09     1.0E-11     1.17498E-10     6.0E-13     0.00000E+00     0.0E+00   
    84   1.70100E+04  1.71112E+04     8.80474E-09     1.0E-11     8.68628E-09     1.0E-11     1.18464E-10     6.1E-13     0.00000E+00     0.0E+00   
    85   1.72125E+04  1.73138E+04     8.87975E-09     1.0E-11     8.76068E-09     1.0E-11     1.19066E-10     6.2E-13     0.00000E+00     0.0E+00   
    86   1.74150E+04  1.75162E+04     8.96843E-09     1.0E-11     8.84910E-09     1.0E-11     1.19335E-10     6.3E-13     0.00000E+00     0.0E+00   
    87   1.76175E+04  1.77188E+04     9.04722E-09     1.0E-11     8.92741E-09     1.0E-11     1.19813E-10     6.4E-13     0.00000E+00     0.0E+00   
    88   1.78200E+04  1.79212E+04     9.12373E-09     1.1E-11     9.00386E-09     1.0E-11     1.19871E-10     6.5E-13     0.00000E+00     0.0E+00   
    89   1.80225E+04  1.81238E+04     9.20910E-09     1.1E-11     9.08789E-09     1.1E-11     1.21204E-10     6.6E-13     0.00000E+00     0.0E+00   
    90   1.82250E+04  1.83262E+04     9.29406E-09     1.1E-11     9.17290E-09     1.1E-11     1.21160E-10     6.7E-13     0.00000E+00     0.0E+00   
    91   1.84275E+04  1.85288E+04     9.38371E-09     1.1E-11     9.26195E-09     1.1E-11     1.21766E-10     6.8E-13     0.00000E+00     0.0E+00   
    92   1.86300E+04  1.87312E+04     9.45670E-09     1.1E-11     9.33460E-09     1.1E-11     1.22099E-10     6.9E-13     0.00000E+00     0.0E+00   
    93   1.88325E+04  1.89338E+04     9.55131E-09     1.1E-11     9.42883E-09     1.1E-11     1.22479E-10     7.0E-13     0.00000E+00     0.0E+00   
    94   1.90350E+04  1.91362E+04     9.64385E-09     1.1E-11     9.52080E-09     1.1E-11     1.23042E-10     7.0E-13     0.00000E+00     0.0E+00   
    95   1.92375E+04  1.93388E+04     9.71897E-09     1.1E-11     9.59602E-09     1.1E-11     1.22942E-10     7.1E-13     0.00000E+00     0.0E+00   
    96   1.94400E+04  1.95412E+04     9.80545E-09     1.1E-11     9.68224E-09     1.1E-11     1.23211E-10     7.2E-13     0.00000E+00     0.0E+00   
    97   1.96425E+04  1.97438E+04     9.88813E-09     1.1E-11     9.76491E-09     1.1E-11     1.23214E-10     7.2E-13     0.00000E+00     0.0E+00   
    98   1.98450E+04  1.99462E+04     9.98178E-09     1.1E-11     9.85890E-09     1.1E-11     1.22881E-10     7.3E-13     0.00000E+00     0.0E+00   
    99   2.00475E+04  2.01488E+04     1.00647E-08     1.2E-11     9.94176E-09     1.2E-11     1.22958E-10     7.4E-13     0.00000E+00     0.0E+00   
   100   2.02500E+04  2.03512E+04     1.01484E-08     1.2E-11     1.00254E-08     1.2E-11     1.23063E-10     7.4E-13     0.00000E+00     0.0E+00   
   101   2.04525E+04  2.05538E+04     1.02434E-08     1.2E-11     1.01214E-08     1.2E-11     1.21985E-10     7.4E-13     0.00000E+00     0.0E+00   
   102   2.06550E+04  2.07562E+04     1.03312E-08     1.2E-11     1.02080E-08     1.2E-11     1.23161E-10     7.6E-13     0.00000E+00     0.0E+00   
   103   2.08575E+04  2.09588E+04     1.04283E-08     1.2E-11     1.03054E-08     1.2E-11     1.22965E-10     7.6E-13     0.00000E+00     0.0E+00   
   104   2.10600E+04  2.11612E+04     1.05245E-08     1.2E-11     1.04025E-08     1.2E-11     1.22047E-10     7.6E-13     0.00000E+00     0.0E+00   
   105   2.12625E+04  2.13638E+04     1.06143E-08     1.2E-11     1.04923E-08     1.2E-11     1.21969E-10     7.7E-13     0.00000E+00     0.0E+00   
   106   2.14650E+04  2.15662E+04     1.07126E-08     1.2E-11     1.05913E-08     1.2E-11     1.21311E-10     7.7E-13     0.00000E+00     0.0E+00   
   107   2.16675E+04  2.17688E+04     1.08006E-08     1.2E-11     1.06787E-08     1.2E-11     1.21869E-10     7.8E-13     0.00000E+00     0.0E+00   
   108   2.18700E+04  2.19712E+04     1.08973E-08     1.2E-11     1.07766E-08     1.2E-11     1.20650E-10     7.8E-13     0.00000E+00     0.0E+00   
   109   2.20725E+04  2.21738E+04     1.09853E-08     1.3E-11     1.08653E-08     1.3E-11     1.20038E-10     7.8E-13     0.00000E+00     0.0E+00   
   110   2.22750E+04  2.23762E+04     1.10845E-08     1.3E-11     1.09649E-08     1.3E-11     1.19566E-10     7.9E-13     0.00000E+00     0.0E+00   
   111   2.24775E+04  2.25788E+04     1.11836E-08     1.3E-11     1.10640E-08     1.3E-11     1.19628E-10     7.9E-13     0.00000E+00     0.0E+00   
   112   2.26800E+04  2.27812E+04     1.12770E-08     1.3E-11     1.11584E-08     1.3E-11     1.18614E-10     8.0E-13     0.00000E+00     0.0E+00   
   113   2.28825E+04  2.29838E+04     1.13780E-08     1.3E-11     1.12595E-08     1.3E-11     1.18492E-10     8.0E-13     0.00000E+00     0.0E+00   
   114   2.30850E+04  2.31862E+04     1.14757E-08     1.3E-11     1.13578E-08     1.3E-11     1.17924E-10     8.0E-13     0.00000E+00     0.0E+00   
   115   2.32875E+04  2.33888E+04     1.15691E-08     1.3E-11     1.14520E-08     1.3E-11     1.17154E-10     8.0E-13     0.00000E+00     0.0E+00   
   116   2.34900E+04  2.35912E+04     1.16728E-08     1.3E-11     1.15566E-08     1.3E-11     1.16157E-10     8.1E-13     0.00000E+00     0.0E+00   
   117   2.36925E+04  2.37938E+04     1.17776E-08     1.3E-11     1.16622E-08     1.3E-11     1.15410E-10     8.1E-13     0.00000E+00     0.0E+00   
   118   2.38950E+04  2.39962E+04     1.18771E-08     1.3E-11     1.17621E-08     1.3E-11     1.15048E-10     8.1E-13     0.00000E+00     0.0E+00   
   119   2.40975E+04  2.41988E+04     1.19801E-08     1.4E-11     1.18661E-08     1.4E-11     1.13987E-10     8.1E-13     0.00000E+00     0.0E+00   
   120   2.43000E+04  2.44012E+04     1.20808E-08     1.4E-11     1.19672E-08     1.4E-11     1.13610E-10     8.1E-13     0.00000E+00     0.0E+00   
   121   2.45025E+04  2.46038E+04     1.21810E-08     1.4E-11     1.20688E-08     1.4E-11     1.12180E-10     8.1E-13     0.00000E+00     0.0E+00   
   122   2.47050E+04  2.48062E+04     1.22913E-08     1.4E-11     1.21800E-08     1.4E-11     1.11330E-10     8.1E-13     0.00000E+00     0.0E+00   
   123   2.49075E+04  2.50088E+04     1.23884E-08     1.4E-11     1.22785E-08     1.4E-11     1.09909E-10     8.1E-13     0.00000E+00     0.0E+00   
   124   2.51100E+04  2.52112E+04     1.24816E-08     1.4E-11     1.23723E-08     1.4E-11     1.09289E-10     8.1E-13     0.00000E+00     0.0E+00   
   125   2.53125E+04  2.54138E+04     1.26129E-08     1.4E-11     1.25049E-08     1.4E-11     1.08064E-10     8.1E-13     0.00000E+00     0.0E+00   
   126   2.55150E+04  2.56162E+04     1.27108E-08     1.4E-11     1.26037E-08     1.4E-11     1.07155E-10     8.1E-13     0.00000E+00     0.0E+00   
   127   2.57175E+04  2.58188E+04     1.28301E-08     1.4E-11     1.27249E-08     1.4E-11     1.05196E-10     8.1E-13     0.00000E+00     0.0E+00   
   128   2.59200E+04  2.60212E+04     1.29499E-08     1.4E-11     1.28442E-08     1.4E-11     1.05617E-10     8.1E-13     0.00000E+00     0.0E+00   
   129   2.61225E+04  2.62238E+04     1.30494E-08     1.5E-11     1.29462E-08     1.5E-11     1.03184E-10     8.1E-13     0.00000E+00     0.0E+00   
   130   2.63250E+04  2.64262E+04     1.31709E-08     1.5E-11     1.30679E-08     1.5E-11     1.02971E-10     8.1E-13     0.00000E+00     0.0E+00   
   131   2.65275E+04  2.66288E+04     1.32979E-08     1.5E-11     1.31968E-08     1.5E-11     1.01081E-10     8.0E-13     0.00000E+00     0.0E+00   
   132   2.67300E+04  2.68312E+04     1.34071E-08     1.5E-11     1.33064E-08     1.5E-11     1.00719E-10     8.1E-13     0.00000E+00     0.0E+00   
   133   2.69325E+04  2.70338E+04     1.35305E-08     1.5E-11     1.34317E-08     1.5E-11     9.88118E-11     8.0E-13     0.00000E+00     0.0E+00   
   134   2.71350E+04  2.72362E+04     1.36422E-08     1.5E-11     1.35438E-08     1.5E-11     9.83581E-11     8.0E-13     0.00000E+00     0.0E+00   
   135   2.73375E+04  2.74388E+04     1.37644E-08     1.5E-11     1.36674E-08     1.5E-11     9.69544E-11     8.0E-13     0.00000E+00     0.0E+00   
   136   2.75400E+04  2.76412E+04     1.38922E-08     1.5E-11     1.37964E-08     1.5E-11     9.58238E-11     8.0E-13     0.00000E+00     0.0E+00   
   137   2.77425E+04  2.78438E+04     1.40072E-08     1.5E-11     1.39130E-08     1.5E-11     9.42594E-11     7.9E-13     0.00000E+00     0.0E+00   
   138   2.79450E+04  2.80462E+04     1.41493E-08     1.5E-11     1.40562E-08     1.5E-11     9.30588E-11     7.9E-13     0.00000E+00     0.0E+00   
   139   2.81475E+04  2.82488E+04     1.42563E-08     1.6E-11     1.41645E-08     1.6E-11     9.17213E-11     7.9E-13     0.00000E+00     0.0E+00   
   140   2.83500E+04  2.84512E+04     1.44017E-08     1.6E-11     1.43113E-08     1.6E-11     9.03630E-11     7.9E-13     0.00000E+00     0.0E+00   
   141   2.85525E+04  2.86538E+04     1.45285E-08     1.6E-11     1.44386E-08     1.6E-11     8.99804E-11     7.9E-13     0.00000E+00     0.0E+00   
   142   2.87550E+04  2.88562E+04     1.46648E-08     1.6E-11     1.45773E-08     1.6E-11     8.75386E-11     7.8E-13     0.00000E+00     0.0E+00   
   143   2.89575E+04  2.90588E+04     1.47799E-08     1.6E-11     1.46937E-08     1.6E-11     8.62460E-11     7.7E-13     0.00000E+00     0.0E+00   
   144   2.91600E+04  2.92612E+04     1.49330E-08     1.6E-11     1.48480E-08     1.6E-11     8.50013E-11     7.7E-13     0.00000E+00     0.0E+00   
   145   2.93625E+04  2.94638E+04     1.50645E-08     1.6E-11     1.49797E-08     1.6E-11     8.47737E-11     7.7E-13     0.00000E+00     0.0E+00   
   146   2.95650E+04  2.96662E+04     1.51940E-08     1.6E-11     1.51117E-08     1.6E-11     8.22249E-11     7.6E-13     0.00000E+00     0.0E+00   
   147   2.97675E+04  2.98688E+04     1.53348E-08     1.6E-11     1.52542E-08     1.6E-11     8.06633E-11     7.6E-13     0.00000E+00     0.0E+00   
   148   2.99700E+04  3.00712E+04     1.54795E-08     1.7E-11     1.54002E-08     1.7E-11     7.92708E-11     7.5E-13     0.00000E+00     0.0E+00   
   149   3.01725E+04  3.02738E+04     1.56024E-08     1.7E-11     1.55239E-08     1.7E-11     7.84288E-11     7.5E-13     0.00000E+00     0.0E+00   
   150   3.03750E+04  3.04762E+04     1.57649E-08     1.7E-11     1.56880E-08     1.7E-11     7.68400E-11     7.4E-13     0.00000E+00     0.0E+00   
   151   3.05775E+04  3.06788E+04     1.59193E-08     1.7E-11     1.58442E-08     1.7E-11     7.50938E-11     7.4E-13     0.00000E+00     0.0E+00   
   152   3.07800E+04  3.08812E+04     1.60540E-08     1.7E-11     1.59799E-08     1.7E-11     7.41106E-11     7.3E-13     0.00000E+00     0.0E+00   
   153   3.09825E+04  3.10838E+04     1.62301E-08     1.7E-11     1.61578E-08     1.7E-11     7.22948E-11     7.3E-13     0.00000E+00     0.0E+00   
   154   3.11850E+04  3.12862E+04     1.63533E-08     1.7E-11     1.62819E-08     1.7E-11     7.13595E-11     7.3E-13     0.00000E+00     0.0E+00   
   155   3.13875E+04  3.14888E+04     1.65336E-08     1.7E-11     1.64640E-08     1.7E-11     6.95624E-11     7.2E-13     0.00000E+00     0.0E+00   
   156   3.15900E+04  3.16912E+04     1.66884E-08     1.7E-11     1.66203E-08     1.7E-11     6.81075E-11     7.1E-13     0.00000E+00     0.0E+00   
   157   3.17925E+04  3.18938E+04     1.68620E-08     1.8E-11     1.67950E-08     1.7E-11     6.70054E-11     7.1E-13     0.00000E+00     0.0E+00   
   158   3.19950E+04  3.20962E+04     1.70260E-08     1.8E-11     1.69611E-08     1.8E-11     6.49012E-11     7.0E-13     0.00000E+00     0.0E+00   
   159   3.21975E+04  3.22988E+04     1.71680E-08     1.8E-11     1.71041E-08     1.8E-11     6.39346E-11     7.0E-13     0.00000E+00     0.0E+00   
   160   3.24000E+04  3.25012E+04     1.73543E-08     1.8E-11     1.72920E-08     1.8E-11     6.22498E-11     6.9E-13     0.00000E+00     0.0E+00   
   161   3.26025E+04  3.27038E+04     1.75155E-08     1.8E-11     1.74543E-08     1.8E-11     6.12083E-11     6.8E-13     0.00000E+00     0.0E+00   
   162   3.28050E+04  3.29062E+04     1.76899E-08     1.8E-11     1.76314E-08     1.8E-11     5.85303E-11     6.7E-13     0.00000E+00     0.0E+00   
   163   3.30075E+04  3.31088E+04     1.78688E-08     1.8E-11     1.78106E-08     1.8E-11     5.81885E-11     6.7E-13     0.00000E+00     0.0E+00   
   164   3.32100E+04  3.33112E+04     1.80312E-08     1.8E-11     1.79749E-08     1.8E-11     5.62451E-11     6.6E-13     0.00000E+00     0.0E+00   
   165   3.34125E+04  3.35138E+04     1.81924E-08     1.8E-11     1.81377E-08     1.8E-11     5.47313E-11     6.5E-13     0.00000E+00     0.0E+00   
   166   3.36150E+04  3.37162E+04     1.83872E-08     1.8E-11     1.83339E-08     1.8E-11     5.33413E-11     6.5E-13     0.00000E+00     0.0E+00   
   167   3.38175E+04  3.39188E+04     1.85498E-08     1.9E-11     1.84977E-08     1.9E-11     5.21227E-11     6.4E-13     0.00000E+00     0.0E+00   
   168   3.40200E+04  3.41212E+04     1.87397E-08     1.9E-11     1.86894E-08     1.9E-11     5.02387E-11     6.3E-13     0.00000E+00     0.0E+00   
   169   3.42225E+04  3.43238E+04     1.89220E-08     1.9E-11     1.88727E-08     1.9E-11     4.92474E-11     6.2E-13     0.00000E+00     0.0E+00   
   170   3.44250E+04  3.45262E+04     1.90929E-08     1.9E-11     1.90452E-08     1.9E-11     4.77078E-11     6.2E-13     0.00000E+00     0.0E+00   
   171   3.46275E+04  3.47288E+04     1.92911E-08     1.9E-11     1.92452E-08     1.9E-11     4.58959E-11     6.1E-13     0.00000E+00     0.0E+00   
   172   3.48300E+04  3.49312E+04     1.94753E-08     1.9E-11     1.94308E-08     1.9E-11     4.45169E-11     6.0E-13     0.00000E+00     0.0E+00   
   173   3.50325E+04  3.51338E+04     1.96781E-08     1.9E-11     1.96351E-08     1.9E-11     4.30315E-11     5.9E-13     0.00000E+00     0.0E+00   
   174   3.52350E+04  3.53362E+04     1.98830E-08     1.9E-11     1.98419E-08     1.9E-11     4.11092E-11     5.8E-13     0.00000E+00     0.0E+00   
   175   3.54375E+04  3.55388E+04     2.01177E-08     2.0E-11     2.00776E-08     2.0E-11     4.00991E-11     5.7E-13     0.00000E+00     0.0E+00   
   176   3.56400E+04  3.57412E+04     2.03437E-08     2.0E-11     2.03052E-08     2.0E-11     3.84822E-11     5.6E-13     0.00000E+00     0.0E+00   
   177   3.58425E+04  3.59438E+04     2.05634E-08     2.0E-11     2.05266E-08     2.0E-11     3.68186E-11     5.5E-13     0.00000E+00     0.0E+00   
   178   3.60450E+04  3.61462E+04     2.08385E-08     2.0E-11     2.08032E-08     2.0E-11     3.52929E-11     5.4E-13     0.00000E+00     0.0E+00   
   179   3.62475E+04  3.63488E+04     2.10887E-08     2.0E-11     2.10553E-08     2.0E-11     3.33644E-11     5.3E-13     0.00000E+00     0.0E+00   
   180   3.64500E+04  3.65512E+04     2.13890E-08     2.0E-11     2.13570E-08     2.0E-11     3.19523E-11     5.1E-13     0.00000E+00     0.0E+00   
   181   3.66525E+04  3.67538E+04     2.17037E-08     2.0E-11     2.16729E-08     2.0E-11     3.07654E-11     5.1E-13     0.00000E+00     0.0E+00   
   182   3.68550E+04  3.69562E+04     2.20366E-08     2.0E-11     2.20078E-08     2.0E-11     2.87284E-11     4.9E-13     0.00000E+00     0.0E+00   
   183   3.70575E+04  3.71588E+04     2.23862E-08     2.1E-11     2.23589E-08     2.1E-11     2.73020E-11     4.8E-13     0.00000E+00     0.0E+00   
   184   3.72600E+04  3.73612E+04     2.27841E-08     2.1E-11     2.27580E-08     2.1E-11     2.60587E-11     4.7E-13     0.00000E+00     0.0E+00   
   185   3.74625E+04  3.75638E+04     2.32038E-08     2.1E-11     2.31794E-08     2.1E-11     2.43608E-11     4.6E-13     0.00000E+00     0.0E+00   
   186   3.76650E+04  3.77662E+04     2.36849E-08     2.1E-11     2.36626E-08     2.1E-11     2.22922E-11     4.4E-13     0.00000E+00     0.0E+00   
   187   3.78675E+04  3.79688E+04     2.42182E-08     2.1E-11     2.41973E-08     2.1E-11     2.09769E-11     4.3E-13     0.00000E+00     0.0E+00   
   188   3.80700E+04  3.81712E+04     2.47872E-08     2.1E-11     2.47676E-08     2.1E-11     1.96260E-11     4.1E-13     0.00000E+00     0.0E+00   
   189   3.82725E+04  3.83738E+04     2.54388E-08     2.1E-11     2.54211E-08     2.1E-11     1.77287E-11     3.9E-13     0.00000E+00     0.0E+00   
   190   3.84750E+04  3.85762E+04     2.62226E-08     2.2E-11     2.62064E-08     2.2E-11     1.61399E-11     3.8E-13     0.00000E+00     0.0E+00   
   191   3.86775E+04  3.87788E+04     2.70995E-08     2.2E-11     2.70853E-08     2.2E-11     1.41889E-11     3.5E-13     0.00000E+00     0.0E+00   
   192   3.88800E+04  3.89812E+04     2.81744E-08     2.2E-11     2.81620E-08     2.2E-11     1.23789E-11     3.3E-13     0.00000E+00     0.0E+00   
   193   3.90825E+04  3.91838E+04     2.94784E-08     2.2E-11     2.94681E-08     2.2E-11     1.02939E-11     3.0E-13     0.00000E+00     0.0E+00   
   194   3.92850E+04  3.93862E+04     3.09594E-08     2.2E-11     3.09515E-08     2.2E-11     7.89113E-12     2.7E-13     0.00000E+00     0.0E+00   
   195   3.94875E+04  3.95888E+04     3.25554E-08     2.2E-11     3.25496E-08     2.2E-11     5.82429E-12     2.3E-13     0.00000E+00     0.0E+00   
   196   3.96900E+04  3.97912E+04     3.20118E-08     2.2E-11     3.20082E-08     2.2E-11     3.54494E-12     1.8E-13     0.00000E+00     0.0E+00   
   197   3.98925E+04  3.99938E+04     3.48949E-08     2.3E-11     3.48938E-08     2.3E-11     1.14409E-12     1.0E-13     0.00000E+00     0.0E+00   
   198   4.00950E+04  4.01962E+04     0.00000E+00     0.0E+00     0.00000E+00     0.0E+00     0.00000E+00     0.0E+00     0.00000E+00     0.0E+00   
   199   4.02975E+04  4.03988E+04     0.00000E+00     0.0E+00     0.00000E+00     0.0E+00     0.00000E+00     0.0E+00     0.00000E+00     0.0E+00   
