#>>>>>>>>>>>>>>>>>>>>>>>>>>>>>>>>>>>>>>>>>>>>>>>>>>>>>>>>>>>>
# [SECTION REPORT DEPTH DOSE DISTRIB]
# Dose units are: eV/(g/cm^2) per history
#
# No. of Z bins:
#  100
# Min value for z(cm):
#   0.00000E+00
# Bin widths for z(cm):
#   5.00000E-05
#
#
# zBinIndex : zLow(cm) : zMiddle(cm) : dose : +-2sigma
     0  0.00000E+00  2.50000E-05  1.48748E+07 1.1E+04
     1  5.00000E-05  7.50000E-05  1.84350E+07 1.4E+04
     2  1.00000E-04  1.25000E-04  1.53668E+07 1.4E+04
     3  1.50000E-04  1.75000E-04  1.06493E+07 1.2E+04
     4  2.00000E-04  2.25000E-04  6.18027E+06 9.8E+03
     5  2.50000E-04  2.75000E-04  2.94096E+06 7.0E+03
     6  3.00000E-04  3.25000E-04  1.11764E+06 4.3E+03
     7  3.50000E-04  3.75000E-04  3.35499E+05 2.3E+03
     8  4.00000E-04  4.25000E-04  7.76683E+04 1.1E+03
     9  4.50000E-04  4.75000E-04  1.51325E+04 4.2E+02
    10  5.00000E-04  5.25000E-04  4.35611E+03 1.4E+02
    11  5.50000E-04  5.75000E-04  2.83045E+03 3.8E+01
    12  6.00000E-04  6.25000E-04  2.51183E+03 5.9E+00
    13  6.50000E-04  6.75000E-04  2.32354E+03 5.5E+00
    14  7.00000E-04  7.25000E-04  2.15894E+03 5.3E+00
    15  7.50000E-04  7.75000E-04  2.01533E+03 5.2E+00
    16  8.00000E-04  8.25000E-04  1.88188E+03 5.0E+00
    17  8.50000E-04  8.75000E-04  1.76508E+03 4.9E+00
    18  9.00000E-04  9.25000E-04  1.66185E+03 4.7E+00
    19  9.50000E-04  9.75000E-04  1.56794E+03 4.6E+00
    20  1.00000E-03  1.02500E-03  1.47943E+03 4.5E+00
    21  1.05000E-03  1.07500E-03  1.40492E+03 4.4E+00
    22  1.10000E-03  1.12500E-03  1.32841E+03 4.3E+00
    23  1.15000E-03  1.17500E-03  1.26320E+03 4.2E+00
    24  1.20000E-03  1.22500E-03  1.20122E+03 4.1E+00
    25  1.25000E-03  1.27500E-03  1.14402E+03 4.0E+00
    26  1.30000E-03  1.32500E-03  1.08739E+03 3.9E+00
    27  1.35000E-03  1.37500E-03  1.04310E+03 3.8E+00
    28  1.40000E-03  1.42500E-03  9.91791E+02 3.7E+00
    29  1.45000E-03  1.47500E-03  9.48306E+02 3.6E+00
    30  1.50000E-03  1.52500E-03  9.09086E+02 3.5E+00
    31  1.55000E-03  1.57500E-03  8.69847E+02 3.5E+00
    32  1.60000E-03  1.62500E-03  8.35468E+02 3.4E+00
    33  1.65000E-03  1.67500E-03  8.00746E+02 3.3E+00
    34  1.70000E-03  1.72500E-03  7.65443E+02 3.2E+00
    35  1.75000E-03  1.77500E-03  7.34764E+02 3.2E+00
    36  1.80000E-03  1.82500E-03  7.09012E+02 3.1E+00
    37  1.85000E-03  1.87500E-03  6.80130E+02 3.1E+00
    38  1.90000E-03  1.92500E-03  6.52220E+02 3.0E+00
    39  1.95000E-03  1.97500E-03  6.28957E+02 2.9E+00
    40  2.00000E-03  2.02500E-03  6.07893E+02 2.9E+00
    41  2.05000E-03  2.07500E-03  5.82506E+02 2.8E+00
    42  2.10000E-03  2.12500E-03  5.64420E+02 2.8E+00
    43  2.15000E-03  2.17500E-03  5.42500E+02 2.7E+00
    44  2.20000E-03  2.22500E-03  5.20521E+02 2.7E+00
    45  2.25000E-03  2.27500E-03  5.05283E+02 2.6E+00
    46  2.30000E-03  2.32500E-03  4.85103E+02 2.6E+00
    47  2.35000E-03  2.37500E-03  4.70858E+02 2.5E+00
    48  2.40000E-03  2.42500E-03  4.52445E+02 2.5E+00
    49  2.45000E-03  2.47500E-03  4.38151E+02 2.5E+00
    50  2.50000E-03  2.52500E-03  4.24361E+02 2.4E+00
    51  2.55000E-03  2.57500E-03  4.08705E+02 2.4E+00
    52  2.60000E-03  2.62500E-03  3.96549E+02 2.3E+00
    53  2.65000E-03  2.67500E-03  3.82688E+02 2.3E+00
    54  2.70000E-03  2.72500E-03  3.72507E+02 2.3E+00
    55  2.75000E-03  2.77500E-03  3.59187E+02 2.2E+00
    56  2.80000E-03  2.82500E-03  3.48332E+02 2.2E+00
    57  2.85000E-03  2.87500E-03  3.35540E+02 2.1E+00
    58  2.90000E-03  2.92500E-03  3.23827E+02 2.1E+00
    59  2.95000E-03  2.97500E-03  3.16214E+02 2.1E+00
    60  3.00000E-03  3.02500E-03  3.07028E+02 2.0E+00
    61  3.05000E-03  3.07500E-03  2.96120E+02 2.0E+00
    62  3.10000E-03  3.12500E-03  2.87502E+02 2.0E+00
    63  3.15000E-03  3.17500E-03  2.77398E+02 1.9E+00
    64  3.20000E-03  3.22500E-03  2.69206E+02 1.9E+00
    65  3.25000E-03  3.27500E-03  2.60088E+02 1.9E+00
    66  3.30000E-03  3.32500E-03  2.53498E+02 1.8E+00
    67  3.35000E-03  3.37500E-03  2.45192E+02 1.8E+00
    68  3.40000E-03  3.42500E-03  2.38984E+02 1.8E+00
    69  3.45000E-03  3.47500E-03  2.32626E+02 1.8E+00
    70  3.50000E-03  3.52500E-03  2.26099E+02 1.7E+00
    71  3.55000E-03  3.57500E-03  2.19488E+02 1.7E+00
    72  3.60000E-03  3.62500E-03  2.11506E+02 1.7E+00
    73  3.65000E-03  3.67500E-03  2.06965E+02 1.7E+00
    74  3.70000E-03  3.72500E-03  2.00759E+02 1.6E+00
    75  3.75000E-03  3.77500E-03  1.95469E+02 1.6E+00
    76  3.80000E-03  3.82500E-03  1.88524E+02 1.6E+00
    77  3.85000E-03  3.87500E-03  1.82804E+02 1.5E+00
    78  3.90000E-03  3.92500E-03  1.80014E+02 1.5E+00
    79  3.95000E-03  3.97500E-03  1.72799E+02 1.5E+00
    80  4.00000E-03  4.02500E-03  1.68841E+02 1.5E+00
    81  4.05000E-03  4.07500E-03  1.64897E+02 1.5E+00
    82  4.10000E-03  4.12500E-03  1.60283E+02 1.4E+00
    83  4.15000E-03  4.17500E-03  1.56015E+02 1.4E+00
    84  4.20000E-03  4.22500E-03  1.50759E+02 1.4E+00
    85  4.25000E-03  4.27500E-03  1.48371E+02 1.4E+00
    86  4.30000E-03  4.32500E-03  1.43334E+02 1.4E+00
    87  4.35000E-03  4.37500E-03  1.39783E+02 1.3E+00
    88  4.40000E-03  4.42500E-03  1.35811E+02 1.3E+00
    89  4.45000E-03  4.47500E-03  1.31767E+02 1.3E+00
    90  4.50000E-03  4.52500E-03  1.27910E+02 1.3E+00
    91  4.55000E-03  4.57500E-03  1.26082E+02 1.3E+00
    92  4.60000E-03  4.62500E-03  1.21804E+02 1.2E+00
    93  4.65000E-03  4.67500E-03  1.18564E+02 1.2E+00
    94  4.70000E-03  4.72500E-03  1.14752E+02 1.2E+00
    95  4.75000E-03  4.77500E-03  1.11873E+02 1.2E+00
    96  4.80000E-03  4.82500E-03  1.09597E+02 1.2E+00
    97  4.85000E-03  4.87500E-03  1.06603E+02 1.2E+00
    98  4.90000E-03  4.92500E-03  1.03386E+02 1.2E+00
    99  4.95000E-03  4.97500E-03  8.99824E+01 1.1E+00
