61.486e3	0.012
61.486e3	0
63.0e3	 	0.0205
63.0e3	 	0
65.122e3	0.0263
65.122e3	0
66.831e3	0.0446
66.831e3	0
71.079e3	0.00241
71.079e3	0
71.414e3	0.00466
71.414e3	0
73.363e3	0.00163
73.363e3	0
75.368e3	0.00533
75.368e3	0
75.749e3	0.01025
75.749e3	0
77.831e3     	0.00365
77.831e3	0
110.4e3	 	0.000122
110.4e3	 	0
136.3426e3   	0.002
136.3426e3   	0
176.98e3	0.000043
176.98e3	0
201.3112e3   	0.00473
201.3112e3   	0
205.7943e3   	0.0334
205.7943e3   	0
280.27e3	0.00009
280.27e3	0
283.2668e3   	0.00266
283.2668e3   	0
295.9565e3   	0.2872
295.9565e3   	0
308.45507e3  	0.2968
308.45507e3  	0
316.50618e3  	0.8271
316.50618e3  	0
329.17e3	0.000174
329.17e3	0
374.4852e3   	0.00726
374.4852e3   	0
416.4688e3   	0.00669
416.4688e3   	0
420.52e3	0.00069
420.52e3	0
468.0688e3   	0.4781
468.0688e3   	0
484.5751e3   	0.03187
484.5751e3   	0
485.3e3	 	0.000023
485.3e3	 	0
489.06e3	0.00438
489.06e3	0
588.581e3    	0.04517
588.581e3    	0
593.49e3	0.000421
593.49e3	0
599.41e3	0.000039
599.41e3	0
604.41105e3  	0.082
604.41105e3  	0
612.4621e3   	0.0534
612.4621e3   	0
703.87e3	0.000053
703.87e3     	0
765.8e3      	0.000013
765.8e3	 	0
884.5365e3   	0.00291
884.5365e3   	0
1061.48e3    	0.00053
1061.48e3    	0
1089.9e3	0.000012
1089.9e3     	0
1378.2e3	0.000012
1378.2e3	-1.
