#------------------------------------------------------------
# PenRed: Energy spectrum report
# detector number:  1
# Units are 1/(eV*history)
#
# Linear scale
# Energy     min    ,    max    , number of bins
#        0.00000e+00 7.00000e+06    120
#
#             |      Total spectrum     |            electron     |               gamma     |            positron     |
#             |                         |                         |                         |                         |
# Energy (eV) |     prob    : +-2sigma  |     prob    : +-2sigma  |     prob    : +-2sigma  |     prob    : +-2sigma  |
  2.91667E+04   2.60080E-10   8.797E-12   0.00000E+00   0.000E+00   2.60080E-10   8.797E-12   0.00000E+00   0.000E+00 
  8.75000E+04   6.97319E-10   1.449E-11   2.30012E-11   2.547E-12   6.73483E-10   1.425E-11   8.34783E-13   6.081E-13 
  1.45833E+05   4.49158E-10   1.198E-11   1.01188E-10   5.621E-12   3.46017E-10   1.055E-11   1.95280E-12   7.199E-13 
  2.04167E+05   2.20824E-09   3.203E-11   1.04094E-10   5.758E-12   2.10170E-09   3.149E-11   2.44472E-12   7.495E-13 
  2.62500E+05   4.53588E-09   5.351E-11   1.01426E-10   5.829E-12   4.43146E-09   5.317E-11   2.99627E-12   9.048E-13 
  3.20833E+05   5.71410E-09   6.734E-11   9.57168E-11   5.814E-12   5.61521E-09   6.707E-11   3.17516E-12   9.126E-13 
  3.79167E+05   6.24877E-09   7.521E-11   8.63702E-11   5.580E-12   6.15915E-09   7.499E-11   3.24969E-12   9.559E-13 
  4.37500E+05   6.31659E-09   7.909E-11   7.63528E-11   5.292E-12   6.23617E-09   7.890E-11   4.06957E-12   1.097E-12 
  4.95833E+05   7.54839E-09   8.174E-11   6.46062E-11   4.849E-12   7.48035E-09   8.159E-11   3.42857E-12   1.041E-12 
  5.54167E+05   5.65146E-09   7.888E-11   5.92248E-11   4.704E-12   5.58672E-09   7.872E-11   5.51553E-12   1.446E-12 
  6.12500E+05   5.34480E-09   7.829E-11   5.33068E-11   4.493E-12   5.28674E-09   7.814E-11   4.75528E-12   1.314E-12 
  6.70833E+05   4.90316E-09   7.545E-11   4.73590E-11   4.255E-12   4.85174E-09   7.533E-11   4.05466E-12   1.099E-12 
  7.29167E+05   4.62109E-09   7.427E-11   4.34683E-11   4.057E-12   4.57309E-09   7.414E-11   4.53168E-12   1.368E-12 
  7.87500E+05   4.29630E-09   7.215E-11   4.02932E-11   4.013E-12   4.25214E-09   7.202E-11   3.86087E-12   1.196E-12 
  8.45833E+05   3.98109E-09   6.998E-11   3.60894E-11   3.710E-12   3.94087E-09   6.986E-11   4.12919E-12   1.235E-12 
  9.04167E+05   3.82128E-09   6.938E-11   3.23478E-11   3.536E-12   3.78492E-09   6.927E-11   4.00994E-12   1.232E-12 
  9.62500E+05   3.45624E-09   6.551E-11   3.07528E-11   3.544E-12   3.42016E-09   6.540E-11   5.32174E-12   1.548E-12 
  1.02083E+06   3.25365E-09   6.428E-11   2.77118E-11   3.334E-12   3.22257E-09   6.419E-11   3.36894E-12   1.149E-12 
  1.07917E+06   3.05247E-09   6.246E-11   2.53416E-11   3.150E-12   3.02346E-09   6.236E-11   3.66708E-12   1.257E-12 
  1.13750E+06   2.90358E-09   6.137E-11   2.66087E-11   3.404E-12   2.87228E-09   6.126E-11   4.69565E-12   1.456E-12 
  1.19583E+06   2.63639E-09   5.839E-11   2.04969E-11   2.875E-12   2.61277E-09   5.830E-11   3.13043E-12   1.178E-12 
  1.25417E+06   2.54886E-09   5.725E-11   2.10186E-11   2.950E-12   2.52495E-09   5.716E-11   2.89193E-12   1.101E-12 
  1.31250E+06   2.41260E-09   5.653E-11   1.97814E-11   2.881E-12   2.39092E-09   5.645E-11   1.89317E-12   8.203E-13 
  1.37083E+06   2.27074E-09   5.544E-11   1.92596E-11   2.903E-12   2.24917E-09   5.535E-11   2.31056E-12   9.693E-13 
  1.42917E+06   2.09250E-09   5.269E-11   1.68894E-11   2.707E-12   2.07244E-09   5.260E-11   3.17516E-12   1.245E-12 
  1.48750E+06   1.98514E-09   5.146E-11   1.65168E-11   2.688E-12   1.96706E-09   5.139E-11   1.56522E-12   7.572E-13 
  1.54583E+06   1.92297E-09   5.135E-11   1.62484E-11   2.670E-12   1.90475E-09   5.127E-11   1.96770E-12   9.160E-13 
  1.60417E+06   1.82844E-09   5.005E-11   1.33267E-11   2.399E-12   1.81357E-09   4.999E-11   1.55031E-12   8.077E-13 
  1.66250E+06   1.75181E-09   4.932E-11   1.38783E-11   2.488E-12   1.73565E-09   4.924E-11   2.28075E-12   1.047E-12 
  1.72083E+06   1.62887E-09   4.715E-11   1.42957E-11   2.556E-12   1.61232E-09   4.706E-11   2.25093E-12   1.084E-12 
  1.77917E+06   1.51513E-09   4.539E-11   1.54435E-11   2.735E-12   1.49785E-09   4.529E-11   1.83354E-12   8.656E-13 
  1.83750E+06   1.50796E-09   4.592E-11   1.12696E-11   2.270E-12   1.49516E-09   4.586E-11   1.53540E-12   8.553E-13 
  1.89583E+06   1.40953E-09   4.430E-11   1.00174E-11   2.163E-12   1.39798E-09   4.424E-11   1.53540E-12   8.553E-13 
  1.95417E+06   1.31140E-09   4.276E-11   1.09565E-11   2.336E-12   1.29868E-09   4.269E-11   1.75901E-12   9.512E-13 
  2.01250E+06   1.27919E-09   4.206E-11   1.16124E-11   2.427E-12   1.26546E-09   4.197E-11   2.11677E-12   1.042E-12 
  2.07083E+06   1.24000E-09   4.232E-11   8.85466E-12   2.071E-12   1.22917E-09   4.225E-11   1.96770E-12   1.038E-12 
  2.12917E+06   1.15191E-09   4.011E-11   9.67453E-12   2.213E-12   1.14110E-09   4.005E-11   1.13292E-12   7.400E-13 
  2.18750E+06   1.10653E-09   3.959E-11   7.48323E-12   1.867E-12   1.09741E-09   3.953E-11   1.63975E-12   9.475E-13 
  2.24583E+06   1.05430E-09   3.871E-11   8.34783E-12   2.044E-12   1.04430E-09   3.864E-11   1.65466E-12   9.480E-13 
  2.30417E+06   1.01838E-09   3.828E-11   6.54410E-12   1.764E-12   1.01112E-09   3.824E-11   7.15528E-13   6.022E-13 
  2.36250E+06   9.74281E-10   3.723E-11   6.08199E-12   1.733E-12   9.67468E-10   3.719E-11   7.30435E-13   6.029E-13 
  2.42083E+06   9.44035E-10   3.659E-11   6.64845E-12   1.854E-12   9.35911E-10   3.653E-11   1.47578E-12   8.989E-13 
  2.47917E+06   9.09138E-10   3.638E-11   5.32174E-12   1.672E-12   9.02057E-10   3.633E-11   1.75901E-12   9.924E-13 
  2.53750E+06   8.94216E-10   3.592E-11   6.02236E-12   1.777E-12   8.87478E-10   3.587E-11   7.15528E-13   6.022E-13 
  2.59583E+06   8.58276E-10   3.562E-11   4.44224E-12   1.478E-12   8.52924E-10   3.558E-11   9.09317E-13   7.309E-13 
  2.65417E+06   7.71771E-10   3.292E-11   4.78509E-12   1.564E-12   7.66599E-10   3.288E-11   3.87578E-13   4.279E-13 
  2.71250E+06   7.66897E-10   3.360E-11   5.57516E-12   1.677E-12   7.60979E-10   3.356E-11   3.42857E-13   4.248E-13 
  2.77083E+06   7.56611E-10   3.341E-11   4.84472E-12   1.615E-12   7.51140E-10   3.337E-11   6.26087E-13   5.978E-13 
  2.82917E+06   6.95255E-10   3.182E-11   5.38137E-12   1.697E-12   6.89680E-10   3.177E-11   1.93789E-13   3.026E-13 
  2.88750E+06   6.83150E-10   3.196E-11   4.14410E-12   1.499E-12   6.78663E-10   3.192E-11   3.42857E-13   4.248E-13 
  2.94583E+06   6.55066E-10   3.124E-11   3.59255E-12   1.376E-12   6.50415E-10   3.120E-11   1.05839E-12   7.894E-13 
  3.00417E+06   6.31766E-10   3.066E-11   4.50186E-12   1.558E-12   6.26952E-10   3.061E-11   3.13043E-13   4.227E-13 
  3.06250E+06   5.84139E-10   2.913E-11   4.20373E-12   1.527E-12   5.79473E-10   2.909E-11   4.62112E-13   5.172E-13 
  3.12083E+06   6.03235E-10   3.010E-11   2.71304E-12   1.201E-12   6.00075E-10   3.007E-11   4.47205E-13   5.164E-13 
  3.17917E+06   5.49496E-10   2.884E-11   2.51925E-12   1.155E-12   5.46812E-10   2.882E-11   1.63975E-13   2.996E-13 
  3.23750E+06   5.34499E-10   2.817E-11   2.57888E-12   1.197E-12   5.31906E-10   2.815E-11   1.49068E-14   2.981E-14 
  3.29583E+06   5.23289E-10   2.800E-11   2.71304E-12   1.234E-12   5.20129E-10   2.796E-11   4.47205E-13   5.164E-13 
  3.35417E+06   5.06758E-10   2.745E-11   3.77143E-12   1.465E-12   5.02688E-10   2.741E-11   2.98137E-13   4.216E-13 
  3.41250E+06   4.69178E-10   2.620E-11   2.56398E-12   1.197E-12   4.66465E-10   2.616E-11   1.49068E-13   2.981E-13 
  3.47083E+06   4.80656E-10   2.702E-11   2.13168E-12   1.080E-12   4.78375E-10   2.700E-11   1.49068E-13   2.981E-13 
  3.52917E+06   4.57416E-10   2.615E-11   1.93789E-12   1.037E-12   4.55448E-10   2.613E-11   2.98137E-14   4.216E-14 
  3.58750E+06   4.37337E-10   2.559E-11   1.84845E-12   1.034E-12   4.35041E-10   2.556E-11   4.47205E-13   5.164E-13 
  3.64583E+06   4.34072E-10   2.602E-11   1.29689E-12   8.469E-13   4.32760E-10   2.600E-11   1.49068E-14   2.981E-14 
  3.70417E+06   4.04363E-10   2.468E-11   1.28199E-12   8.464E-13   4.02783E-10   2.466E-11   2.98137E-13   4.216E-13 
  3.76250E+06   4.13888E-10   2.460E-11   1.69938E-12   9.906E-13   4.12189E-10   2.458E-11   0.00000E+00   0.000E+00 
  3.82083E+06   3.85684E-10   2.411E-11   1.53540E-12   9.442E-13   3.84000E-10   2.409E-11   1.49068E-13   2.981E-13 
  3.87917E+06   3.85267E-10   2.418E-11   1.86335E-12   1.035E-12   3.83255E-10   2.415E-11   1.49068E-13   2.981E-13 
  3.93750E+06   3.73729E-10   2.380E-11   7.60248E-13   6.673E-13   3.72969E-10   2.379E-11   0.00000E+00   0.000E+00 
  3.99583E+06   3.37535E-10   2.277E-11   1.68447E-12   9.902E-13   3.35851E-10   2.275E-11   0.00000E+00   0.000E+00 
  4.05417E+06   3.53471E-10   2.363E-11   1.37143E-12   8.954E-13   3.52099E-10   2.361E-11   0.00000E+00   0.000E+00 
  4.11250E+06   3.47896E-10   2.344E-11   6.85714E-13   6.007E-13   3.47061E-10   2.343E-11   1.49068E-13   2.981E-13 
  4.17083E+06   3.01282E-10   2.134E-11   1.35652E-12   8.949E-13   2.99925E-10   2.132E-11   0.00000E+00   0.000E+00 
  4.22917E+06   2.86256E-10   2.065E-11   1.07329E-12   7.899E-13   2.85183E-10   2.063E-11   0.00000E+00   0.000E+00 
  4.28750E+06   2.92338E-10   2.091E-11   7.60248E-13   6.673E-13   2.91578E-10   2.090E-11   0.00000E+00   0.000E+00 
  4.34583E+06   2.88000E-10   2.114E-11   8.94410E-13   7.303E-13   2.87106E-10   2.112E-11   0.00000E+00   0.000E+00 
  4.40417E+06   2.69366E-10   2.016E-11   5.96273E-13   5.963E-13   2.68770E-10   2.015E-11   0.00000E+00   0.000E+00 
  4.46250E+06   2.74480E-10   2.067E-11   3.42857E-13   4.248E-13   2.74137E-10   2.067E-11   0.00000E+00   0.000E+00 
  4.52083E+06   2.37615E-10   1.904E-11   2.98137E-13   4.216E-13   2.37317E-10   1.903E-11   0.00000E+00   0.000E+00 
  4.57917E+06   2.62673E-10   2.017E-11   7.60248E-13   6.673E-13   2.61913E-10   2.016E-11   0.00000E+00   0.000E+00 
  4.63750E+06   2.37615E-10   1.939E-11   2.98137E-13   4.216E-13   2.37317E-10   1.939E-11   0.00000E+00   0.000E+00 
  4.69583E+06   2.37332E-10   1.910E-11   1.49068E-14   2.981E-14   2.37317E-10   1.910E-11   0.00000E+00   0.000E+00 
  4.75417E+06   2.43429E-10   1.953E-11   4.47205E-13   5.164E-13   2.42981E-10   1.952E-11   0.00000E+00   0.000E+00 
  4.81250E+06   2.13317E-10   1.794E-11   1.49068E-13   2.981E-13   2.13168E-10   1.794E-11   0.00000E+00   0.000E+00 
  4.87083E+06   2.08845E-10   1.799E-11   1.49068E-13   2.981E-13   2.08696E-10   1.799E-11   0.00000E+00   0.000E+00 
  4.92917E+06   1.91106E-10   1.746E-11   1.49068E-13   2.981E-13   1.90957E-10   1.746E-11   0.00000E+00   0.000E+00 
  4.98750E+06   1.86037E-10   1.692E-11   1.49068E-13   2.981E-13   1.85888E-10   1.691E-11   0.00000E+00   0.000E+00 
  5.04583E+06   1.83652E-10   1.695E-11   1.49068E-13   2.981E-13   1.83503E-10   1.694E-11   0.00000E+00   0.000E+00 
  5.10417E+06   1.67702E-10   1.622E-11   1.49068E-13   2.981E-13   1.67553E-10   1.621E-11   0.00000E+00   0.000E+00 
  5.16250E+06   1.63677E-10   1.603E-11   1.49068E-13   2.981E-13   1.63528E-10   1.602E-11   0.00000E+00   0.000E+00 
  5.22083E+06   1.44745E-10   1.476E-11   0.00000E+00   0.000E+00   1.44745E-10   1.476E-11   0.00000E+00   0.000E+00 
  5.27917E+06   1.42807E-10   1.512E-11   0.00000E+00   0.000E+00   1.42807E-10   1.512E-11   0.00000E+00   0.000E+00 
  5.33750E+06   1.29839E-10   1.434E-11   0.00000E+00   0.000E+00   1.29839E-10   1.434E-11   0.00000E+00   0.000E+00 
  5.39583E+06   1.43404E-10   1.504E-11   1.49068E-13   2.981E-13   1.43255E-10   1.504E-11   0.00000E+00   0.000E+00 
  5.45417E+06   1.15826E-10   1.346E-11   0.00000E+00   0.000E+00   1.15826E-10   1.346E-11   0.00000E+00   0.000E+00 
  5.51250E+06   9.92795E-11   1.228E-11   0.00000E+00   0.000E+00   9.92795E-11   1.228E-11   0.00000E+00   0.000E+00 
  5.57083E+06   1.05689E-10   1.283E-11   0.00000E+00   0.000E+00   1.05689E-10   1.283E-11   0.00000E+00   0.000E+00 
  5.62917E+06   9.76398E-11   1.279E-11   0.00000E+00   0.000E+00   9.76398E-11   1.279E-11   0.00000E+00   0.000E+00 
  5.68750E+06   9.15280E-11   1.212E-11   0.00000E+00   0.000E+00   9.15280E-11   1.212E-11   0.00000E+00   0.000E+00 
  5.74583E+06   6.81242E-11   1.038E-11   0.00000E+00   0.000E+00   6.81242E-11   1.038E-11   0.00000E+00   0.000E+00 
  5.80417E+06   6.23106E-11   9.950E-12   0.00000E+00   0.000E+00   6.23106E-11   9.950E-12   0.00000E+00   0.000E+00 
  5.86250E+06   5.47081E-11   9.423E-12   0.00000E+00   0.000E+00   5.47081E-11   9.423E-12   0.00000E+00   0.000E+00 
  5.92083E+06   4.17391E-11   8.733E-12   0.00000E+00   0.000E+00   4.17391E-11   8.733E-12   0.00000E+00   0.000E+00 
  5.97917E+06   1.62484E-11   5.538E-12   0.00000E+00   0.000E+00   1.62484E-11   5.538E-12   0.00000E+00   0.000E+00 
  6.03750E+06   0.00000E+00   0.000E+00   0.00000E+00   0.000E+00   0.00000E+00   0.000E+00   0.00000E+00   0.000E+00 
  6.09583E+06   0.00000E+00   0.000E+00   0.00000E+00   0.000E+00   0.00000E+00   0.000E+00   0.00000E+00   0.000E+00 
  6.15417E+06   0.00000E+00   0.000E+00   0.00000E+00   0.000E+00   0.00000E+00   0.000E+00   0.00000E+00   0.000E+00 
  6.21250E+06   0.00000E+00   0.000E+00   0.00000E+00   0.000E+00   0.00000E+00   0.000E+00   0.00000E+00   0.000E+00 
  6.27083E+06   0.00000E+00   0.000E+00   0.00000E+00   0.000E+00   0.00000E+00   0.000E+00   0.00000E+00   0.000E+00 
  6.32917E+06   0.00000E+00   0.000E+00   0.00000E+00   0.000E+00   0.00000E+00   0.000E+00   0.00000E+00   0.000E+00 
  6.38750E+06   0.00000E+00   0.000E+00   0.00000E+00   0.000E+00   0.00000E+00   0.000E+00   0.00000E+00   0.000E+00 
  6.44583E+06   0.00000E+00   0.000E+00   0.00000E+00   0.000E+00   0.00000E+00   0.000E+00   0.00000E+00   0.000E+00 
  6.50417E+06   0.00000E+00   0.000E+00   0.00000E+00   0.000E+00   0.00000E+00   0.000E+00   0.00000E+00   0.000E+00 
  6.56250E+06   0.00000E+00   0.000E+00   0.00000E+00   0.000E+00   0.00000E+00   0.000E+00   0.00000E+00   0.000E+00 
  6.62083E+06   0.00000E+00   0.000E+00   0.00000E+00   0.000E+00   0.00000E+00   0.000E+00   0.00000E+00   0.000E+00 
  6.67917E+06   0.00000E+00   0.000E+00   0.00000E+00   0.000E+00   0.00000E+00   0.000E+00   0.00000E+00   0.000E+00 
  6.73750E+06   0.00000E+00   0.000E+00   0.00000E+00   0.000E+00   0.00000E+00   0.000E+00   0.00000E+00   0.000E+00 
  6.79583E+06   0.00000E+00   0.000E+00   0.00000E+00   0.000E+00   0.00000E+00   0.000E+00   0.00000E+00   0.000E+00 
  6.85417E+06   0.00000E+00   0.000E+00   0.00000E+00   0.000E+00   0.00000E+00   0.000E+00   0.00000E+00   0.000E+00 
  6.91250E+06   0.00000E+00   0.000E+00   0.00000E+00   0.000E+00   0.00000E+00   0.000E+00   0.00000E+00   0.000E+00 
  6.97083E+06   0.00000E+00   0.000E+00   0.00000E+00   0.000E+00   0.00000E+00   0.000E+00   0.00000E+00   0.000E+00 
